          98
Energy of minimum      1=    -543.6653608     first found at step     8892 after              1187522 function calls
LA         0.0827054866       -2.1078553305       -1.5221111268
LA         1.9290498287       -0.9760280275       -1.4466691895
LA         2.1017474742       -0.4526325212        1.4644102093
LA        -1.3364920654        2.1374367689        0.6417702976
LA        -1.4449390683        1.8087658753       -1.1862683391
LA         0.5523091640       -0.4404254865        2.5035366010
LA        -1.6549618305        0.7589344152        1.8579114983
LA         0.2708648191       -1.2934014936       -2.2406386740
LA         2.4193379562        0.9220660553        0.2516234372
LA        -0.3567945074        2.3249485782        1.1108678984
LA        -2.0809986422       -0.9444353158        1.2426594607
LA        -1.4624576578       -2.0956816915       -0.4858513557
LA        -1.3537109430       -1.7661014841        1.3472448031
LA         0.2998994779       -1.4496037411        2.1390242918
LA         1.8493375561       -1.4618107864        1.0998979443
LA         1.1883691632        2.3127750409        0.0746084237
LA         1.1241187521        2.1180507632       -1.0084314158
LA         2.3550875110        0.7273414119       -0.8314163606
LA        -0.5294918826        1.8015536624       -1.8002106613
LA        -2.1897453402       -1.2740155056       -0.5904367151
LA        -0.9567077778        0.0934713119       -2.4171654470
LA        -1.8721550661        0.1006836858       -1.8032230156
LA        -0.6752643039        0.9464463909        2.3270094503
LA         1.7408906793       -1.7904817962       -0.7281416029
LA         1.3206749215        0.1568470907        1.9674118497
LA        -1.9803086885        0.8543266526       -0.9939794110
LA        -1.8705936525        1.1868417476        0.8554404138
LA        -0.1588126277        0.8399761226       -2.2155610597
LA         0.7087312515       -2.1836641918       -0.6072913231
LA         1.0831180223       -0.5631179593       -2.0369697678
LA         0.8184465451       -1.8511489042        1.2421292137
LA         1.6419800648        1.5476245421        0.7404399975
LA        -0.8545049005       -2.1713483543        0.4410889509
LA         1.5141388664        1.1601750310       -1.4145207527
LA         0.0787435619        1.5599403400        1.7888200429
LA        -2.3016138462       -0.5364515035        0.2329919842
LA         2.2352308229       -1.1934172335        0.0819664209
LA         0.0890658733        2.5315340024        0.1030661491
LA        -1.7279715980       -0.9866884226       -1.5709166751
LA        -0.7853477974       -1.1696198717        2.1077091352
LA         0.0245205947        2.3359159973       -0.9849437955
LA        -0.8083232580       -0.9939338524       -2.1876763756
LA        -0.5317796527       -0.1558103659        2.4738942093
LA         2.4242537364       -0.3752258947       -0.6398586698
LA        -0.9973463472       -1.8121255411       -1.4658516826
LA        -1.5159733009       -0.3441829684        2.0026439104
LA         2.4887990791       -0.1796076455        0.4481514368
LA        -0.8951278035        2.3431615010       -0.3681841256
LA        -1.9834049269        0.4850799567        0.0304491231
LA         0.9804646751        1.0523582599        1.4496054230
LA         0.7860886371        0.4632606603       -1.8269043266
LA         0.2168515771       -2.0006987494        0.3468496793
LA         1.5940291516        0.0461196545       -1.2314862818
LA        -1.7436848636        0.0724155458        1.0069424863
LA         0.5349701783        1.7804603472        0.7767764043
LA        -1.8486650742       -0.2457496729       -0.7626651139
LA         1.2154400560       -1.5926148554        0.2142380978
LA        -0.3853146795       -1.8989960051       -0.5522330024
LA        -0.0067253948       -0.2602613153       -1.9979572462
LA         0.2275308911        0.4497022591        1.9507977417
LA         1.7233052907        0.4379179289        0.9476608713
LA        -0.2803341613       -1.5808306171        1.2173750438
LA         0.4056942542        1.3886623819       -1.4023704431
LA        -1.4362453517        1.4031740100       -0.1670784119
LA        -1.0632117687        0.8421225821       -1.5952443782
LA         1.0632117195       -0.8421221041        1.5952444442
LA         0.8906063235       -1.3652385479       -1.3142822901
LA        -0.8906067433        1.3652383943        1.3142819806
LA         1.5686921165        1.3458628936       -0.3350397116
LA        -1.5686918605       -1.3458630346        0.3350397440
LA        -0.9237767366       -0.2553829392       -1.3744403727
LA         1.4009907832       -0.7685232140       -0.5042493515
LA         1.4650558934       -0.5743605056        0.5756663168
LA        -0.5116602674        1.3923284747       -0.7792915328
LA        -0.7548086065        0.2567109734        1.4737821204
LA        -0.0296187074       -0.5625848801        1.5780656506
LA         1.6526727082        0.2377438440       -0.1407884604
LA        -1.1113934610       -1.0674875447       -0.6579856866
LA         0.4652114257        1.5792995538       -0.3115471875
LA        -0.4475951780        1.5864910875        0.3006240045
LA        -1.0064902700       -0.7495561400        1.1103213038
LA        -0.1985870378       -1.0746790763       -1.2701569345
LA        -1.2285825744       -0.3314786343        0.1324825145
LA        -0.0014368745        0.8465879531        0.9592349878
LA        -0.9808154499        0.6591370020        0.4902901369
LA         0.7124733945        0.0400353959        1.0618965028
LA        -1.0438839678        0.4679944814       -0.5728284865
LA        -0.1287349038        0.4607845072       -1.1865708136
LA         0.4601456946       -0.9688143063        0.6975027824
LA         0.8971720164        0.8395082992        0.3565854809
LA        -0.5015316737       -1.1528773260        0.2370336921
LA         0.5851752686       -0.3457682431       -1.0839093664
LA         0.3970770470       -1.1599569759       -0.3656158711
LA         0.8329425445        0.6448473575       -0.7261016929
LA         0.6463154827       -0.1580689888       -0.0099221898
LA        -0.2561560272       -0.1509588950        0.5953178208
LA        -0.3194957498       -0.3429231131       -0.4723706919
LA        -0.0706634695        0.6519507819       -0.1130249977
          98
Energy of minimum      2=    -543.1896663     first found at step     4692 after               641193 function calls
LA         0.0083424140       -0.1964076379        2.6701485725
LA         1.9393655561        0.2931919113        1.8282716547
LA         1.1719837222       -2.3980546582        0.5793210856
LA         1.8001552180       -1.4874594356       -1.3871113099
LA         1.4146491445        2.1099113379        1.4560689092
LA        -2.6627775027       -0.4333273435       -1.0353072810
LA        -1.6993869186        0.9641814322        1.8384630025
LA        -0.7650494908        2.3130861223       -1.0645364441
LA        -0.9957593878       -0.2481280472       -2.5049318789
LA         2.0760486265        1.6695887139       -0.6288650845
LA        -2.0124336050       -1.7224971561        0.6654982751
LA        -1.6891760451       -1.2534609567        1.6313055174
LA         1.3445577398        1.7341317525       -1.4766934401
LA        -0.3539474899        0.6726178477       -2.5138819222
LA         2.4407620686       -0.5067896579        0.5626381442
LA        -0.3329276418       -2.2357949519       -1.1216155817
LA         2.4448882063        1.0397995898        0.2269531338
LA        -1.7081355437       -1.9766279766       -0.3879065012
LA        -1.1935167312       -1.2307145050       -1.9917163562
LA         2.1028417261        1.2531431528        1.2730012089
LA        -2.0227114074       -1.3214101397       -1.2423357234
LA         1.2424334892        1.1525999938        2.0041111460
LA        -0.8477263835       -0.7295489093        2.1670914189
LA         0.4984266590        1.2135174471       -2.0106553268
LA         0.7368087301       -0.7003035365        2.0109662422
LA         1.4958310356       -1.9566040006       -0.4073945863
LA         1.7466326739        1.8913978287        0.4139281393
LA        -1.8309969217       -0.3413297089       -1.7712472364
LA        -2.3398908837       -1.0788393348       -0.1856328357
LA         1.8236423791       -1.4692803762        0.5741110810
LA        -0.8464210250        0.3840896699        2.2554268726
LA         2.1402098608       -1.0086359456       -0.4168911315
LA         0.4249919497       -2.3393693798       -0.2735041149
LA         0.7421680636       -1.8800490205       -1.2658441269
LA        -1.6950595437       -0.1445689487        1.7361005416
LA         0.2894312540        2.0246042006       -1.2719771274
LA        -0.5592342932        1.4943057162       -1.7903867968
LA         0.9594723311       -1.5644858419        1.3127202491
LA         0.3761603092        1.7322583916        1.5913516336
LA         0.1038260990       -2.0989664936        0.7914219062
LA         0.9341236625       -0.8960767575       -1.8048210930
LA         1.7885502193       -0.3622122306       -1.2836850741
LA        -0.6612125202        1.3501705779        1.7186118532
LA         0.6881528821        2.1856282947        0.6164291535
LA        -2.3497310683        0.0339003874       -0.0753718813
LA        -2.0359435231        0.4865601987       -1.0490944420
LA        -2.0290715552        0.4993268534        0.8820408242
LA        -0.0375539816        2.2533642587       -0.2235796010
LA        -1.4036430347        1.4013440905       -1.0590776959
LA        -1.3910808934        1.4193632700        0.8720786372
LA        -1.0798987917        1.8684484660       -0.0949379479
LA        -0.9536632393       -1.7603797398        0.9805162637
LA         1.7414725498        0.7556831146       -1.1507618019
LA         0.0578952279       -0.2960538511       -2.1778950342
LA         0.1971568902        0.7739520819        2.1438004931
LA         1.5976595844       -0.6222818717        1.2952448877
LA         1.0207853346        1.9712401387       -0.4302854630
LA        -2.0306559710       -0.6119730240        0.7796500041
LA        -1.2037356107        0.5826386565       -1.7897451460
LA         2.1079815492        0.1250788436       -0.3045139643
LA        -0.6466506310       -2.0166880682       -0.0640920536
LA        -0.1324681950       -1.2731261689       -1.6681234097
LA        -0.3538583391        1.8128587129        0.7514299439
LA        -1.7253907807        0.9582836882       -0.0876376414
LA        -0.1155699195       -1.2444693759        1.5152997814
LA         0.9071005038        0.2382109551       -1.6849368619
LA         0.4148378104       -0.5299162048       -0.0908328861
LA         1.7606039971        0.3528852965        0.7467011950
LA        -0.9752964664       -1.3531340969       -0.9201261163
LA         0.9034473553        0.2553928140        1.4764835884
LA         0.7863714880       -1.4474901146        0.2393888951
LA         1.0952381694       -0.9995230302       -0.7285943667
LA         1.0700772527        1.2015911604        0.9248143459
LA        -1.6041539440       -0.4655862812       -0.7100720574
LA        -0.1317521684       -0.1248916259        1.5912374755
LA         1.4104429019       -0.5288420566        0.2252931484
LA         0.0574178726       -1.3718864789       -0.5960191372
LA        -0.9740268944        0.4513037655        1.1748726252
LA        -0.3600918125        1.3366275327       -0.7297320376
LA         1.4032588760        0.9858553312       -0.1065572324
LA        -0.7824106547       -0.3779601077       -1.4419781269
LA        -1.2865491122       -1.1085990868        0.1301206842
LA        -0.9696390172       -0.6478116505        1.0795404767
LA         0.6843985530        1.0529686959       -0.9400757352
LA        -0.1546999506        0.5287861509       -1.4521912260
LA         0.5725992714       -0.6245687128        0.9412418456
LA        -0.2526351724       -1.1399674606        0.4381163685
LA         1.0698227857        0.0966165762       -0.6161082685
LA         0.2458813332       -0.4180883408       -1.1191004814
LA         0.0469498870        0.8352342740        1.0608271385
LA         0.7418290014        0.3220471600        0.4133931105
LA        -0.5809185320       -0.5019704869       -0.3980756384
LA         0.3557662024        1.2825226220        0.0987381524
LA        -1.3024095388       -0.0046637489        0.2351193131
LA        -0.9924664193        0.4421499036       -0.7259127828
LA        -0.2708675164       -0.0473802315        0.5351391834
LA        -0.6741147338        0.9042624546        0.2253552730
LA         0.0338603848        0.3914733317       -0.4080133856
          98
Energy of minimum      3=    -543.1654807     first found at step     4707 after               643749 function calls
LA         1.0460647993        0.1647790346        2.5481240210
LA         1.1707693707       -2.4045174223        0.5515412131
LA         1.8046730334       -1.4618456712       -1.3966003707
LA         1.3880543457        2.0964161011        1.4884074733
LA        -2.6672076535       -0.4351963768       -1.0504354810
LA        -1.7182701711        0.9224790449        1.8497011954
LA        -0.7844860673        2.3194662179       -1.0337160957
LA        -2.0205204024       -1.7467912312        0.6316592579
LA         2.0599173985        1.6861621409       -0.5980008875
LA        -1.7004869471       -1.2920240019        1.6046602819
LA        -0.9948417564       -0.2219050837       -2.5103304007
LA        -0.3589596033        0.7021776757       -2.5043118205
LA         1.3302041177        1.7558272491       -1.4467260312
LA         2.4268254865       -0.5062135831        0.5744534009
LA        -0.3263087978       -2.2246480609       -1.1563082399
LA         1.9161488096        0.2777111705        1.8430235969
LA         2.4280134488        1.0463138886        0.2515081996
LA        -1.1896578793       -1.2123301939       -2.0125660711
LA        -1.7080037724       -1.9835576027       -0.4230618916
LA        -0.8639502780       -0.7747505774        2.1531141962
LA         2.0804466276        1.2439742634        1.2987365137
LA        -2.0215957453       -1.3170327284       -1.2681351810
LA        -0.8620846560        0.3404665757        2.2648319177
LA         0.4886961910        1.2394084454       -1.9906442747
LA         0.7063021920       -0.7356462804        2.0071651215
LA         1.4980453333       -1.9463902974       -0.4255190141
LA         1.2185015889        1.1319406706        2.0194761283
LA        -2.3454304023       -1.0916081219       -0.2098680549
LA         1.7255629242        1.8927541425        0.4458761611
LA        -1.8326806530       -0.3292456229       -1.7815124244
LA         1.8157085077       -1.4705893508        0.5676722736
LA        -1.7104138367       -0.1841195290        1.7292120239
LA         0.7481116486       -1.8613066885       -1.2883031954
LA         2.1356623280       -0.9952099073       -0.4159582480
LA         0.4285053004       -2.3371270698       -0.3059053166
LA        -0.5713614589        1.5122132547       -1.7700998373
LA         0.2725748432        2.0387903072       -1.2416758771
LA         0.9488014322       -1.5833897176        1.2960664152
LA         0.0991365670       -2.1168194307        0.7589720665
LA        -0.6837909579        1.3186194219        1.7368613923
LA         1.7865465204       -0.3392430141       -1.2783882286
LA         0.9366917603       -0.8690942762       -1.8109138180
LA         0.3513311030        1.7101920576        1.6156112245
LA         0.6637227313        2.1788209711        0.6482162819
LA        -2.0454210154        0.4873244095       -1.0483352762
LA        -2.3590244488        0.0190907665       -0.0818409015
LA        -2.0430737282        0.4713579375        0.8842419350
LA        -0.0596964541        2.2529157453       -0.1920923293
LA        -1.4181928303        1.4048943001       -1.0430224419
LA        -1.4107450460        1.3936747005        0.8895920663
LA        -1.0997394754        1.8588863443       -0.0708567751
LA        -0.9624634458       -1.7866606156        0.9469985297
LA         0.0581090583       -0.2683760261       -2.1801608228
LA         1.7324638353        0.7759543745       -1.1312020748
LA         0.1775324353        0.7446686707        2.1547412741
LA        -2.0407101619       -0.6379701330        0.7638406433
LA        -1.2106942649        0.5976260035       -1.7843852280
LA         1.0015244622        1.9788424624       -0.3991454338
LA         1.5783886397       -0.6328780390        1.3033579118
LA        -0.6470433342       -2.0245630096       -0.0981772353
LA        -0.1291806230       -1.2533504401       -1.6863452399
LA         2.0971665049        0.1350539892       -0.2900359509
LA        -0.1301090618       -1.2781517283        1.4911693717
LA        -0.3764358469        1.7966796105        0.7760815447
LA        -1.7400731667        0.9460256408       -0.0784308221
LA         0.9026555468        0.2625341163       -1.6762274331
LA         0.4068375014       -0.5307784360       -0.0950231424
LA         1.7449734405        0.3494413909        0.7602437992
LA        -0.9750152370       -1.3484819932       -0.9422838999
LA        -0.1431587026       -0.1532399177        1.6045226024
LA         0.7813202897       -1.4512686300        0.2236282593
LA         1.0933809480       -0.9872469493       -0.7353277934
LA         0.8856326607        0.2379878677        1.4707676141
LA         1.0498507864        1.1931602248        0.9427941549
LA        -1.6095949215       -0.4672638608       -0.7211854055
LA         1.3998573852       -0.5283602068        0.2294091518
LA        -0.9883537060        0.4235462413        1.1825270754
LA         0.0566999927       -1.3669029267       -0.6152832906
LA        -1.2934210256       -1.1215177605        0.1095235565
LA        -0.3755977025        1.3405140714       -0.7109684406
LA         1.3888872408        0.9919124401       -0.0878512043
LA        -0.7851847511       -0.3655407855       -1.4484516527
LA        -0.9799256333       -0.6738355191        1.0675172603
LA        -0.1626781980        0.5442532957       -1.4438418965
LA         0.6715123392        1.0646665642       -0.9214072542
LA         0.5583516490       -0.6402546951        0.9365815911
LA        -0.2606012874       -1.1535140803        0.4188121333
LA         1.0614540812        0.1061486893       -0.6091411894
LA         0.2420359417       -0.4048485857       -1.1223540987
LA         0.7278882246        0.3180243924        0.4169521190
LA         0.0290146477        0.8172492017        1.0733268745
LA        -0.5875736250       -0.5029633378       -0.4051009102
LA         0.3375039280        1.2802342664        0.1177452868
LA        -1.0031615860        0.4432781395       -0.7218390653
LA        -1.3121027734       -0.0190182591        0.2328834422
LA        -0.6896316371        0.8920262533        0.2380732080
LA        -0.2810159749       -0.0617043852        0.5398334809
LA         0.0216107547        0.3928074165       -0.4007572744
          98
Energy of minimum      4=    -543.0573658     first found at step     4600 after               630734 function calls
LA        -1.5628210303       -2.0889528827       -1.3368703760
LA         2.2288172741        0.2049810336        1.5530826987
LA         1.2774065465       -2.3986410328        0.2444415152
LA         1.5849232346       -1.3329457799       -1.7209841565
LA         1.6421302581        2.0358393934        1.4107224366
LA        -1.3675257660        0.8108276889        2.1944064849
LA        -2.7720495350       -0.3738306398       -0.5926797252
LA        -0.9109005093        2.3920639159       -0.7085072297
LA        -1.3908284920       -1.3852685891        1.8090037319
LA         1.9645670577        1.7625905240       -0.7799229967
LA         1.1076658251        1.8778445907       -1.4930937717
LA        -1.8598352497       -1.7834876903        0.8721603679
LA        -1.3586261124       -0.0593706052       -2.2865907506
LA        -0.7289991765        0.8694380365       -2.3257917920
LA         2.5209364417       -0.4926817667        0.1743596129
LA         2.4674247931        1.0764335575       -0.0449113239
LA        -0.4779007131       -0.8950402016        2.2483891583
LA         1.0587928916       -0.8162752594        1.8600077906
LA         2.2960444116        1.2066586748        1.0547982989
LA         1.5646719208        1.0373687667        1.9030117507
LA        -0.4572068455        0.2117044619        2.4287448400
LA        -0.4672122944       -2.1326830174       -1.1835499070
LA        -1.7223462613       -1.9477707354       -0.2328649132
LA        -1.4701551718       -1.0797330308       -1.8232174310
LA         0.1899212749        1.3852425072       -1.9242105875
LA         0.5559829842        0.6301945107        2.1805521729
LA         1.4406369361       -1.8789363948       -0.7440977264
LA        -2.1688749176       -1.2311780194       -0.9647233674
LA         1.8046813507        1.9010912641        0.3154558316
LA         1.9168011566       -1.4622996584        0.2091055854
LA        -1.3802248397       -0.2866902793        2.0038343529
LA         2.0717851944       -0.9236446548       -0.7819325523
LA         0.5618797812       -1.7494694446       -1.4668010506
LA         0.4066262115       -2.2873868705       -0.4753273862
LA         1.1785196088       -1.6261945518        1.0646870290
LA        -2.3173755836       -1.0793551119        0.1398398711
LA        -2.0664752460       -0.2170056648       -1.4405255344
LA         0.0978041578        2.1360521796       -1.1020341893
LA        -0.8198506176        1.6326256116       -1.5184885296
LA         0.6399573741        1.6310293981        1.6805819221
LA        -0.3629679664        1.2222012729        1.9422028601
LA         0.2520313016       -2.1356630057        0.6375854521
LA         1.5845552893       -0.2198129403       -1.5324543545
LA         0.6591901727       -0.7272623894       -1.9503307646
LA         0.7906567796        2.1624590501        0.7062199033
LA        -1.8444035337        0.4171812908        1.2679549547
LA        -2.3117232593        0.0221781661        0.3394337395
LA        -2.1575487077        0.5524295288       -0.6338578926
LA        -0.0594225930        2.2810060052       -0.0001029763
LA        -1.5376276927        1.4738652151       -0.6725766746
LA        -1.2180338177        1.3438298948        1.2292932556
LA        -1.0659510912        1.8701658842        0.2622420580
LA        -0.7648111272       -1.8294978157        1.0133836602
LA         1.5549830554        0.8839166495       -1.3092383303
LA        -0.2668809175       -0.1156915345       -2.1337846068
LA         1.8028683443       -0.6756321923        1.0202213271
LA         0.9532653569        2.0315937377       -0.3934600469
LA        -1.8612481738       -0.6837603241        1.0779265128
LA        -1.4531905770        0.7144248041       -1.4864925244
LA         2.0532479328        0.1969028832       -0.5815614127
LA         0.1459473909       -1.3452640775        1.4485397570
LA        -0.2148653448        1.7624912715        0.9765295170
LA        -1.6994927599        0.9534482280        0.3009357724
LA        -0.6259888889       -1.9990068346       -0.0838924967
LA        -0.3739429742       -1.1316886798       -1.6767862430
LA         0.6478213716        0.3943479626       -1.7422351852
LA         0.4181621153       -0.4971896032       -0.1530124479
LA         1.8772833206        0.3421373271        0.5235317264
LA         1.1488282715        0.1767466870        1.3681088664
LA         0.1448224138       -0.2324587044        1.6305281459
LA         0.8399782290       -1.4312698297        0.0433419618
LA         0.9910499388       -0.9068958543       -0.9241882078
LA        -1.0778086868       -1.2669859654       -0.8105018885
LA         1.2207224497        1.1644461582        0.8728634195
LA         1.4508004711       -0.5048687325        0.0020823122
LA        -0.7550961406        0.3617995440        1.3883620799
LA        -1.6741432094       -0.4145440359       -0.4403563622
LA        -0.0100801380       -1.3037754038       -0.6603329524
LA        -0.4545908154        1.3997372736       -0.5174113723
LA         1.3862307400        1.0310394510       -0.2110486464
LA        -0.7651614531       -0.7269620212        1.2043105221
LA        -1.2277175116       -1.1171806979        0.2837860756
LA        -0.9793173807       -0.2623932488       -1.2833928687
LA         0.5438432276        1.1484833956       -0.9118511228
LA         0.7351857970       -0.6672926251        0.8320021521
LA        -0.3635702569        0.6508154467       -1.3227820837
LA        -0.1581294163       -1.1577407812        0.4205569046
LA         0.9790004357        0.1764589004       -0.7267500586
LA         0.0868099715       -0.3127362899       -1.1305538197
LA         0.2338711403        0.7704279841        1.1430628702
LA         0.8183070253        0.3199734373        0.3549473250
LA        -0.6131625176       -0.4574169858       -0.2948348302
LA         0.3835875442        1.2951560433        0.1807244404
LA        -1.2274735214       -0.0241584630        0.4788000139
LA        -1.0756664784        0.4995812025       -0.4827819902
LA        -0.1594957368       -0.0754156811        0.6116161792
LA        -0.6111441316        0.8906038325        0.4400529881
LA        -0.0111615905        0.4395719557       -0.3346347474
          98
Energy of minimum      5=    -543.0227829     first found at step     4747 after               651919 function calls
LA         2.8763898067        0.2255908269        0.7998403863
LA         1.1016485956       -2.4755464664        0.3152298123
LA         1.5486104992       -1.4586391005       -1.6493934588
LA         1.6243708924        1.9572269210        1.4330153078
LA        -2.8022596321       -0.2787789418       -0.7378114653
LA        -1.4715733569        0.8880687396        2.0943323713
LA        -0.8087983083        2.3967347056       -0.8069784804
LA        -1.5821120050       -1.3095783987        1.7441821774
LA        -2.0256760729       -1.7013430926        0.7935315733
LA        -1.2986455319       -0.0535185104       -2.3691655846
LA        -0.6258502171        0.8437578617       -2.3926326826
LA         2.0352837266        1.6317505586       -0.7340539690
LA         1.2180700429        1.7731148419       -1.4883968332
LA        -0.5714305392       -2.1494316047       -1.1966222013
LA         2.1204274559        0.1054560699        1.6229554844
LA        -1.8470575294       -1.8939118765       -0.3002238681
LA        -1.4794914767       -1.0604680824       -1.9000018048
LA        -0.6663349828       -0.8559791870        2.2151751641
LA         0.8913258099       -0.8549765086        1.8946756820
LA        -2.2253803854       -1.1722013642       -1.0704907539
LA         1.4798093460        0.9709246704        1.9342351897
LA        -0.6014749118        0.2510538747        2.3786212946
LA         2.4343956693       -0.6404882593        0.2698754665
LA         2.4683552507        0.9349358420        0.0337498132
LA         0.2978872767        1.3196401568       -1.9553582829
LA         0.4407959063        0.6168454160        2.1715196541
LA         2.2507636280        1.0931313633        1.1181173319
LA         1.3336225874       -1.9810630629       -0.6725636069
LA        -2.4160468175       -0.9905926320        0.0276027591
LA        -1.5277789033       -0.2102168491        1.9209020185
LA        -2.0522698777       -0.1665783433       -1.5544251965
LA         0.4951904606       -1.8219302847       -1.4365472042
LA         0.2696607665       -2.3351089339       -0.4457204735
LA         1.7857313900       -1.5722357969        0.2953016022
LA         2.0112126352       -1.0580759537       -0.6956438617
LA         1.8308613373        1.7960894357        0.3491990312
LA        -0.7170475218        1.6216917448       -1.6008992871
LA         1.0068794102       -1.6829042177        1.1183358920
LA         0.2041539969        2.0864422596       -1.1491403423
LA         0.5936167386        1.6038138806        1.6622112799
LA        -0.4383679037        1.2472661452        1.8829471010
LA         0.0761729318       -2.1570071192        0.6606155598
LA         0.6681868583       -0.8107617038       -1.9302005462
LA         1.5962679274       -0.3431635853       -1.4736241988
LA         0.8131651504        2.1116375801        0.6878746301
LA        -2.1437741315        0.6179626992       -0.7634276449
LA        -2.3668932044        0.1122460136        0.2089338750
LA        -1.9240280345        0.5011352268        1.1524146528
LA         0.0029879671        2.2578900658       -0.0586801753
LA        -1.4796700306        1.5091838135       -0.7866800435
LA        -1.2534428936        1.3966797689        1.1293483769
LA        -1.0327465941        1.8988489875        0.1628668441
LA        -0.9410740765       -1.7962307603        0.9861127453
LA        -0.2181907148       -0.1578066503       -2.1652826459
LA         1.6103970775        0.7634468533       -1.2673254084
LA        -1.9844423553       -0.6001908167        0.9796088116
LA        -1.3940265309        0.7345267733       -1.5848333145
LA         1.0201801102        1.9543245654       -0.4004277708
LA         1.6792809154       -0.7617691328        1.0872513370
LA        -0.7591942338       -1.9918747523       -0.0994851422
LA        -0.3920195636       -1.1596546966       -1.7001202346
LA        -0.0273751478       -1.3478040246        1.4524133843
LA        -0.2212151854        1.7634957422        0.9172663290
LA        -1.7102474377        1.0133053758        0.1854563992
LA         2.0419336845        0.0666727554       -0.5052594389
LA         0.7013812900        0.3125307458       -1.7369687532
LA         0.3529445354       -0.5428357367       -0.1494317508
LA        -1.1511617071       -1.2608978174       -0.8692586302
LA         1.0475602121        0.1234269745        1.3935838369
LA         0.0144869612       -0.2345077907        1.6154085003
LA         1.8081711950        0.2388946181        0.5788807756
LA         0.7202733208       -1.4923019556        0.0798740377
LA         0.9399851650       -0.9919291531       -0.8872887030
LA         1.1856135496        1.0977692679        0.8884338161
LA        -1.7166584217       -0.3687599077       -0.5348549459
LA        -0.8457466795        0.3967080998        1.3238591755
LA        -0.0911134749       -1.3364986817       -0.6642166039
LA         1.3756261134       -0.5976065483        0.0526249614
LA        -0.4100401102        1.3870781059       -0.5809204283
LA        -1.3366906218       -1.0774793159        0.2219482659
LA        -0.8990952755       -0.6929217780        1.1573484221
LA        -0.9764028664       -0.2606997023       -1.3466978615
LA         1.3955016356        0.9383768785       -0.1831708202
LA        -0.3175880421        0.6228379774       -1.3707101532
LA         0.5930449622        1.0820374113       -0.9239309319
LA         0.6199972634       -0.7092300310        0.8514818856
LA        -0.2773252174       -1.1646045808        0.4096438360
LA         0.0785408721       -0.3566731200       -1.1435929709
LA         0.9737992766        0.0943450242       -0.7037281350
LA         0.1708283420        0.7543635337        1.1189361117
LA         0.7647985494        0.2645506344        0.3642999487
LA        -0.6679744625       -0.4604735139       -0.3410687945
LA         0.3888514445        1.2556763257        0.1563054735
LA        -1.2940375984        0.0172005970        0.3984126335
LA        -1.0742022846        0.5165997563       -0.5619839310
LA        -0.2382334679       -0.0817229997        0.5813960401
LA        -0.6340034003        0.9019700997        0.3755679775
LA        -0.0228308016        0.4097157561       -0.3644857012
