          98
Energy of minimum      1=    -543.6653608     first found at step      891 after               184699 function calls
LA        -0.8514139506        1.1887335003        2.1514467451
LA        -1.7960867500       -1.8602643619        0.2832055053
LA        -0.6382798973       -1.5194702105       -2.0125914489
LA         2.0305245281        0.2486147881       -1.6068220851
LA        -2.3267829849        0.2440488053       -1.1372057340
LA        -0.8500588178        1.6923593570       -1.7832653884
LA         1.2735338102       -0.2953277869        2.2489126888
LA         1.4335284958        2.0812575677       -0.6165053457
LA         2.3870825835       -0.6585795730        0.7967596353
LA         1.9033079564       -1.6410801680        0.6715582837
LA        -0.7713059374        2.3786676745        0.7167586002
LA         1.1666422781       -2.1127701153       -0.9704964319
LA         0.2429436763        1.2535725339        2.2663295769
LA        -1.0573832460       -1.3872695386        1.9298030673
LA         2.4669693875        0.5280718882       -0.6339704150
LA         0.3230516934        2.4435068790        0.8316412187
LA        -2.4066697775       -0.9426028551        0.2935240664
LA        -1.5079714771        1.9069777509       -0.9252964790
LA        -1.6679662983       -0.4696079762        1.9401217666
LA         0.9970834713        1.8018004436       -1.5893569977
LA        -0.6856100865       -2.2225134008       -1.1649412617
LA         1.2139722648       -1.4097267824       -1.8181466013
LA         0.7897592136       -1.2778284884        2.1237114305
LA        -1.6688702296        0.0294301166       -1.9951745663
LA         1.8960808817        0.1150882303        1.4251749155
LA        -1.3240434096        1.5530925827        1.2142093215
LA        -2.0693251950        1.0758857219       -0.4470514997
LA         0.9334984182       -1.8398264358        1.1760576839
LA         0.1882163378       -2.3170333655       -0.4852033455
LA        -0.9352486979       -1.9505473045        0.9798812278
LA         1.9769020815        1.3156189349       -0.0222892093
LA         0.2823903354       -0.9181644585       -2.1718013742
LA         0.8534367225        1.6821053120        1.4427955780
LA         1.1084930700        0.7595735800       -1.9580049073
LA        -2.1501464422       -0.1246453628        1.0004127001
LA        -0.7602540445        0.6488523300       -2.1541810168
LA        -0.2017683199       -0.8261639643        2.3882970350
LA         2.0166056566       -0.8280405717       -1.2941678167
LA        -0.6589857000        2.4154466931       -0.3982143121
LA         2.4550532368       -0.5473009026       -0.3168515935
LA         0.0019461930        2.1998435530       -1.2601206159
LA        -1.5942992055       -1.0419822761       -1.6732310757
LA        -1.6418464074       -1.7482515918       -0.8216907932
LA        -0.8151533204        0.0957089881        2.3986629911
LA         0.4403941935        2.4805834029       -0.2828045113
LA         0.2842264892        0.1608456153        2.5140729841
LA        -2.2552315119       -0.8263787629       -0.8113250596
LA         1.9690585710       -1.5343103778       -0.4426276374
LA        -1.7870795207        0.8073292574        0.5698170303
LA         0.0601117145       -1.9688631062        0.5386000652
LA         1.5236699580        1.0034867217        0.9173708181
LA         0.2032978801        0.1580470831       -2.0257877997
LA         0.9808995462        1.7307626950        0.3192345150
LA         1.0051617742       -1.7454848468        0.0504610588
LA        -0.0698198494       -1.3948146461        1.4523195350
LA         0.9035660317        0.5820412246        1.7042329464
LA        -1.2983530420        0.4515804503        1.4730812971
LA         0.1027439722        1.1684761942       -1.6382067422
LA        -2.0114719654       -0.0050324722       -0.1164872608
LA         1.1003924187       -0.3309156029       -1.6550667011
LA        -0.6877081663       -0.4368583440       -1.8427767246
LA        -1.2210197193        1.6003020190        0.0880827913
LA        -0.7829387783       -1.8514273943       -0.1372491093
LA         1.9785477924        0.2313707667        0.3023744937
LA         1.4063913348       -0.8572499743        1.2928957475
LA        -0.2339065449        1.6079967590        1.3206163459
LA        -1.4063913191        0.8572499439       -1.2928957363
LA         0.2339065620       -1.6079967018       -1.3206162105
LA         1.5335400167        1.0314370225       -0.9842694775
LA        -1.5335399974       -1.0314370814        0.9842693882
LA         0.4122854108       -0.4034783728        1.5731803236
LA        -0.6789153248       -0.4681306078        1.4586289055
LA        -0.1192597930        1.6594130616        0.1994887717
LA         0.5367552178        1.4454139874       -0.6560050929
LA         1.0512911396       -1.0325420963       -0.7976929343
LA        -1.3443167730       -0.2233925290       -0.9749761403
LA        -0.1965363966        0.5115360146        1.5834691675
LA        -0.5544456225        1.3807617812       -0.7705564879
LA         1.4864768568       -0.7538909046        0.1723523605
LA        -0.7354948911       -1.1384068114       -0.9852650202
LA         1.5336701078       -0.0528755964       -0.6728526912
LA        -1.3915099909       -0.9244077779       -0.1297711504
LA         0.4180125475        0.9191410204        0.7856782383
LA         0.6275213109        0.4291041521       -1.0290441664
LA         0.5337478301       -0.9638220329        0.6503888164
LA        -0.4467069833        0.3654574700       -1.1418137925
LA        -0.6759887217        0.8543229084        0.6708328547
LA        -1.1508647718       -0.1101059444        0.5479343870
LA         1.0638239669        0.7084704830       -0.0565092638
LA         0.1526453065       -0.5353246676       -1.1519426534
LA        -1.1044056473        0.5800057539       -0.2841243156
LA         0.1053309555       -1.2381390675       -0.3045684363
LA         1.0173647650        0.0183587498        0.7755494318
LA        -0.5404804478       -1.0274686393        0.5376191032
LA        -0.0195880649        0.6415767616       -0.1755090663
LA        -0.4965054539       -0.3269977053       -0.2989358447
LA         0.5823405099       -0.2630775226       -0.1856814186
LA        -0.0662469800       -0.0515014534        0.6601263454
