229 -168.648206 -13.1875 0.0007613
649 -169.066248 -1.58656 0.0009639
710 -167.881382 -6.64036 0.0008005
402 -169.024153 -4.00515 0.0008144
371 -168.416716 -7.64394 0.0009141
369 -166.826536 -5.71554 0.0009439
474 -168.892175 -6.69835 0.0007268
962 -168.019817 -11.8161 0.0009139
1224 -169.234157 -2.36547 0.0009578
608 -167.220923 -1.28313 0.0008872
621 -168.432980 -5.11927 0.0005865
304 -167.755204 -10.427 0.0009196
302 -168.114499 -4.75176 0.0006678
644 -168.888984 -9.81725 0.0008051
268 -169.690446 -8.30081 0.0008217
511 -165.728960 -8.76567 0.0007525
569 -167.807987 -5.43023 0.0009082
133 -169.525822 -14.1415 0.0007635
598 -168.946994 -2.45518 0.0009938
874 -168.781409 -3.24357 0.0009144
1458 -167.805142 -4.81448 0.0009934
374 -167.152393 -9.41776 0.000892
253 -169.811894 -5.32257 0.0006609
337 -168.079746 -6.48363 0.0008467
282 -167.921468 -4.69726 0.0009977
945 -168.834705 -6.03914 0.0008543
484 -166.378516 -8.39052 0.0009002
193 -169.633009 -14.3946 0.0008784
705 -166.795851 -7.60606 0.0007158
426 -167.352276 -4.3451 0.000766
2813 -168.418429 -2.5507 0.0007215
304 -169.118205 -5.26381 0.0009381
388 -167.444339 -4.44334 0.0008969
466 -168.859739 -6.04374 0.0006587
1646 -170.167435 -5.86917 0.0009561
1459 -170.007940 -3.80544 0.0009224
246 -168.634033 -10.2364 0.0009394
520 -167.155123 -5.81481 0.0007743
255 -169.955368 -4.65295 0.0008692
294 -168.383674 -5.23998 0.0008141
668 -167.229590 -5.92407 0.000932
108 -170.230493 -2.81166 0.0008513
617 -169.491125 -3.09394 0.0008611
1389 -169.859928 -5.97962 0.0009384
470 -168.925385 -1.75098 0.0009709
806 -168.141484 -6.31373 0.0009217
342 -168.334477 -10.9352 0.0009918
1279 -168.948157 -5.06737 0.0007874
960 -167.817631 -4.69241 0.0008995
409 -168.239635 -7.79044 0.0005858
614 -168.383330 -4.20865 0.0006999
1640 -170.535058 -4.04186 0.0009394
332 -169.651531 -7.96426 0.0007582
316 -169.237717 -2.03849 0.0008031
543 -167.085510 -8.41351 0.0007725
777 -168.383647 -9.65603 0.0008844
211 -169.012556 -6.63233 0.0009224
460 -167.378717 -6.92307 0.0007669
567 -167.725581 -5.14656 0.0009384
793 -168.596630 -1.48066 0.0008094
643 -170.320108 -1.90734 0.0007769
2094 -167.656535 -3.24387 0.0006657
272 -167.731990 -8.20912 0.0009266
339 -169.224551 -6.05918 0.0007504
1514 -168.308931 -3.81407 0.0008892
520 -167.694574 -8.80896 0.0009132
188 -169.850639 -5.01153 0.0007534
1004 -167.167951 -1.24366 0.0006632
345 -168.650975 -10.3766 0.0004402
213 -169.006130 -12.4948 0.0008049
264 -169.986993 -7.33822 0.0007627
262 -165.913819 -14.5726 0.0007095
370 -170.682520 -1.99514 0.0006966
617 -167.518017 -9.30805 0.0009268
434 -167.719890 -8.53062 0.0009761
179 -168.336241 -4.65619 0.0009385
478 -168.020336 -7.38965 0.0006906
568 -167.577772 -5.3258 0.0007975
1707 -168.948157 -5.08413 0.0007376
119 -170.234030 -2.7546 0.0009209
585 -169.785758 -6.19807 0.0008655
296 -169.468443 -11.2416 0.0005714
116 -169.354387 -6.44488 0.0007311
252 -168.301131 -11.0523 0.0007795
282 -166.511086 -6.23416 0.0008201
2327 -167.648460 -5.64654 0.0009558
236 -167.462085 -13.6071 0.0007255
445 -167.253002 -8.8469 0.0007218
454 -168.955497 -3.12793 0.0009918
219 -168.856491 -10.2249 0.0006219
366 -168.394414 -5.69102 0.0009422
164 -169.280525 -12.0233 0.0005754
670 -168.524654 -3.79409 0.0009815
408 -168.215643 -5.03447 0.0008607
325 -168.488762 -9.78074 0.0007245
578 -167.227001 -8.91845 0.000801
110 -170.825623 -4.49075 0.0003945
472 -168.244246 -15.3759 0.0009626
381 -170.535058 -4.01787 0.0005399
386 -170.860284 -6.85814 0.0008182
576 -168.893726 -5.35143 0.0008722
615 -167.914218 -4.01564 0.0005013
632 -168.513851 -3.71396 0.000979
106 -169.921484 -12.2691 0.0008256
593 -168.342056 -9.10244 0.0009601
621 -166.528163 -9.69897 0.0008162
1111 -169.365561 -2.54644 0.0008536
278 -170.226192 -5.05647 0.0009391
1196 -167.772990 -3.28719 0.0009248
165 -171.462970 -0.730737 0.0009711
1106 -168.136646 -10.1906 0.0007144
289 -168.832960 -2.89454 0.0005411
651 -167.829545 -4.70929 0.000834
300 -164.507851 -11.5377 0.0008258
494 -168.551645 -2.20959 0.0006304
742 -168.982878 -4.78543 0.0009266
8807 -169.199447 -5.62538 0.0008519
597 -168.089040 -4.66649 0.0008189
345 -168.381370 -3.96387 0.0009963
241 -168.059965 -6.04557 0.0009543
795 -170.020008 -2.05454 0.000735
2420 -168.673866 -2.41833 0.000851
280 -165.644469 -5.37622 0.0008562
393 -169.502710 -4.58469 0.0009361
315 -168.318258 -7.22308 0.0009966
120 -169.820713 -23.9718 0.0007507
519 -167.381448 -2.56267 0.0007012
100 -170.869107 -1.8481 0.0006429
583 -168.494940 -9.16029 0.0008308
445 -167.606613 -10.6474 0.0009807
662 -168.338535 -8.03722 0.0008412
426 -168.673306 -10.4734 0.0008631
497 -168.796268 -5.6468 0.0009956
372 -169.986478 -14.3054 0.0009241
593 -167.841463 -0.892402 0.0006238
323 -168.467688 -3.90439 0.0008985
947 -168.068394 -6.4951 0.0007833
1101 -167.006198 -6.56153 0.0007009
308 -168.701880 -3.86837 0.0007388
1574 -167.992071 -4.57699 0.0008813
592 -167.324722 -12.0109 0.0009468
479 -168.229245 -4.33814 0.0009487
418 -168.520219 -7.68002 0.0009955
381 -168.617068 -8.45309 0.000748
2268 -167.380639 -4.41794 0.0008565
510 -168.431165 -9.07319 0.0005271
562 -167.063076 -9.33613 0.0009722
674 -167.053429 -8.20842 0.0009433
444 -167.495324 -2.36204 0.0009589
503 -167.701735 -3.93306 0.0009761
223 -169.947815 -4.1227 0.0006308
215 -169.995096 -1.276 0.0009314
150 -169.015458 -18.6021 0.0008497
1804 -169.142412 -5.30763 0.0007444
576 -167.244331 -8.73666 0.0009296
1693 -168.349071 -4.57535 0.0008446
303 -168.119385 -14.7703 0.0008862
995 -165.371376 -8.12049 0.000543
842 -170.066377 -9.01151 0.000683
461 -169.204739 -4.15419 0.0008158
247 -168.264268 -8.02465 0.000882
180 -168.974147 -4.81738 0.0009823
517 -168.292250 -2.28297 0.0008098
344 -170.182051 -2.54715 0.0007893
187 -168.419726 -5.01561 0.0009576
802 -168.075946 -4.25634 0.0006565
908 -167.910511 -8.84311 0.0009352
384 -168.447183 -3.71441 0.0009957
427 -167.698354 -7.13513 0.0008633
157 -169.906409 -6.96964 0.000893
220 -169.770533 -4.263 0.0007835
431 -166.280276 -7.51077 0.0008137
339 -168.650972 -10.3894 0.0009481
335 -168.239364 -6.10414 0.0009952
193 -168.897653 -8.58659 0.000972
1521 -167.239716 -10.0012 0.0009076
556 -167.257908 -10.078 0.0009184
382 -169.444031 -6.68583 0.0007396
759 -168.301621 -5.7603 0.0007078
515 -167.921790 -3.5518 0.0008405
1477 -167.461968 -7.61439 0.0009755
452 -168.143589 -3.90396 0.000802
336 -166.937029 -7.5357 0.0008181
576 -168.910510 -4.8092 0.0008809
162 -169.392444 -6.65395 0.0008339
148 -169.941620 -7.67515 0.0005631
403 -167.698892 -3.44236 0.0008647
420 -167.939506 -6.08955 0.0008466
248 -169.769928 -4.12368 0.0008459
172 -170.676629 -13.0525 0.0008937
109 -168.926569 -17.1029 0.0009139
387 -167.998168 -9.2766 0.0006152
501 -164.725121 -10.3477 0.0009661
886 -167.436336 -3.49992 0.0009534
3809 -168.548390 -4.16508 0.0008923
635 -168.570679 -6.30153 0.0009745
251 -162.958782 -14.5354 0.0008898
1512 -167.335823 -5.90437 0.0008353
622 -168.777932 -3.48381 0.0008848
293 -167.725295 -4.33894 0.000805
