#nfuncalls success energy rms maxgrad maxgrad_component time
243 1 -163.785803 0.00189012 0.00942028 0.00602225 0.05
187 1 -164.786566 0.001774 0.00981043 0.00624616 0.05
243 1 -164.685213 0.00179502 0.00846203 0.00574637 0.06
284 1 -161.412422 0.00234007 0.00784682 0.00912505 0.06
173 1 -163.106538 0.0019643 0.00897603 0.00578243 0.05
196 1 -167.174734 0.0023791 0.00915647 0.00692733 0.05
253 1 -166.710785 0.00186791 0.0066937 0.0063434 0.06
253 1 -167.184147 0.00219298 0.0095 0.00610115 0.07
253 1 -166.691706 0.00190762 0.00963349 0.00494908 0.06
229 1 -165.563751 0.00178778 0.00948705 0.0049317 0.06
191 1 -165.303761 0.00129393 0.00635124 0.00344915 0.05
157 1 -161.013515 0.0024903 0.00666297 0.00865154 0.03
178 1 -163.896359 0.00193488 0.00898349 0.00613254 0.04
266 1 -165.100693 0.00243175 0.00769814 0.00951708 0.07
202 1 -167.661745 0.00233678 0.00943045 0.00765168 0.05
282 1 -165.890949 0.00211604 0.00730189 0.00624891 0.07
239 1 -163.133801 0.00210961 0.00797491 0.0065234 0.06
380 1 -158.197367 0.00172614 0.00750399 0.00514112 0.1
356 1 -166.368702 0.00162916 0.00876651 0.00504175 0.09
146 1 -165.580021 0.0021741 0.0092636 0.00582371 0.04
270 1 -164.645061 0.00234478 0.00901451 0.00698321 0.07
308 1 -164.490313 0.00336713 0.00933929 0.0125247 0.08
207 1 -163.603985 0.00321506 0.00978587 0.00928164 0.05
198 1 -163.108519 0.00146809 0.00768218 0.0041509 0.04
154 1 -156.858756 0.00256736 0.00826114 0.0081912 0.04
210 1 -160.964236 0.00288791 0.00983478 0.00797796 0.05
221 1 -164.979023 0.00184228 0.00612779 0.00531329 0.04
389 1 -165.890845 0.0032904 0.00850023 0.0142532 0.09
257 1 -158.333760 0.00270065 0.00930307 0.0106677 0.06
391 1 -166.076094 0.00243732 0.0093066 0.00751242 0.08
309 1 -168.615098 0.00243013 0.00892097 0.00593646 0.05
321 1 -167.783711 0.00251689 0.00957261 0.00933713 0.07
170 1 -162.861828 0.00225411 0.00858741 0.00753784 0.03
175 1 -163.269978 0.00221979 0.00917196 0.00804489 0.03
155 1 -159.681949 0.0030414 0.00961262 0.00861114 0.03
224 1 -164.800903 0.00192958 0.00583122 0.00575937 0.05
226 1 -161.213407 0.00203073 0.00955933 0.00666573 0.05
225 1 -163.936267 0.00280304 0.00978421 0.0110985 0.05
293 1 -168.519503 0.00221874 0.00589322 0.00705792 0.06
334 1 -166.097263 0.00167248 0.00520612 0.00473843 0.08
181 1 -164.224571 0.0025313 0.00912862 0.008271 0.04
175 1 -166.283966 0.00251035 0.00834068 0.00717093 0.03
204 1 -164.778857 0.00177364 0.00711286 0.00425829 0.05
235 1 -161.029076 0.00233567 0.00668274 0.00697505 0.05
308 1 -169.163057 0.00249686 0.00918155 0.00550974 0.07
182 1 -162.577785 0.00253803 0.00881612 0.00814254 0.04
326 1 -166.524957 0.00186554 0.00911619 0.00612094 0.07
160 1 -163.702846 0.0017928 0.00907382 0.00515872 0.03
161 1 -156.705512 0.00315809 0.00903776 0.00994848 0.04
253 1 -160.190756 0.00205069 0.00947478 0.00790616 0.05
295 1 -168.222283 0.00255977 0.00982603 0.00984364 0.07
270 1 -164.212157 0.00200379 0.00906662 0.00591961 0.06
349 1 -164.154362 0.00161484 0.00722842 0.00500964 0.08
215 1 -163.120614 0.00240185 0.00797217 0.00696018 0.04
265 1 -161.318663 0.00240076 0.00982823 0.00669919 0.06
269 1 -164.660640 0.00183921 0.00877656 0.00508329 0.06
161 1 -164.376352 0.00231367 0.00955229 0.00653739 0.04
166 1 -164.136209 0.0022652 0.00812136 0.00919165 0.03
255 1 -160.456557 0.00252027 0.00940822 0.00806946 0.06
288 1 -164.923309 0.00212782 0.00809677 0.00760874 0.06
268 1 -166.187542 0.00239943 0.00642134 0.007538 0.06
180 1 -159.661403 0.00174394 0.00584229 0.00557118 0.04
235 1 -164.422911 0.00200045 0.00881885 0.0064006 0.06
216 1 -164.799460 0.00301151 0.00997701 0.00994542 0.05
236 1 -164.443375 0.00178161 0.00634533 0.00564603 0.05
328 1 -167.768446 0.0016865 0.00609361 0.00422449 0.08
259 1 -165.923704 0.00257205 0.00852617 0.00728324 0.06
242 1 -163.688162 0.00175234 0.00928019 0.00513224 0.06
197 1 -166.356494 0.00145861 0.00649476 0.00460013 0.04
197 1 -165.517572 0.0015895 0.00657641 0.00430394 0.04
152 1 -166.210081 0.0019261 0.00709077 0.00626568 0.03
259 1 -157.573862 0.00294772 0.0087683 0.00830189 0.06
217 1 -166.996101 0.00239759 0.00937601 0.00590005 0.05
172 1 -166.786707 0.00136915 0.00545873 0.00306111 0.04
162 1 -161.876159 0.00195838 0.00849256 0.00549033 0.04
234 1 -160.909878 0.00276164 0.00974153 0.00776278 0.05
225 1 -162.901447 0.00265906 0.00959397 0.013811 0.05
244 1 -166.504688 0.00208179 0.00659538 0.00661704 0.06
255 1 -164.022545 0.00237289 0.0093604 0.00623772 0.06
152 1 -166.755021 0.00161752 0.00761588 0.00439929 0.04
170 1 -164.931593 0.00196307 0.00638001 0.00464662 0.04
201 1 -166.615923 0.00177112 0.00665569 0.00601422 0.04
352 1 -165.689746 0.00244931 0.00802229 0.007729 0.09
375 1 -165.558792 0.00205429 0.00815939 0.00647955 0.09
217 1 -162.746736 0.00215571 0.00981785 0.00519313 0.05
223 1 -156.493733 0.00323581 0.00912289 0.0112264 0.05
185 1 -162.699353 0.00249554 0.00898627 0.00679583 0.04
246 1 -166.224293 0.00131627 0.00773452 0.0045601 0.06
224 1 -164.756124 0.00234302 0.00951855 0.00594547 0.06
259 1 -164.474414 0.00157989 0.00709712 0.0045493 0.07
269 1 -164.047248 0.00183417 0.00647824 0.0047514 0.06
222 1 -163.279288 0.00221376 0.00736743 0.00541614 0.05
183 1 -160.823040 0.00178603 0.00744174 0.00567841 0.05
262 1 -162.828733 0.00235678 0.00965346 0.00737742 0.06
194 1 -154.896122 0.0025997 0.00972727 0.00734992 0.04
186 1 -163.027028 0.00195931 0.00899204 0.0047765 0.04
173 1 -163.164185 0.00266048 0.00689784 0.00899657 0.04
202 1 -162.246741 0.00171773 0.0091985 0.00495253 0.04
294 1 -165.201919 0.00195108 0.00499525 0.00694762 0.07
189 1 -160.112318 0.00161564 0.00973343 0.00479615 0.04
407 1 -167.592855 0.00183922 0.00964709 0.00487146 0.1
185 1 -158.999146 0.00156858 0.00969719 0.00517598 0.04
173 1 -165.878277 0.00124445 0.00518831 0.0029841 0.03
279 1 -168.247934 0.00266809 0.00924855 0.00793307 0.06
221 1 -164.670865 0.0021735 0.00732831 0.00761553 0.04
286 1 -167.875795 0.00269092 0.00895728 0.00934694 0.06
207 1 -158.600107 0.00225533 0.00685708 0.00797982 0.04
202 1 -167.146666 0.00188598 0.00641097 0.00470704 0.04
217 1 -162.971088 0.00201633 0.00589848 0.00666584 0.04
244 1 -159.522429 0.00241447 0.00934888 0.0124773 0.05
172 1 -160.727557 0.00209042 0.00896981 0.00660698 0.03
180 1 -161.243546 0.00191771 0.007806 0.00660004 0.04
209 1 -164.042887 0.00202224 0.00736623 0.00506793 0.04
230 1 -164.165261 0.00121848 0.00520428 0.00321597 0.05
290 1 -168.414588 0.00146718 0.00651498 0.00692734 0.06
178 1 -164.168648 0.00177316 0.00712998 0.00519612 0.04
176 1 -162.912268 0.00262073 0.00828545 0.00710431 0.04
280 1 -162.028809 0.00176463 0.00932502 0.0050488 0.06
382 1 -165.919239 0.00261059 0.00859394 0.010357 0.09
367 1 -165.201865 0.00224068 0.00730648 0.00596675 0.08
165 1 -159.320627 0.00211538 0.0077841 0.00773599 0.04
236 1 -165.126625 0.00247455 0.009868 0.00637113 0.05
192 1 -165.496988 0.00203214 0.00905956 0.00580452 0.04
169 1 -162.294327 0.00200201 0.008513 0.00550029 0.04
230 1 -165.335811 0.00127642 0.00455234 0.00359992 0.05
257 1 -163.355984 0.00166236 0.00623288 0.00459975 0.05
294 1 -166.874702 0.00182421 0.00749641 0.00458433 0.07
225 1 -167.293474 0.0018733 0.0073256 0.00626799 0.04
249 1 -168.703517 0.00403103 0.00995128 0.0165855 0.05
272 1 -168.526945 0.00151346 0.00856387 0.00527966 0.06
187 1 -169.764358 0.00164152 0.00644702 0.00498874 0.04
173 1 -165.285100 0.00148555 0.0077664 0.00464779 0.04
367 1 -169.277761 0.00160118 0.00710258 0.00488422 0.09
344 1 -169.452140 0.00226273 0.00955478 0.00740489 0.08
210 1 -165.406472 0.00260709 0.0073684 0.0104927 0.05
256 1 -166.579129 0.00258151 0.00980385 0.00917657 0.06
200 1 -163.292788 0.00151421 0.00724349 0.00417707 0.04
294 1 -169.223707 0.00238166 0.00933316 0.00683455 0.07
225 1 -163.589753 0.00181897 0.00839114 0.00645465 0.05
255 1 -164.445475 0.00269809 0.00805495 0.00707011 0.06
225 1 -165.665575 0.00129075 0.00663513 0.00363502 0.05
210 1 -165.753001 0.00313947 0.00983247 0.00802534 0.05
182 1 -166.118288 0.00239997 0.00917693 0.0075661 0.04
158 1 -160.084388 0.00227228 0.00715238 0.00732874 0.04
213 1 -159.928377 0.00231673 0.00975432 0.00677294 0.05
267 1 -167.773862 0.00184222 0.00854386 0.00570849 0.07
229 1 -167.556138 0.00181768 0.00775836 0.00549652 0.05
177 1 -162.076732 0.00221094 0.00728384 0.00590865 0.04
234 1 -167.198871 0.00223927 0.00987876 0.00553827 0.05
205 1 -166.365815 0.00176828 0.00637816 0.00576071 0.04
257 1 -161.477062 0.00150337 0.0093269 0.00428272 0.06
265 1 -162.950164 0.00152421 0.00830095 0.0043476 0.06
171 1 -164.970831 0.00142205 0.00603436 0.00480895 0.04
259 1 -163.879900 0.00163154 0.00634614 0.00454891 0.06
391 1 -166.441031 0.00190644 0.00950216 0.00856782 0.09
260 1 -163.448285 0.00228274 0.00888425 0.00588882 0.06
281 1 -165.193439 0.00181195 0.00571487 0.00447313 0.07
264 1 -167.580942 0.0018926 0.00914783 0.00655821 0.07
176 1 -163.783137 0.00177728 0.00854441 0.00531291 0.04
185 1 -165.285199 0.00287348 0.00955696 0.0105531 0.04
187 1 -167.533654 0.00191072 0.00759932 0.0060395 0.04
201 1 -165.403728 0.00257722 0.00946782 0.00720325 0.04
246 1 -164.667037 0.00211093 0.00821821 0.00569416 0.06
222 1 -167.026189 0.00169849 0.00602016 0.00611501 0.05
237 1 -160.771190 0.0024058 0.00843654 0.0110078 0.06
261 1 -167.921960 0.0020845 0.00849399 0.00704479 0.06
210 1 -166.053555 0.0024745 0.00825996 0.00593296 0.05
257 1 -159.786754 0.00206068 0.00748607 0.00836996 0.06
255 1 -166.324847 0.00196625 0.00820225 0.00597613 0.06
222 1 -167.675163 0.00186009 0.00856527 0.00584563 0.06
246 1 -166.090630 0.00157298 0.00682402 0.00489832 0.06
196 1 -164.164627 0.00243818 0.00927919 0.00736225 0.05
279 1 -164.324453 0.00190213 0.00830035 0.0050255 0.07
243 1 -164.206955 0.00268207 0.00807473 0.00896398 0.06
227 1 -162.854457 0.00182358 0.00962833 0.00540222 0.05
212 1 -159.529672 0.00227622 0.00741241 0.00671389 0.05
180 1 -161.530078 0.00173268 0.00542537 0.00542134 0.04
211 1 -157.534973 0.00161931 0.00692093 0.00525921 0.05
172 1 -164.068682 0.00341694 0.00939976 0.0163124 0.04
243 1 -164.046995 0.00279527 0.00972239 0.00957888 0.06
180 1 -156.933677 0.0018316 0.00651109 0.00632747 0.05
193 1 -160.847322 0.00244764 0.0086983 0.00707971 0.05
189 1 -168.502563 0.00236613 0.00971602 0.0077716 0.04
289 1 -166.754741 0.00253855 0.00776869 0.0112128 0.07
286 1 -166.414908 0.00247841 0.00911955 0.0056899 0.07
401 1 -165.123944 0.00323567 0.00968749 0.00954292 0.1
265 1 -168.712305 0.00145983 0.00764514 0.00593326 0.06
313 1 -167.194869 0.00212176 0.00879396 0.00569381 0.08
503 1 -167.976154 0.00290076 0.0088023 0.00746369 0.12
356 1 -167.885407 0.00182004 0.00736055 0.00519344 0.09
244 1 -161.815571 0.0032312 0.0078908 0.0129596 0.05
300 1 -165.501528 0.00222479 0.00554897 0.0073065 0.06
304 1 -166.559804 0.00243354 0.00995331 0.00648416 0.07
230 1 -163.155805 0.00226857 0.0077521 0.0086341 0.04
512 1 -167.694958 0.00208457 0.00806624 0.00630947 0.12
192 1 -164.310766 0.00131822 0.00587299 0.00371393 0.03
193 1 -162.299668 0.00296548 0.00854798 0.0113592 0.04
262 1 -166.868109 0.00275086 0.00779176 0.0104404 0.06
176 1 -159.999218 0.00192252 0.00962323 0.00656816 0.04
221 1 -168.620613 0.00259328 0.00833677 0.0115533 0.04
340 1 -164.980444 0.00155404 0.00549533 0.00443466 0.08
271 1 -164.282003 0.00260976 0.00934745 0.00635019 0.06
239 1 -167.778440 0.00199463 0.00608879 0.00589944 0.05
203 1 -164.739976 0.00172868 0.00738692 0.00486254 0.05
245 1 -166.917341 0.00209438 0.00888924 0.00601223 0.05
302 1 -162.071116 0.00262593 0.00820737 0.00995928 0.07
236 1 -164.360085 0.0018012 0.00932807 0.00760687 0.06
252 1 -163.240749 0.00200807 0.00822964 0.00539786 0.05
234 1 -161.221528 0.00413999 0.00777176 0.0217027 0.05
267 1 -166.948945 0.00303992 0.00981154 0.00671884 0.06
292 1 -166.238974 0.00289702 0.00996651 0.0107935 0.06
329 1 -169.231181 0.00181201 0.00737952 0.0049029 0.08
243 1 -163.409009 0.00162573 0.00773377 0.00623686 0.05
135 1 -163.738710 0.00241006 0.00811692 0.0106218 0.03
160 1 -165.888057 0.0019418 0.00824662 0.00617577 0.03
262 1 -162.109968 0.00354158 0.00996756 0.0129629 0.06
306 1 -164.847959 0.00202604 0.00878228 0.00713317 0.07
218 1 -166.528194 0.00247826 0.00945139 0.0104771 0.04
293 1 -166.850076 0.00313334 0.00906842 0.0119529 0.07
299 1 -165.725158 0.00293063 0.00885132 0.012715 0.07
150 1 -161.668990 0.0012113 0.00858056 0.00469716 0.03
314 1 -165.843566 0.00152954 0.00857896 0.00564419 0.07
236 1 -163.058587 0.00223491 0.00943483 0.00538081 0.05
225 1 -161.135649 0.00208338 0.00998239 0.00695053 0.05
199 1 -164.878905 0.00175284 0.00812994 0.00459953 0.04
148 1 -163.942063 0.00269887 0.0088897 0.00919725 0.03
443 1 -166.887772 0.00231692 0.00991881 0.00724745 0.1
212 1 -166.356419 0.00184786 0.00897906 0.00528771 0.05
220 1 -165.017920 0.00231114 0.0096949 0.00605619 0.05
175 1 -164.804584 0.00233114 0.00997471 0.00576224 0.03
207 1 -166.724012 0.00277536 0.00915495 0.00900115 0.05
213 1 -168.470369 0.00199311 0.00699598 0.00649048 0.05
347 1 -167.313396 0.00139195 0.00549991 0.00370268 0.08
352 1 -162.576645 0.00190024 0.00961178 0.0056675 0.08
244 1 -165.260834 0.00316729 0.00964151 0.0106576 0.05
153 1 -162.835150 0.00248804 0.00684447 0.00901569 0.03
352 1 -167.510780 0.00206893 0.00554076 0.00687823 0.08
197 1 -160.854594 0.00296079 0.00934954 0.00870341 0.05
183 1 -160.209297 0.00178896 0.00849652 0.00469932 0.05
413 1 -164.999851 0.00264205 0.00879353 0.0080501 0.09
259 1 -163.532780 0.0021379 0.00836953 0.00603836 0.05
188 1 -158.758081 0.00209866 0.00953496 0.00496139 0.05
355 1 -165.921123 0.00226949 0.00782849 0.00769767 0.09
284 1 -162.087997 0.00242164 0.00851368 0.0084066 0.07
255 1 -166.569925 0.00229376 0.00845606 0.00833197 0.06
293 1 -168.220085 0.00154989 0.00468966 0.00606945 0.07
217 1 -168.531552 0.00242198 0.0090725 0.00918112 0.05
128 1 -157.723095 0.00234704 0.00926691 0.00788742 0.03
208 1 -166.911508 0.00188189 0.00952058 0.00541064 0.05
330 1 -165.787243 0.00236742 0.00868196 0.00617282 0.08
289 1 -165.674860 0.00296271 0.00997625 0.0106703 0.07
323 1 -163.323433 0.00232889 0.00758997 0.00649641 0.08
351 1 -164.140234 0.00199958 0.00944464 0.0053724 0.09
311 1 -167.438119 0.00195687 0.00901178 0.00628565 0.08
143 1 -163.263781 0.00196443 0.00818325 0.0046304 0.04
254 1 -166.481807 0.00176584 0.00631063 0.00557747 0.06
170 1 -161.902674 0.00151853 0.0071791 0.00448968 0.04
188 1 -163.342678 0.00176918 0.00687204 0.00652284 0.04
171 1 -164.667645 0.00263032 0.00894842 0.0104476 0.04
198 1 -161.220580 0.00236318 0.0098063 0.0069378 0.04
188 1 -162.071745 0.00129672 0.00502114 0.00368384 0.04
248 1 -164.682166 0.00170633 0.00689974 0.00636158 0.06
185 1 -165.709127 0.00241444 0.00891604 0.00696833 0.04
341 1 -165.986738 0.00174344 0.0063722 0.00518013 0.08
203 1 -164.311659 0.00240797 0.00965719 0.00895043 0.05
157 1 -162.544691 0.0024764 0.00849316 0.00653513 0.04
187 1 -162.409086 0.00181359 0.00650862 0.00791985 0.05
280 1 -165.473550 0.00235913 0.00758512 0.0071973 0.07
296 1 -157.753914 0.00224673 0.00967285 0.00754543 0.07
245 1 -160.574849 0.00157501 0.00922193 0.00432773 0.06
272 1 -162.393571 0.00146762 0.00750182 0.00369884 0.07
253 1 -161.822441 0.00163646 0.00810812 0.00520051 0.06
190 1 -160.826325 0.00232338 0.00732719 0.00578809 0.05
176 1 -159.288633 0.00179364 0.00711762 0.0052353 0.05
242 1 -166.482213 0.00266413 0.00958256 0.00609441 0.06
217 1 -166.611374 0.00216465 0.00975069 0.00631498 0.06
189 1 -153.851696 0.00245823 0.00842713 0.00871081 0.04
202 1 -164.471640 0.002448 0.00966308 0.0069111 0.05
195 1 -160.327485 0.00178636 0.00860687 0.00639777 0.05
296 1 -166.216701 0.00184017 0.00665725 0.006243 0.07
155 1 -162.515980 0.00181842 0.00597279 0.00468829 0.04
187 1 -165.540241 0.00160349 0.00693169 0.00470581 0.04
240 1 -167.119420 0.0019576 0.00983933 0.00504675 0.05
361 1 -166.978411 0.002629 0.00978701 0.00969991 0.07
171 1 -163.293170 0.00146086 0.0075727 0.00464524 0.03
243 1 -159.660555 0.00210123 0.00783854 0.00570464 0.05
232 1 -164.443950 0.00262716 0.00955446 0.0104711 0.04
294 1 -167.516104 0.0015092 0.00798051 0.00436513 0.07
203 1 -154.801520 0.00197566 0.00950948 0.00497885 0.04
263 1 -163.202676 0.00169371 0.00938689 0.00587051 0.06
150 1 -164.421772 0.00260249 0.00877903 0.00851844 0.03
421 1 -164.347939 0.00166882 0.00903914 0.00464309 0.1
181 1 -157.505465 0.0041083 0.00995938 0.0111618 0.04
183 1 -162.460699 0.00214665 0.00812147 0.00636698 0.04
173 1 -162.798152 0.0023241 0.00980933 0.00796553 0.04
154 1 -166.610257 0.00206028 0.0091248 0.0055585 0.03
172 1 -158.582071 0.00153436 0.00569158 0.00416032 0.04
335 1 -168.067093 0.00151865 0.00847815 0.00470214 0.08
398 1 -168.122986 0.00266864 0.0090212 0.00858892 0.09
228 1 -162.721995 0.00240897 0.00995419 0.00793437 0.05
214 1 -165.006690 0.00271441 0.00889792 0.00766973 0.05
199 1 -161.333430 0.00200655 0.00893679 0.00663735 0.04
209 1 -165.007596 0.00141788 0.00841979 0.00504868 0.04
261 1 -161.218046 0.00164758 0.00699166 0.00498062 0.06
206 1 -163.784676 0.00177046 0.0097925 0.00593695 0.04
291 1 -164.586104 0.00265372 0.00910999 0.0111 0.07
314 1 -165.617053 0.00307915 0.00819547 0.0100308 0.07
291 1 -168.246377 0.00195909 0.00975617 0.00488241 0.07
233 1 -161.402901 0.0029472 0.00982552 0.0122053 0.05
227 1 -167.063197 0.00186582 0.00807717 0.00569829 0.05
194 1 -161.488434 0.0014553 0.00673182 0.00440049 0.05
315 1 -159.255015 0.00213532 0.00997805 0.00754295 0.08
281 1 -163.811725 0.00281535 0.00893432 0.00820663 0.07
404 1 -167.090575 0.00209478 0.00877005 0.00619194 0.09
157 1 -167.399909 0.00229385 0.00958104 0.00736466 0.04
230 1 -163.696115 0.00153901 0.0047151 0.00587604 0.05
164 1 -157.839122 0.00165329 0.00835889 0.00537876 0.04
206 1 -160.099342 0.00211585 0.00820245 0.00718994 0.04
287 1 -166.666458 0.00262569 0.00973376 0.00939957 0.07
268 1 -162.626164 0.00241293 0.00713344 0.00805932 0.06
275 1 -163.549438 0.00232668 0.00965578 0.00598057 0.07
209 1 -164.590146 0.00221156 0.00910664 0.00590267 0.05
210 1 -159.967344 0.00282321 0.00968877 0.0081984 0.05
192 1 -165.506012 0.00265192 0.00998083 0.00657042 0.05
165 1 -157.709509 0.00237541 0.00796793 0.00610457 0.04
222 1 -163.704998 0.00170519 0.00662552 0.0042197 0.06
230 1 -166.353295 0.00134761 0.00794891 0.00342273 0.06
216 1 -166.243156 0.00192595 0.00871085 0.00488599 0.05
189 1 -166.271031 0.00303197 0.00949811 0.0133199 0.05
239 1 -165.643614 0.00191106 0.00812679 0.00506975 0.06
319 1 -166.174967 0.00228632 0.00621833 0.00634181 0.08
363 1 -169.805595 0.00209664 0.00685051 0.00786296 0.08
220 1 -165.481463 0.00194221 0.00545016 0.00657262 0.05
220 1 -160.589105 0.00200538 0.00916116 0.00567841 0.05
188 1 -161.260912 0.00146331 0.00717135 0.00347604 0.05
226 1 -168.750416 0.00273512 0.00901415 0.00846242 0.06
238 1 -163.787854 0.00203479 0.00994272 0.00839583 0.06
463 1 -166.099859 0.00196501 0.00780597 0.00534587 0.11
312 1 -158.929211 0.0022227 0.0083822 0.00663651 0.08
340 1 -165.616814 0.00199321 0.00670641 0.0058919 0.08
195 1 -163.409298 0.00226706 0.00951967 0.0072533 0.04
392 1 -167.246141 0.00164494 0.00723336 0.00607625 0.09
185 1 -162.801069 0.0020866 0.00623102 0.00566008 0.04
145 1 -163.920541 0.00141787 0.00671296 0.00412792 0.04
284 1 -166.476651 0.00126534 0.00469458 0.00395525 0.07
142 1 -162.694062 0.00126408 0.00431591 0.0053522 0.03
231 1 -165.984617 0.00266365 0.00810605 0.00990026 0.05
252 1 -159.795905 0.00304962 0.00902277 0.0146632 0.05
285 1 -161.675466 0.00194681 0.00643879 0.00598573 0.06
223 1 -165.216731 0.00161087 0.00757107 0.00474091 0.05
272 1 -167.161788 0.00181253 0.00635069 0.00468442 0.05
203 1 -165.366201 0.00117328 0.00498729 0.00389115 0.04
188 1 -150.441420 0.00171568 0.00567097 0.00896082 0.03
269 1 -167.391637 0.00332412 0.00860897 0.0123167 0.06
177 1 -162.603621 0.00164358 0.00709054 0.00438045 0.03
174 1 -160.788011 0.00206865 0.00925322 0.00589825 0.03
242 1 -164.053195 0.00282601 0.009694 0.00770173 0.05
160 1 -162.818333 0.00256621 0.00855131 0.00519441 0.03
263 1 -165.678090 0.00169646 0.00760025 0.0057129 0.06
188 1 -164.383010 0.00170731 0.00653669 0.00440361 0.03
201 1 -164.642038 0.00190028 0.00926097 0.00556861 0.04
343 1 -166.331781 0.0023507 0.00996543 0.00739628 0.08
182 1 -165.108736 0.00178834 0.00669255 0.00551274 0.03
268 1 -168.449113 0.00257581 0.00925705 0.00704731 0.06
292 1 -161.899825 0.00194187 0.00976149 0.00735925 0.06
264 1 -162.888198 0.00180854 0.0085929 0.00629178 0.06
162 1 -164.702691 0.00187606 0.00994114 0.00532838 0.04
295 1 -165.896621 0.00180269 0.00648981 0.00466142 0.07
221 1 -159.963573 0.00166477 0.0059886 0.0052421 0.06
175 1 -165.380014 0.00249109 0.00731911 0.00745382 0.03
143 1 -170.353801 0.00170335 0.00821873 0.00488831 0.03
177 1 -162.343319 0.00184244 0.00768122 0.00473246 0.03
193 1 -165.235436 0.00204368 0.00761235 0.0098343 0.04
393 1 -166.882925 0.00128342 0.00629843 0.00409236 0.09
134 1 -162.155278 0.00233886 0.00931975 0.0077555 0.03
165 1 -165.637977 0.00166216 0.00873696 0.00615999 0.03
234 1 -165.900261 0.00258468 0.00688925 0.0107378 0.05
245 1 -167.068722 0.00149072 0.00526765 0.00502287 0.05
198 1 -162.561554 0.00221607 0.00703113 0.00883436 0.05
333 1 -165.586988 0.00182498 0.00673273 0.00429732 0.07
165 1 -164.803255 0.00209541 0.00712304 0.00563425 0.03
197 1 -167.683576 0.00189106 0.00551602 0.0056761 0.05
232 1 -165.110168 0.002088 0.0081823 0.00542291 0.05
238 1 -162.541568 0.00289183 0.00781641 0.00721173 0.06
134 1 -161.882978 0.0027215 0.00869298 0.01142 0.03
177 1 -161.642567 0.00268185 0.00990213 0.00954344 0.03
246 1 -164.638307 0.00163988 0.00854615 0.00627829 0.06
319 1 -167.922800 0.00211644 0.00812851 0.00584731 0.07
217 1 -167.747345 0.00132915 0.00664443 0.00396322 0.05
196 1 -161.703682 0.00289276 0.00932209 0.00890094 0.04
240 1 -164.428400 0.00205723 0.0086106 0.00503061 0.06
253 1 -159.589001 0.00188432 0.00898815 0.00592091 0.06
241 1 -164.761426 0.00258766 0.00774674 0.00849543 0.05
191 1 -165.244085 0.00215964 0.0082188 0.00599147 0.04
174 1 -158.880593 0.00282487 0.00838804 0.0107436 0.04
315 1 -168.397228 0.00241703 0.00985145 0.00651476 0.08
229 1 -167.148574 0.00215363 0.00870265 0.00647643 0.05
331 1 -162.209980 0.00234506 0.00901194 0.00597052 0.08
151 1 -160.548123 0.00279655 0.00960341 0.00725594 0.04
366 1 -163.785624 0.00188023 0.00664824 0.00471578 0.09
238 1 -165.691824 0.00159335 0.00909653 0.00607738 0.06
265 1 -166.056933 0.00192024 0.00831127 0.00631803 0.07
159 1 -164.113322 0.00237727 0.00819195 0.00920465 0.04
290 1 -160.885944 0.00266081 0.00876448 0.00680484 0.07
148 1 -163.349591 0.00171945 0.00865432 0.00503925 0.03
252 1 -161.333920 0.00242905 0.00844729 0.00820196 0.06
265 1 -164.095975 0.00222741 0.00777519 0.00952309 0.06
166 1 -162.711012 0.0018318 0.00841271 0.00455758 0.03
223 1 -162.836389 0.00209381 0.00813637 0.00653539 0.05
126 1 -167.500301 0.00195772 0.00859762 0.00601817 0.03
285 1 -158.697277 0.00237128 0.00820508 0.00671609 0.06
219 1 -162.627342 0.0020282 0.00912154 0.00829888 0.05
358 1 -167.097380 0.00172154 0.00825355 0.00597952 0.09
267 1 -164.653380 0.00233038 0.00713704 0.00765363 0.06
257 1 -166.047654 0.0019439 0.00776816 0.00481348 0.07
375 1 -159.821830 0.00134999 0.00476431 0.00472413 0.09
253 1 -165.011338 0.00139555 0.00565676 0.00362105 0.06
230 1 -166.907526 0.00229667 0.00777851 0.00571851 0.06
177 1 -166.459980 0.00203648 0.00863371 0.00699254 0.04
303 1 -164.253336 0.00235228 0.00862612 0.00674152 0.07
212 1 -166.997430 0.00219763 0.00873168 0.0068797 0.06
204 1 -164.911207 0.00228901 0.00940927 0.00747648 0.05
170 1 -163.101042 0.00146071 0.00731431 0.00400226 0.04
155 1 -167.269858 0.00222278 0.00882851 0.00631821 0.04
253 1 -166.074841 0.00230349 0.00934703 0.00635382 0.06
208 1 -163.868518 0.00205809 0.0073184 0.00632426 0.05
192 1 -164.318014 0.002237 0.00850532 0.00702645 0.05
221 1 -165.093074 0.00166351 0.00590247 0.00494317 0.05
177 1 -167.976798 0.00278724 0.00917163 0.00747211 0.04
212 1 -167.998418 0.00343473 0.00964812 0.0101907 0.06
195 1 -161.227561 0.00274086 0.00832452 0.00998533 0.04
199 1 -165.710935 0.00194943 0.00856166 0.00635083 0.05
221 1 -164.496186 0.00243951 0.00649443 0.00785477 0.06
188 1 -161.092027 0.00241729 0.00937096 0.0058233 0.04
195 1 -165.994795 0.00300164 0.00968686 0.0121936 0.05
172 1 -168.177214 0.00183723 0.00828456 0.00541766 0.04
253 1 -167.387626 0.00200465 0.00829877 0.00549185 0.06
292 1 -166.055017 0.00195786 0.006917 0.00683715 0.07
285 1 -165.533785 0.00184412 0.00697953 0.0058294 0.07
217 1 -167.647979 0.00170747 0.00940317 0.00429513 0.06
342 1 -169.291827 0.00142869 0.00661217 0.00464905 0.08
468 1 -166.247493 0.0024295 0.00870742 0.0067842 0.11
183 1 -165.424768 0.0016676 0.007853 0.0059437 0.05
241 1 -168.091327 0.00106019 0.0056256 0.00259825 0.06
272 1 -163.857956 0.0021537 0.00932683 0.00630088 0.07
296 1 -162.855340 0.00254942 0.00852049 0.0090437 0.07
228 1 -165.987926 0.00227565 0.0064414 0.00534401 0.05
329 1 -161.327619 0.00211825 0.00849381 0.00642313 0.08
232 1 -157.604116 0.00168629 0.00682602 0.00512764 0.06
294 1 -166.080495 0.001914 0.00874087 0.00502675 0.08
205 1 -165.939305 0.00231952 0.0070607 0.00732682 0.05
214 1 -155.728996 0.00303226 0.00961972 0.0109007 0.05
300 1 -166.293537 0.00179437 0.00701205 0.0072846 0.07
234 1 -161.285955 0.00202654 0.00964636 0.00598713 0.06
237 1 -161.406656 0.00251049 0.00872105 0.00619593 0.06
201 1 -160.800530 0.00190928 0.00712322 0.00860381 0.05
169 1 -157.917327 0.00226737 0.00867684 0.00865042 0.04
223 1 -167.022987 0.00297209 0.00946747 0.009733 0.05
167 1 -165.297607 0.00279697 0.00938924 0.0104838 0.04
253 1 -165.211298 0.00187594 0.00897564 0.004566 0.07
289 1 -165.896329 0.00152422 0.00536209 0.0036173 0.07
305 1 -164.950888 0.00278635 0.00894321 0.0078762 0.08
421 1 -165.681679 0.00273406 0.00945247 0.00899573 0.1
211 1 -159.186643 0.00220838 0.00952699 0.00724131 0.04
176 1 -153.326812 0.0017909 0.00812217 0.00746842 0.03
244 1 -168.442481 0.00215833 0.00817101 0.00619021 0.06
330 1 -167.131246 0.00211192 0.0090891 0.00594579 0.08
235 1 -165.264583 0.00278522 0.00998975 0.00983773 0.05
258 1 -163.326121 0.00150351 0.00967361 0.00594362 0.06
252 1 -166.334187 0.00234 0.00978625 0.0082642 0.06
231 1 -162.887477 0.00151864 0.00608495 0.00433997 0.05
328 1 -165.563210 0.00239575 0.00981965 0.0066387 0.07
350 1 -164.511322 0.00292481 0.0092872 0.0120468 0.08
158 1 -161.347135 0.00155327 0.00846813 0.00504887 0.04
186 1 -164.468118 0.00205512 0.00947367 0.00657343 0.04
342 1 -168.980868 0.00143565 0.00771162 0.00740605 0.08
176 1 -164.344220 0.00188854 0.00732754 0.00464913 0.04
216 1 -165.025545 0.00234647 0.00890292 0.0074483 0.05
167 1 -162.057456 0.00227564 0.0095279 0.0059201 0.04
258 1 -164.386710 0.00167711 0.00968729 0.00523987 0.06
251 1 -164.511239 0.00229918 0.00897263 0.00583337 0.06
307 1 -167.940854 0.00223106 0.00954811 0.00662368 0.07
278 1 -166.908453 0.00242751 0.00906399 0.00674434 0.07
362 1 -167.066317 0.00242852 0.00930355 0.0058363 0.08
138 1 -160.590960 0.00207678 0.00947585 0.0056772 0.03
332 1 -160.842111 0.00159453 0.00664549 0.00532542 0.08
172 1 -162.411986 0.00217589 0.00944307 0.00675204 0.04
231 1 -162.105188 0.00184711 0.00765453 0.00543246 0.06
255 1 -169.207855 0.00241682 0.00807293 0.00853285 0.06
214 1 -164.354556 0.00253389 0.00967841 0.00618943 0.05
138 1 -156.393577 0.00260319 0.00977296 0.0064231 0.02
206 1 -167.755254 0.00195781 0.00749919 0.00531203 0.05
141 1 -164.511494 0.00161146 0.00424194 0.00484912 0.02
267 1 -164.458618 0.00205423 0.0078188 0.0069102 0.06
172 1 -164.707429 0.00195169 0.00898134 0.0061998 0.04
287 1 -166.348471 0.00199131 0.00584209 0.00557053 0.06
177 1 -165.625037 0.00216359 0.00796303 0.00824114 0.04
265 1 -165.818925 0.00136629 0.00590005 0.00387842 0.06
202 1 -164.014349 0.00214796 0.00803812 0.00835405 0.04
166 1 -163.361519 0.00175197 0.00794699 0.00611745 0.04
228 1 -167.108381 0.00254589 0.00892204 0.00834433 0.05
156 1 -167.306837 0.00144241 0.00680136 0.00423821 0.03
260 1 -167.747814 0.00204868 0.00717497 0.00537207 0.06
221 1 -163.359088 0.00133245 0.00571205 0.00360923 0.05
280 1 -170.493803 0.00289095 0.0085143 0.0109755 0.06
235 1 -167.322148 0.00246149 0.00869664 0.00739822 0.05
237 1 -164.254410 0.00231137 0.00990177 0.00797347 0.05
135 1 -165.951793 0.00150755 0.0070225 0.00436502 0.02
188 1 -166.320206 0.00188313 0.0056885 0.00642105 0.04
195 1 -165.704502 0.00215857 0.00714831 0.00524888 0.04
249 1 -164.393072 0.00250817 0.00998146 0.00743364 0.06
298 1 -165.070271 0.00175783 0.00943073 0.00446795 0.06
274 1 -166.569319 0.0026576 0.00711706 0.00796963 0.07
172 1 -163.562128 0.00197549 0.00592044 0.00557468 0.04
163 1 -166.155047 0.00226368 0.00860557 0.00588016 0.04
291 1 -162.565267 0.00217653 0.00651553 0.00629696 0.07
189 1 -166.434392 0.00287891 0.0094932 0.00860005 0.05
188 1 -165.885475 0.00149452 0.00784891 0.00500363 0.05
371 1 -164.336485 0.00197705 0.00624196 0.00732769 0.08
270 1 -163.399922 0.00261325 0.00817044 0.00922909 0.06
248 1 -162.584638 0.00237349 0.00684233 0.00597261 0.06
305 1 -169.048760 0.00234152 0.00893359 0.0080729 0.07
167 1 -158.143800 0.00277266 0.00958359 0.00713666 0.04
292 1 -166.213981 0.00185787 0.00973202 0.00821067 0.07
204 1 -163.412597 0.00332639 0.00867353 0.0147863 0.05
225 1 -166.965645 0.00233981 0.00774712 0.006679 0.05
315 1 -164.111932 0.00247144 0.00895969 0.00703399 0.07
363 1 -166.502127 0.0016811 0.00699082 0.00516233 0.08
231 1 -162.245700 0.00162237 0.00833749 0.00527641 0.05
146 1 -167.552126 0.00218235 0.0074855 0.00522896 0.03
340 1 -159.945762 0.00217862 0.00936125 0.00580151 0.09
244 1 -159.218661 0.00285795 0.00849045 0.0085115 0.06
299 1 -166.609649 0.00185464 0.00987073 0.00500888 0.08
302 1 -166.199168 0.00158009 0.00749664 0.00524984 0.07
413 1 -167.672627 0.0026545 0.00948773 0.00865307 0.1
245 1 -167.554526 0.00272628 0.0098747 0.00894667 0.06
290 1 -163.884346 0.00132466 0.00431371 0.00332125 0.06
172 1 -162.827065 0.00305305 0.00792951 0.00924055 0.04
146 1 -163.970567 0.00212511 0.00949907 0.00789874 0.03
256 1 -166.539580 0.00204991 0.00757676 0.0051461 0.06
261 1 -163.624807 0.00273575 0.00992542 0.00685509 0.06
198 1 -162.791382 0.00237679 0.00769167 0.00583044 0.04
207 1 -165.103473 0.00235845 0.0090835 0.00938958 0.05
163 1 -156.864161 0.0027767 0.00989474 0.0109414 0.04
268 1 -165.313303 0.0022831 0.00814553 0.00699942 0.06
243 1 -165.763500 0.00321845 0.00995749 0.0157811 0.06
327 1 -164.413906 0.00175425 0.0076785 0.004445 0.08
255 1 -164.837892 0.00324787 0.00818257 0.0170131 0.06
232 1 -166.126853 0.00241782 0.00969024 0.00890169 0.05
201 1 -166.175070 0.00263548 0.00948469 0.00947512 0.05
290 1 -162.519833 0.00161079 0.00798522 0.00450461 0.07
199 1 -166.006147 0.00303806 0.00953468 0.0100897 0.05
366 1 -168.900115 0.00233717 0.00657136 0.00552999 0.09
240 1 -165.731088 0.000950812 0.00267229 0.00282296 0.06
297 1 -167.152939 0.00174644 0.00875383 0.0044086 0.07
182 1 -161.524146 0.00152839 0.00853306 0.00461341 0.05
169 1 -165.862136 0.00107333 0.0047581 0.00304525 0.04
167 1 -162.839866 0.00129526 0.00581663 0.00536534 0.04
210 1 -163.386002 0.00190137 0.00961439 0.00613959 0.05
250 1 -162.001839 0.00156946 0.0091542 0.00593799 0.06
201 1 -164.378245 0.0021559 0.00960005 0.00522441 0.05
181 1 -161.338449 0.00321695 0.00990996 0.0110115 0.04
371 1 -165.525825 0.00226153 0.00850419 0.00849668 0.1
156 1 -165.039418 0.00192872 0.00791816 0.00514678 0.04
225 1 -164.354882 0.00144481 0.00749495 0.00425728 0.06
229 1 -163.572693 0.00181294 0.00879894 0.00510965 0.06
205 1 -166.335207 0.00204872 0.00789835 0.00683994 0.05
159 1 -160.797403 0.00157151 0.00411943 0.00426166 0.04
248 1 -164.287957 0.00165263 0.00791644 0.00682558 0.05
262 1 -163.270520 0.00268993 0.00811367 0.00753819 0.06
180 1 -162.894363 0.00180438 0.00807315 0.00622633 0.03
280 1 -169.277899 0.00104875 0.00396207 0.00263631 0.06
156 1 -159.502819 0.00341436 0.00912816 0.0118929 0.03
194 1 -164.002990 0.00251486 0.00895166 0.00747415 0.04
184 1 -163.144251 0.00293887 0.00997589 0.00993071 0.03
161 1 -162.583298 0.00216051 0.00850026 0.0061224 0.03
250 1 -162.097353 0.00277511 0.00793534 0.0078109 0.05
205 1 -159.970389 0.00225107 0.00860479 0.00752255 0.04
558 1 -166.805227 0.00240122 0.00700541 0.00593106 0.12
216 1 -161.793919 0.00208035 0.00837584 0.00552075 0.04
397 1 -165.887744 0.00246165 0.00834612 0.00636387 0.09
189 1 -159.615995 0.00212524 0.00785511 0.00720179 0.04
194 1 -164.612426 0.00367456 0.00715554 0.0112682 0.04
130 1 -166.028452 0.00226033 0.00897911 0.00623676 0.02
212 1 -163.441120 0.00345227 0.00955581 0.0164103 0.05
262 1 -164.511782 0.00218221 0.00856546 0.00805617 0.05
231 1 -165.458826 0.0023855 0.00998379 0.00599217 0.05
476 1 -168.327482 0.00189309 0.00742992 0.00647977 0.1
254 1 -165.218332 0.00191145 0.00974089 0.00536013 0.05
263 1 -162.964939 0.00195494 0.007945 0.0043584 0.06
225 1 -168.186679 0.0020288 0.00885151 0.00564405 0.05
360 1 -164.766773 0.0027334 0.00839065 0.00986984 0.08
243 1 -166.183309 0.00163617 0.00786599 0.0046584 0.06
233 1 -167.552148 0.00199123 0.00762864 0.00665062 0.05
243 1 -164.119042 0.00198537 0.00710915 0.00657914 0.05
498 1 -165.201322 0.00171589 0.00731922 0.00596175 0.11
164 1 -161.113496 0.00337059 0.00949315 0.00956699 0.04
215 1 -161.525423 0.0018361 0.00733329 0.00502094 0.04
281 1 -170.689868 0.000969775 0.00471903 0.00242673 0.07
182 1 -166.826093 0.00286739 0.00977961 0.0108384 0.03
220 1 -165.768238 0.00265535 0.00878228 0.0111886 0.05
233 1 -158.024979 0.00187992 0.00741208 0.00652007 0.05
235 1 -160.708354 0.00229977 0.00978217 0.0067533 0.05
140 1 -165.252780 0.00243859 0.00841849 0.00653108 0.03
198 1 -162.648046 0.00178034 0.00613367 0.00469332 0.04
271 1 -163.392665 0.00154484 0.00758297 0.00349757 0.06
213 1 -165.510998 0.0020866 0.00678236 0.00604818 0.05
344 1 -167.965638 0.00208869 0.00834349 0.00523201 0.08
171 1 -159.302600 0.00196929 0.00845445 0.00639886 0.04
182 1 -164.234132 0.00243587 0.00983139 0.00843443 0.04
319 1 -165.672736 0.00152075 0.00741859 0.00537577 0.07
219 1 -164.497714 0.00222469 0.0090062 0.00552724 0.05
207 1 -162.045433 0.00188392 0.00768995 0.00520345 0.04
185 1 -162.418054 0.00140516 0.00772244 0.00584856 0.04
166 1 -160.138653 0.00139654 0.00673809 0.00467309 0.04
208 1 -160.197904 0.00113314 0.00482641 0.00319887 0.05
183 1 -162.917179 0.00222071 0.00787888 0.00789227 0.04
176 1 -165.832891 0.00227407 0.00936327 0.00819292 0.04
207 1 -163.211847 0.00297942 0.00895331 0.00801781 0.04
148 1 -158.789110 0.00174679 0.00828637 0.00471675 0.03
238 1 -166.861847 0.00258001 0.00898947 0.00880979 0.06
307 1 -164.744377 0.0016996 0.00734957 0.00448876 0.07
319 1 -167.817725 0.00200857 0.00872275 0.00698761 0.08
228 1 -163.461815 0.00174404 0.00739274 0.00512628 0.05
175 1 -163.549341 0.00134817 0.00610776 0.00321518 0.04
297 1 -161.683791 0.00228702 0.00900072 0.0064828 0.07
348 1 -167.544386 0.00216576 0.00916583 0.010696 0.09
235 1 -164.552166 0.00168931 0.00737218 0.00525284 0.05
350 1 -167.491729 0.00178569 0.00813913 0.00472862 0.08
310 1 -165.542819 0.0024523 0.00921474 0.00843012 0.08
184 1 -166.430830 0.00249783 0.00949138 0.00814947 0.05
310 1 -164.988348 0.00211998 0.00856092 0.00512676 0.07
219 1 -162.768889 0.00126069 0.00631486 0.00312845 0.05
317 1 -163.970948 0.00256627 0.00834067 0.00694076 0.08
197 1 -167.041578 0.0023075 0.00976987 0.00673946 0.05
264 1 -165.023950 0.0022258 0.00855584 0.00647318 0.06
322 1 -165.555835 0.00206224 0.00772402 0.00509427 0.08
236 1 -167.012705 0.00249073 0.00973913 0.0082665 0.06
397 1 -166.443721 0.00181802 0.0095425 0.00603959 0.1
147 1 -166.255386 0.00199218 0.00750736 0.00520032 0.04
210 1 -167.555536 0.00143287 0.00589558 0.00476654 0.05
195 1 -166.419740 0.00207893 0.00778511 0.00573841 0.05
132 1 -163.785212 0.0026442 0.00856737 0.00967402 0.03
157 1 -159.086774 0.00154844 0.0065879 0.00412413 0.04
196 1 -166.928357 0.00188635 0.00871714 0.00643953 0.04
264 1 -154.010995 0.00189712 0.00794082 0.00535097 0.07
346 1 -168.311790 0.00231575 0.00733739 0.00576748 0.09
356 1 -160.980160 0.00225658 0.00881277 0.00688723 0.09
302 1 -165.959495 0.0012628 0.00407148 0.0048155 0.08
196 1 -161.361705 0.00190918 0.00923826 0.00677032 0.04
219 1 -164.343078 0.00258264 0.00899479 0.00671548 0.05
233 1 -164.945577 0.00142978 0.00578583 0.00514812 0.05
348 1 -167.272077 0.00192451 0.00517113 0.00543297 0.09
263 1 -165.678810 0.00175079 0.00973593 0.00500583 0.07
235 1 -164.261743 0.00248407 0.00817303 0.00776482 0.06
282 1 -164.579085 0.00149316 0.00499479 0.00495079 0.07
226 1 -167.539010 0.0023293 0.00969558 0.00573371 0.06
239 1 -168.253021 0.00220811 0.00874173 0.00616214 0.06
234 1 -161.827364 0.00215009 0.00985355 0.00546807 0.06
254 1 -159.463978 0.00219027 0.00985902 0.00595649 0.07
176 1 -160.956860 0.0027866 0.00846555 0.00906357 0.05
203 1 -165.103487 0.00152401 0.00627344 0.00508099 0.05
222 1 -166.382071 0.00212597 0.00837927 0.00561055 0.05
312 1 -167.598305 0.00515921 0.00987135 0.0214122 0.08
224 1 -163.863191 0.00194866 0.00722715 0.00459865 0.05
268 1 -167.629269 0.00200963 0.00755019 0.00487151 0.06
167 1 -160.407217 0.00239358 0.00973327 0.00703169 0.03
165 1 -163.003766 0.00256161 0.00752245 0.00923873 0.03
216 1 -161.701918 0.00237296 0.0085341 0.00850465 0.04
170 1 -162.266364 0.001615 0.00996533 0.00440978 0.04
145 1 -162.890562 0.00381762 0.00998015 0.0100013 0.02
191 1 -164.315480 0.00149854 0.00530516 0.00436535 0.04
214 1 -163.627524 0.00250168 0.00648621 0.0145107 0.04
158 1 -160.902640 0.00208112 0.00979726 0.00605415 0.03
149 1 -163.746222 0.00233767 0.00832909 0.00570723 0.03
148 1 -165.107281 0.00164676 0.00596564 0.00505577 0.03
147 1 -165.294730 0.00199166 0.00688561 0.00640688 0.03
176 1 -162.397617 0.00310612 0.00960352 0.0103217 0.04
182 1 -163.181281 0.00224949 0.00931967 0.00651234 0.04
180 1 -164.154662 0.00260527 0.00996908 0.00585896 0.04
281 1 -161.434194 0.00208092 0.0084553 0.00582296 0.06
153 1 -163.611477 0.00202169 0.00730597 0.00614123 0.03
194 1 -161.093413 0.00204917 0.00849839 0.00652442 0.04
250 1 -165.087913 0.00172777 0.00960597 0.00467674 0.05
313 1 -166.469455 0.00124979 0.00535729 0.00365027 0.07
288 1 -163.012688 0.00294986 0.00979841 0.00864905 0.07
196 1 -167.123879 0.00242677 0.00915763 0.00704728 0.05
169 1 -156.134817 0.00173303 0.00674539 0.00481787 0.04
191 1 -153.840175 0.00403114 0.0090681 0.021149 0.04
302 1 -162.839422 0.00204364 0.00918817 0.00630051 0.06
235 1 -166.701456 0.00170754 0.0093716 0.00532222 0.06
232 1 -160.518632 0.00228353 0.00978168 0.0059372 0.05
201 1 -166.023382 0.0023159 0.00784558 0.00492665 0.04
301 1 -165.847144 0.00196039 0.00611153 0.00652354 0.07
277 1 -152.528530 0.00131114 0.00570489 0.00352577 0.06
141 1 -163.441337 0.00242942 0.00657769 0.0061581 0.03
243 1 -163.438082 0.00191134 0.00845934 0.00520548 0.05
222 1 -163.697182 0.00313403 0.00962647 0.0126871 0.05
261 1 -159.496368 0.00259345 0.00994331 0.00775349 0.06
201 1 -159.079284 0.00167734 0.00742029 0.00447382 0.04
294 1 -168.695922 0.00180135 0.00969981 0.00692022 0.07
206 1 -166.699050 0.00224239 0.00919363 0.00510738 0.04
174 1 -163.984431 0.00188089 0.00609812 0.00597904 0.04
211 1 -160.573885 0.00188225 0.00910437 0.00574118 0.05
161 1 -162.323999 0.00226681 0.00986072 0.00621707 0.03
416 1 -165.797704 0.00206063 0.00825418 0.00697577 0.1
196 1 -165.329253 0.0018306 0.0098929 0.00675732 0.05
192 1 -163.708132 0.00200669 0.00805192 0.00938207 0.04
153 1 -162.976939 0.00225038 0.0076666 0.00812214 0.04
157 1 -162.394781 0.00125464 0.00505663 0.00365376 0.03
185 1 -164.975476 0.00186027 0.00896661 0.00546729 0.04
217 1 -164.955838 0.00148701 0.00603572 0.00378136 0.05
187 1 -158.827370 0.00206323 0.00993197 0.0055736 0.04
219 1 -162.539836 0.00281682 0.00949869 0.00743769 0.05
331 1 -165.836249 0.00175183 0.00991104 0.00611507 0.08
211 1 -163.093110 0.00243118 0.0073291 0.00589429 0.05
206 1 -164.552107 0.00274363 0.00810781 0.00797317 0.05
357 1 -163.546250 0.0010623 0.00535176 0.00268425 0.09
226 1 -165.743457 0.00276873 0.00852636 0.0137776 0.05
149 1 -164.589074 0.00180735 0.00966398 0.00543858 0.03
223 1 -155.808020 0.00171339 0.0060646 0.00484295 0.05
260 1 -164.876495 0.00227474 0.00868709 0.00616584 0.06
395 1 -167.958055 0.00193307 0.00886336 0.00529782 0.09
246 1 -167.736847 0.00180107 0.00870366 0.00562876 0.05
198 1 -161.850004 0.00318355 0.00956804 0.0135095 0.04
228 1 -164.403841 0.00319595 0.00933032 0.00907168 0.05
261 1 -165.742457 0.0018807 0.00687911 0.00642196 0.06
187 1 -162.806427 0.00152394 0.00602165 0.00434339 0.04
189 1 -161.714740 0.00204669 0.00866 0.00666632 0.04
207 1 -166.169328 0.0013878 0.0075759 0.00368161 0.05
276 1 -164.538606 0.00227579 0.00855463 0.00564485 0.07
341 1 -166.617657 0.00150433 0.00431071 0.00507756 0.08
160 1 -162.070462 0.00199418 0.00632358 0.00677017 0.04
267 1 -166.768581 0.00128336 0.00631436 0.00307055 0.06
202 1 -159.476795 0.0022962 0.00819973 0.00704256 0.04
250 1 -160.038118 0.00200273 0.00976214 0.00533169 0.05
266 1 -167.196723 0.00157601 0.00998258 0.00453613 0.06
224 1 -165.024195 0.00200745 0.00732884 0.00549249 0.06
229 1 -161.670941 0.00203903 0.00832082 0.00544616 0.05
240 1 -166.901022 0.00306161 0.00983647 0.00851616 0.06
261 1 -160.645826 0.00255013 0.00943712 0.00817709 0.07
413 1 -170.080249 0.0016431 0.00745868 0.0039174 0.1
313 1 -166.696026 0.00315917 0.00989596 0.00828016 0.07
356 1 -164.185621 0.00195959 0.00909976 0.00487033 0.09
300 1 -167.210709 0.00261362 0.00975114 0.00762364 0.07
162 1 -161.985157 0.00225744 0.00796449 0.0059862 0.04
227 1 -155.452267 0.0022581 0.00927948 0.00646837 0.05
279 1 -163.251028 0.00150383 0.0062827 0.00561081 0.07
312 1 -163.737181 0.00117083 0.00531689 0.00295659 0.08
306 1 -167.709715 0.00172708 0.005621 0.00493729 0.08
260 1 -165.117801 0.00168341 0.00728017 0.00545485 0.07
235 1 -158.997339 0.00219867 0.00841904 0.00884563 0.06
193 1 -159.222363 0.0019558 0.0071248 0.00682344 0.04
224 1 -162.373710 0.00164257 0.0071601 0.0070497 0.05
397 1 -165.315867 0.00322268 0.00722825 0.0140834 0.1
194 1 -160.071365 0.00187651 0.008438 0.00580743 0.04
172 1 -166.907916 0.00233193 0.00747144 0.00888447 0.04
237 1 -164.116697 0.00195236 0.00823521 0.0054476 0.05
292 1 -166.155349 0.00193047 0.0060327 0.00509926 0.07
135 1 -166.865475 0.00238671 0.00826646 0.00952161 0.04
222 1 -166.717972 0.0024151 0.00725746 0.00775098 0.06
147 1 -160.921224 0.00227703 0.00881023 0.00546584 0.03
190 1 -163.916442 0.00230168 0.00964872 0.00590255 0.04
245 1 -165.568979 0.00216826 0.00747359 0.00561817 0.06
182 1 -163.716839 0.00311737 0.00986783 0.010828 0.04
262 1 -167.458435 0.00198724 0.00739055 0.00471771 0.06
227 1 -165.460283 0.00156442 0.00626538 0.00494635 0.05
213 1 -162.436645 0.00238747 0.00870219 0.00712312 0.05
244 1 -165.198507 0.00265821 0.00946191 0.00713649 0.05
366 1 -167.428559 0.00195681 0.00589945 0.00620533 0.09
208 1 -160.955834 0.00282242 0.00975406 0.0107808 0.05
244 1 -166.819349 0.00164987 0.00710087 0.00455185 0.05
298 1 -164.771894 0.00158421 0.00823792 0.00601673 0.07
193 1 -161.709223 0.00183563 0.007409 0.00460238 0.04
159 1 -162.010603 0.00192921 0.0091033 0.00472967 0.04
275 1 -167.990708 0.00202833 0.00653063 0.0078733 0.07
300 1 -166.707529 0.00149311 0.00618327 0.0043355 0.08
229 1 -165.397169 0.0019577 0.00782999 0.00600594 0.06
381 1 -167.894145 0.00178145 0.00812837 0.00479116 0.09
290 1 -163.980506 0.00337432 0.00988248 0.00870349 0.07
197 1 -166.060814 0.00138016 0.00582332 0.00462708 0.04
375 1 -166.344775 0.00229482 0.00632779 0.0068364 0.08
150 1 -161.651859 0.00241331 0.00599875 0.00623751 0.03
248 1 -169.463467 0.00125518 0.00520717 0.00342898 0.06
179 1 -166.946825 0.00187387 0.00764746 0.00496543 0.04
188 1 -166.030969 0.00120922 0.00419106 0.00291749 0.03
186 1 -165.620446 0.00196324 0.00872084 0.00617027 0.04
229 1 -165.110903 0.00230155 0.00822315 0.00564756 0.05
172 1 -163.763909 0.00184338 0.00952817 0.00637658 0.04
228 1 -161.662584 0.002465 0.0094741 0.00811076 0.06
204 1 -162.064943 0.00266055 0.00838343 0.00822632 0.05
184 1 -160.438173 0.00223009 0.00898695 0.00706313 0.04
203 1 -167.352420 0.00198403 0.00956332 0.00500263 0.05
340 1 -165.568342 0.00108973 0.0044755 0.0032556 0.07
164 1 -163.220193 0.00277107 0.00922714 0.00723731 0.03
215 1 -159.276009 0.00273212 0.00803077 0.0083678 0.05
407 1 -167.227882 0.00191624 0.00828019 0.00549087 0.1
176 1 -159.703235 0.00197978 0.0082309 0.00534285 0.04
267 1 -165.086733 0.00180383 0.00815567 0.00513293 0.06
287 1 -166.385452 0.00163149 0.00530732 0.00458852 0.07
227 1 -161.001028 0.00231366 0.00825287 0.0083979 0.05
196 1 -164.399527 0.00211571 0.00811653 0.00629114 0.04
188 1 -157.147651 0.0019101 0.0073946 0.00478767 0.04
344 1 -167.903490 0.00236459 0.00975585 0.00683495 0.08
299 1 -168.598362 0.00188589 0.00657332 0.00586083 0.07
221 1 -156.357310 0.00200218 0.006467 0.00545413 0.05
223 1 -164.362060 0.00216983 0.00866127 0.00679527 0.04
391 1 -167.287397 0.00236216 0.00771738 0.00944895 0.09
280 1 -162.838771 0.0021464 0.00958235 0.00632427 0.07
158 1 -161.891318 0.00234094 0.00918338 0.00641444 0.03
291 1 -168.908683 0.00235038 0.00920283 0.00709623 0.07
215 1 -164.047417 0.00211153 0.00867896 0.00549896 0.05
215 1 -162.126396 0.00203623 0.00721942 0.00558862 0.05
190 1 -161.410706 0.0024138 0.00938094 0.00646408 0.05
164 1 -170.697581 0.00237214 0.00980355 0.00703147 0.03
165 1 -163.562856 0.00185653 0.00696529 0.00465691 0.04
244 1 -166.345287 0.00171222 0.006664 0.00521672 0.06
190 1 -166.258971 0.00268048 0.00804128 0.0103458 0.04
362 1 -167.503450 0.00133278 0.00542526 0.00352905 0.09
243 1 -166.212744 0.00293409 0.00890004 0.0100842 0.05
217 1 -161.870947 0.00225632 0.00836478 0.00895921 0.05
173 1 -157.644964 0.00184498 0.00798625 0.00464042 0.04
172 1 -163.647875 0.00287162 0.00676423 0.0113682 0.04
268 1 -165.473534 0.00196136 0.00773283 0.00707824 0.06
223 1 -163.059106 0.00201719 0.0059889 0.00604934 0.05
294 1 -165.751942 0.00243954 0.00987612 0.00799911 0.07
220 1 -167.354202 0.00221083 0.00775333 0.00562685 0.05
165 1 -159.559931 0.00247193 0.00823348 0.00625028 0.04
159 1 -162.195170 0.00290996 0.00872123 0.00822291 0.03
293 1 -161.612837 0.00243572 0.00994391 0.0091117 0.07
304 1 -166.560982 0.00159441 0.0083014 0.00528063 0.07
183 1 -157.974997 0.0020061 0.0079808 0.00589189 0.05
310 1 -161.814254 0.00194876 0.00714491 0.00560481 0.07
259 1 -166.609321 0.00232124 0.00816126 0.00665583 0.06
202 1 -165.809399 0.0022046 0.0076549 0.00578949 0.05
214 1 -163.958944 0.00204923 0.0072545 0.0054435 0.05
138 1 -160.015878 0.00167262 0.00622149 0.00373173 0.03
169 1 -162.774654 0.00230842 0.00838612 0.00683355 0.04
178 1 -162.866696 0.00204706 0.00795879 0.00561352 0.04
143 1 -157.518895 0.00243752 0.00988711 0.00620751 0.04
210 1 -166.128538 0.00197443 0.00505008 0.00939911 0.05
295 1 -164.180704 0.00193869 0.00852486 0.00503434 0.07
213 1 -160.495841 0.00174924 0.00911202 0.00551402 0.05
252 1 -166.483448 0.00282141 0.00923066 0.00905088 0.06
274 1 -165.851943 0.0020627 0.00815607 0.00575613 0.07
253 1 -166.767183 0.00219083 0.00906826 0.00611513 0.06
207 1 -162.670305 0.00198101 0.00753612 0.00798781 0.05
297 1 -167.194543 0.00192009 0.00953989 0.00712084 0.07
301 1 -167.076970 0.00240456 0.00953251 0.00708396 0.08
169 1 -166.252260 0.0027902 0.00943711 0.00976348 0.04
200 1 -162.696974 0.00228713 0.00842274 0.0088093 0.05
139 1 -169.107865 0.00263493 0.00973504 0.00927963 0.03
219 1 -163.395404 0.0025949 0.00853428 0.00699747 0.06
313 1 -162.631222 0.00237547 0.00803983 0.0105148 0.08
278 1 -168.002746 0.00156196 0.00745367 0.00529858 0.06
348 1 -165.720175 0.00185647 0.00846867 0.0045727 0.09
183 1 -163.031725 0.00176779 0.00776526 0.00568668 0.05
361 1 -169.579977 0.00214831 0.00977484 0.00798428 0.09
255 1 -163.809158 0.00236074 0.00934802 0.0065374 0.05
218 1 -158.777838 0.00264843 0.00667902 0.00701218 0.05
171 1 -166.965669 0.00116946 0.00452241 0.00360917 0.03
295 1 -166.451693 0.00459723 0.00977818 0.0235485 0.06
166 1 -168.113264 0.00197669 0.0098114 0.00672575 0.04
237 1 -162.657872 0.00191929 0.00992133 0.0054917 0.05
205 1 -168.691032 0.00146976 0.00763377 0.00459472 0.04
249 1 -168.384356 0.00129583 0.00715323 0.00419225 0.06
353 1 -165.769154 0.00264964 0.00803136 0.00829335 0.07
176 1 -167.913719 0.00289416 0.00942024 0.00854382 0.04
182 1 -164.383810 0.00147475 0.00701916 0.00417187 0.03
172 1 -163.012165 0.00262937 0.00835583 0.00848711 0.03
218 1 -164.197317 0.00312294 0.0098481 0.00944429 0.05
169 1 -158.450795 0.00153998 0.00564925 0.00398968 0.03
323 1 -166.043911 0.00149857 0.00635128 0.00438365 0.07
196 1 -167.700273 0.0019284 0.0080577 0.00675752 0.04
337 1 -163.839239 0.00193735 0.0079568 0.00503716 0.08
283 1 -161.394112 0.00217215 0.00822713 0.00662043 0.06
201 1 -159.222541 0.00136933 0.00451488 0.00415474 0.05
261 1 -160.874016 0.00226832 0.00993666 0.00629895 0.05
302 1 -168.693351 0.0027021 0.00859885 0.00804149 0.07
177 1 -163.676811 0.00309125 0.00995027 0.0097276 0.04
166 1 -162.498935 0.00246941 0.00830351 0.00809538 0.04
360 1 -162.599027 0.00210213 0.0092347 0.00709698 0.08
228 1 -165.234597 0.00288902 0.00880771 0.00786485 0.05
387 1 -169.205538 0.00198154 0.00646712 0.00501338 0.09
298 1 -160.859662 0.00214571 0.0075855 0.00593401 0.06
274 1 -163.656044 0.00190955 0.0083559 0.00634319 0.06
215 1 -161.649744 0.00256198 0.00801499 0.00936741 0.04
201 1 -160.973353 0.00200119 0.00652085 0.00531685 0.04
219 1 -167.314796 0.00263178 0.00927591 0.00807145 0.05
279 1 -164.767859 0.00160287 0.00509798 0.00383081 0.06
189 1 -163.743169 0.0018422 0.00765552 0.00489609 0.04
358 1 -169.235748 0.00119875 0.00498053 0.00372436 0.08
196 1 -164.601342 0.00165092 0.00814012 0.00432933 0.04
142 1 -164.961101 0.00200421 0.00822903 0.00544335 0.03
438 1 -164.326122 0.00239006 0.00946316 0.00671207 0.1
211 1 -165.151938 0.0019048 0.0081609 0.00790438 0.04
193 1 -164.399580 0.00161677 0.00611845 0.00410437 0.05
169 1 -164.828255 0.00174357 0.00653761 0.00447743 0.04
298 1 -165.927453 0.00193455 0.00984503 0.00543758 0.07
191 1 -167.050425 0.00147691 0.0058683 0.00418109 0.04
342 1 -167.939203 0.00211392 0.00991944 0.00683423 0.08
323 1 -165.066621 0.0024332 0.00978637 0.00667797 0.07
228 1 -162.113408 0.00177718 0.00703887 0.00453477 0.05
328 1 -164.658866 0.00170556 0.00883872 0.00452741 0.08
239 1 -164.176909 0.00232216 0.00690673 0.0101313 0.06
151 1 -165.461825 0.00149045 0.00856837 0.0058616 0.04
374 1 -161.541474 0.00214756 0.00948488 0.00733479 0.09
159 1 -162.360859 0.002063 0.00884024 0.00672276 0.03
154 1 -163.714678 0.00282214 0.00855644 0.00721407 0.03
235 1 -162.596136 0.00188897 0.00868474 0.00591579 0.06
267 1 -164.304676 0.00226262 0.00820053 0.00506149 0.06
193 1 -160.936159 0.00188198 0.00753031 0.00465982 0.04
227 1 -165.999528 0.00256769 0.00868065 0.00756104 0.05
124 1 -162.042442 0.00233898 0.00807725 0.00805019 0.03
309 1 -165.843426 0.00162533 0.00572242 0.00631904 0.07
258 1 -165.339515 0.00219928 0.00873245 0.00858553 0.06
187 1 -156.933575 0.00178869 0.00882827 0.00546425 0.04
222 1 -164.376125 0.000979645 0.00361551 0.00292313 0.05
207 1 -163.137353 0.00201494 0.00979179 0.00764097 0.04
236 1 -166.357540 0.00202507 0.00977047 0.00721936 0.05
292 1 -163.633426 0.00268217 0.00990029 0.00691984 0.07
260 1 -164.286346 0.00192642 0.00693192 0.00512793 0.07
301 1 -165.804737 0.00246656 0.00979137 0.0067874 0.08
221 1 -162.089553 0.00205097 0.0097735 0.00609734 0.06
290 1 -162.970740 0.0024082 0.00888601 0.00814741 0.07
234 1 -164.063940 0.00153654 0.00623817 0.00414761 0.06
231 1 -161.135571 0.00191973 0.00763824 0.00656221 0.06
359 1 -165.185117 0.00253884 0.00853499 0.00678924 0.08
225 1 -160.452305 0.00165843 0.00716043 0.00474592 0.05
200 1 -167.851426 0.00232887 0.00942772 0.00706806 0.04
368 1 -168.358177 0.00189639 0.00807332 0.00551983 0.09
180 1 -164.524362 0.00231555 0.00902581 0.00563163 0.04
226 1 -168.159981 0.00168063 0.00881541 0.005413 0.05
202 1 -165.029920 0.00218699 0.00930376 0.00650239 0.05
271 1 -164.065952 0.00168102 0.00706394 0.00476275 0.07
234 1 -159.488394 0.00246558 0.00846103 0.00658604 0.06
221 1 -165.619698 0.00211522 0.00765968 0.00573635 0.05
184 1 -163.825317 0.00232798 0.00937623 0.00737351 0.05
212 1 -164.370154 0.0024877 0.00960147 0.00801725 0.05
214 1 -162.930390 0.00200637 0.00831315 0.00530614 0.05
159 1 -164.207951 0.00154664 0.00735735 0.005383 0.04
239 1 -167.697887 0.00152152 0.00724611 0.00541225 0.06
504 1 -168.109388 0.00185704 0.00978261 0.00557509 0.12
340 1 -167.395879 0.00169851 0.00679209 0.005617 0.08
205 1 -159.069070 0.00213051 0.00908762 0.00767579 0.05
125 1 -162.251795 0.0019164 0.00842871 0.00635125 0.03
262 1 -160.231182 0.00225318 0.00768208 0.00535312 0.06
239 1 -167.956816 0.00259166 0.00750259 0.00748997 0.06
376 1 -165.309956 0.00233118 0.00973358 0.00621144 0.09
281 1 -164.678418 0.00204017 0.00964981 0.0058374 0.06
285 1 -168.834333 0.00122413 0.00545628 0.00275018 0.05
260 1 -161.165134 0.00249307 0.0099058 0.00703765 0.06
219 1 -166.867948 0.00209324 0.00761818 0.0093335 0.04
200 1 -162.317448 0.00158337 0.00812972 0.00492968 0.04
422 1 -166.586688 0.00177744 0.00759977 0.00586285 0.1
158 1 -164.333957 0.00200556 0.00807417 0.00614029 0.03
227 1 -157.465116 0.00259163 0.00874583 0.00633539 0.05
168 1 -160.506705 0.00220044 0.0075826 0.00587717 0.03
240 1 -160.847067 0.00251696 0.00938847 0.0064743 0.05
327 1 -167.009120 0.00202459 0.00779017 0.00533539 0.07
208 1 -166.362646 0.00151409 0.00810525 0.00540951 0.04
283 1 -162.041967 0.00207917 0.00825466 0.00649174 0.06
180 1 -162.724325 0.00188307 0.00684741 0.00405352 0.04
205 1 -165.573378 0.00273824 0.00897039 0.00774967 0.05
291 1 -163.637859 0.00341462 0.00957539 0.00990724 0.07
204 1 -163.362060 0.00242649 0.00863122 0.00650026 0.04
248 1 -160.980988 0.00200279 0.00732867 0.00496993 0.06
295 1 -164.773270 0.00214417 0.00688022 0.00619328 0.07
264 1 -161.858450 0.00237918 0.00875939 0.00785169 0.07
194 1 -167.545004 0.00163502 0.00510566 0.00514413 0.04
180 1 -157.025633 0.00299878 0.00962327 0.00963283 0.04
145 1 -164.300214 0.00211988 0.00926509 0.0050815 0.04
195 1 -163.415497 0.00226885 0.00982869 0.00631923 0.05
235 1 -164.597614 0.00257257 0.00976451 0.00895268 0.06
181 1 -170.143976 0.00186701 0.0095264 0.00693987 0.04
239 1 -165.632744 0.00213969 0.00927879 0.00707627 0.06
275 1 -159.068490 0.00187646 0.00759038 0.00678875 0.06
221 1 -165.215899 0.0012928 0.00507211 0.00376447 0.06
276 1 -165.853652 0.00175116 0.00762802 0.00544493 0.07
397 1 -166.694494 0.00239417 0.00956294 0.00879289 0.09
174 1 -165.199190 0.0023169 0.00699627 0.00724 0.03
268 1 -168.623890 0.00265182 0.0098942 0.00720806 0.06
214 1 -164.177113 0.00183572 0.00888168 0.00607745 0.04
220 1 -166.830124 0.00212975 0.00770203 0.00626506 0.05
275 1 -166.632043 0.00194505 0.00795159 0.0042174 0.06
252 1 -162.007264 0.00261814 0.00815585 0.00798511 0.06
168 1 -162.952649 0.00252002 0.00992909 0.00653949 0.03
198 1 -167.934214 0.0020236 0.00713263 0.00708504 0.05
217 1 -165.120691 0.00211635 0.00933861 0.00826466 0.04
226 1 -164.297945 0.00221304 0.00923336 0.00607995 0.05
340 1 -166.478451 0.0021287 0.00866118 0.0050176 0.08
183 1 -162.561025 0.00212889 0.00877523 0.00604426 0.04
218 1 -162.016951 0.00171437 0.00949309 0.00598897 0.05
276 1 -164.177628 0.0018991 0.00587685 0.00570993 0.06
231 1 -165.908173 0.00264422 0.00904562 0.0061384 0.05
356 1 -167.695700 0.0029576 0.0087757 0.00928811 0.09
247 1 -166.426173 0.00177954 0.00763929 0.00534488 0.06
264 1 -165.810886 0.00177465 0.00924444 0.00711948 0.06
295 1 -166.907592 0.00192132 0.00683472 0.00553711 0.07
170 1 -161.213444 0.00279833 0.00979348 0.00964219 0.04
