#nfuncalls success energy rms maxgrad maxgrad_component time
261 1 -162.558681 0.00279367 0.00854845 0.00879244 0.031101
214 1 -162.738121 0.0027722 0.00837015 0.0108732 0.026845
262 1 -163.525878 0.00116615 0.00530254 0.00335565 0.032398
268 1 -165.664989 0.00224919 0.00873745 0.00814888 0.033501
186 1 -165.657983 0.00188444 0.00685295 0.00545391 0.021414
167 1 -164.921361 0.00234647 0.00894523 0.00650206 0.020997
177 1 -162.381258 0.00225059 0.00987999 0.00855174 0.022443
173 1 -166.896684 0.00308804 0.0089066 0.0111246 0.025173
222 1 -166.986274 0.00230851 0.00903009 0.00606585 0.02812
190 1 -161.737550 0.00220405 0.00968139 0.00746755 0.024189
163 1 -165.303743 0.00242666 0.007074 0.00578563 0.021089
183 1 -164.341495 0.00100731 0.00574711 0.00315296 0.026605
128 1 -163.896359 0.00169792 0.00619771 0.00547758 0.016742
204 1 -165.100696 0.00186961 0.00965801 0.00692958 0.028556
192 1 -164.825065 0.00237115 0.00860618 0.0075722 0.024197
230 1 -164.000323 0.00308138 0.00837138 0.0107828 0.02904
284 1 -162.221769 0.00186534 0.00762349 0.00470013 0.034142
242 1 -156.968360 0.00276584 0.00998898 0.00717 0.034013
296 1 -166.900803 0.00229362 0.00771715 0.00768736 0.038928
160 1 -166.491004 0.00320644 0.00931416 0.0123675 0.020499
155 1 -160.511905 0.00198642 0.00933794 0.00483307 0.023354
223 1 -162.582612 0.00192938 0.00865893 0.00516972 0.027921
165 1 -161.981080 0.0034308 0.00954968 0.0111162 0.024039
191 1 -163.850337 0.00258773 0.00737876 0.00837763 0.024291
193 1 -160.049294 0.00180432 0.00506722 0.00521917 0.023844
198 1 -159.467229 0.00134157 0.00598529 0.00395984 0.02483
162 1 -162.263648 0.00349116 0.0098291 0.0133323 0.024115
230 1 -162.795042 0.00141135 0.00729396 0.00391724 0.028615
204 1 -163.380534 0.00178743 0.00905849 0.00470448 0.029164
333 1 -164.560354 0.00166567 0.00638463 0.00552342 0.045469
261 1 -166.157079 0.00278111 0.00998604 0.00774133 0.032636
203 1 -164.854262 0.00278824 0.00930934 0.00745815 0.030216
234 1 -164.813592 0.00183268 0.00722384 0.00520415 0.031789
184 1 -160.215295 0.0016604 0.00911108 0.00483907 0.023675
177 1 -163.560116 0.00198201 0.00971154 0.00483711 0.022845
250 1 -161.155456 0.00192927 0.00812963 0.00747548 0.030757
267 1 -162.348631 0.00244236 0.00982548 0.00679763 0.031664
210 1 -163.936262 0.00243152 0.00981153 0.0071425 0.024013
312 1 -165.092405 0.00221995 0.0083884 0.00760545 0.035978
194 1 -165.027527 0.00140485 0.00751301 0.00343433 0.022688
161 1 -164.072097 0.00219078 0.00633659 0.007019 0.018599
206 1 -164.432714 0.00119951 0.00528874 0.00399264 0.024093
259 1 -165.153070 0.00266182 0.00948725 0.0123958 0.030578
272 1 -163.907139 0.00285893 0.009731 0.00731828 0.032633
171 1 -161.887777 0.00351316 0.00959116 0.0139834 0.020464
411 1 -166.568835 0.00295248 0.00916673 0.00854875 0.04783
285 1 -167.326228 0.00258523 0.0093755 0.0091631 0.032926
168 1 -163.140721 0.00201718 0.00748018 0.00643007 0.019451
353 1 -163.169177 0.00206699 0.00783557 0.00733226 0.041187
148 1 -158.896138 0.00237483 0.00954793 0.00634411 0.017363
170 1 -163.500231 0.00187188 0.00830768 0.00628206 0.020071
160 1 -159.406880 0.00194048 0.00707219 0.00497024 0.018804
143 1 -157.271662 0.00198048 0.00992348 0.0065222 0.01653
198 1 -163.120616 0.00269164 0.00891219 0.00867493 0.022895
165 1 -155.945469 0.00173495 0.00783747 0.00398698 0.019322
153 1 -164.124724 0.00201828 0.00636639 0.00625591 0.017653
168 1 -165.645431 0.00265756 0.00914751 0.00907834 0.019774
256 1 -167.561945 0.00234025 0.0077798 0.00636377 0.029526
238 1 -162.931569 0.0018062 0.00814222 0.00475671 0.026963
150 1 -161.708566 0.00132067 0.0062017 0.00374449 0.017435
224 1 -164.823713 0.00187213 0.00728844 0.00506979 0.025815
164 1 -156.954145 0.00184595 0.00693595 0.00568395 0.018759
238 1 -162.783370 0.00171393 0.00782159 0.00631937 0.027375
176 1 -162.420841 0.00151085 0.00967714 0.00410918 0.020667
294 1 -165.997132 0.00271577 0.00749068 0.00911013 0.033534
274 1 -162.250152 0.00153707 0.00724028 0.00451486 0.031281
224 1 -166.310765 0.00126994 0.00417755 0.00409325 0.025436
173 1 -160.580172 0.00146796 0.00475319 0.00403406 0.020481
323 1 -167.776287 0.00234279 0.00964798 0.00693765 0.042337
219 1 -164.936439 0.00296752 0.00959622 0.00790815 0.025516
150 1 -166.210082 0.00170556 0.00735886 0.00437005 0.017234
252 1 -162.960291 0.00247626 0.00920647 0.00641734 0.029726
251 1 -167.751394 0.00194424 0.00791162 0.0057188 0.02953
192 1 -165.286496 0.00282178 0.00915684 0.00931924 0.022372
147 1 -161.876162 0.00194044 0.00777456 0.00508125 0.020594
331 1 -167.088003 0.00251939 0.0075303 0.0116712 0.048729
211 1 -162.398271 0.00176797 0.00582034 0.00489186 0.025702
157 1 -165.256390 0.00271703 0.0079983 0.00802245 0.018009
205 1 -164.708801 0.00291397 0.00995935 0.00781162 0.02378
187 1 -165.986639 0.00212887 0.00968008 0.00561453 0.022553
189 1 -164.798894 0.0018765 0.00740249 0.00475718 0.022483
232 1 -166.999672 0.0021152 0.00674497 0.00607641 0.027042
222 1 -160.590392 0.00157063 0.00610298 0.00454736 0.026456
155 1 -162.223830 0.00255375 0.00746095 0.0115468 0.017559
226 1 -160.296600 0.00223084 0.00735832 0.0061085 0.025511
188 1 -164.291074 0.00203745 0.00713095 0.00554091 0.021458
146 1 -161.004798 0.00155769 0.00702845 0.00506802 0.016918
242 1 -166.224284 0.00287243 0.0090627 0.00879108 0.027705
217 1 -167.222225 0.00128722 0.00469521 0.00404368 0.024949
243 1 -165.436907 0.00246615 0.0085209 0.00823658 0.028215
203 1 -166.006438 0.0028691 0.00983319 0.0077385 0.023133
421 1 -168.997705 0.0018139 0.0062761 0.00575562 0.048816
170 1 -159.973213 0.00237231 0.00905519 0.00630571 0.019256
234 1 -162.813030 0.00129006 0.00647041 0.00313473 0.026852
229 1 -154.933839 0.00179992 0.00812836 0.00477178 0.026768
144 1 -158.609218 0.00174859 0.00786753 0.00581113 0.016312
158 1 -161.596147 0.00173095 0.0063041 0.00475467 0.018051
185 1 -165.254139 0.00267545 0.00971627 0.0100279 0.021123
162 1 -164.405795 0.00187831 0.00668347 0.00623669 0.018671
192 1 -164.206223 0.00217405 0.00906534 0.00676632 0.021945
325 1 -164.610205 0.00182078 0.00732574 0.0055058 0.03775
238 1 -159.870900 0.00238106 0.00983631 0.00758141 0.027961
237 1 -165.423625 0.00191495 0.00738069 0.00510741 0.027281
352 1 -169.106964 0.00258094 0.00784423 0.00770484 0.041101
184 1 -168.272971 0.00254595 0.00934877 0.00616017 0.02122
178 1 -163.794808 0.00196962 0.007444 0.00599237 0.020878
244 1 -159.987782 0.00162761 0.00767647 0.00485524 0.027866
137 1 -164.358903 0.00167455 0.00841159 0.00470216 0.015866
217 1 -164.136530 0.00286088 0.00787024 0.00634218 0.025188
216 1 -161.876594 0.00272296 0.00921958 0.00684316 0.024573
193 1 -163.841836 0.00304686 0.00966069 0.00801009 0.02195
170 1 -161.243552 0.00143478 0.00537199 0.00519755 0.019309
198 1 -166.089102 0.00217441 0.00946375 0.00647128 0.022893
231 1 -164.165257 0.00151648 0.00731331 0.00529265 0.026943
201 1 -165.944384 0.00220535 0.00906143 0.00597711 0.023501
238 1 -167.126844 0.00174453 0.00981103 0.00637781 0.027711
174 1 -164.974988 0.00188843 0.00758284 0.00600421 0.020034
224 1 -162.028794 0.00239471 0.00964082 0.00665979 0.025897
341 1 -167.517339 0.00189248 0.00858493 0.0053034 0.039076
237 1 -158.572147 0.00326744 0.00961707 0.0149939 0.026992
275 1 -165.359139 0.001407 0.0064848 0.00389209 0.031616
195 1 -165.591632 0.00154557 0.0063404 0.00455268 0.022302
182 1 -164.066714 0.00214444 0.00752525 0.00578679 0.020616
243 1 -166.986167 0.00201821 0.00618008 0.00736221 0.028386
198 1 -165.335804 0.00193543 0.00881802 0.00691364 0.02302
224 1 -163.355975 0.00251198 0.00951564 0.00709592 0.026135
257 1 -166.576453 0.00168121 0.00778609 0.00580611 0.029198
143 1 -163.767900 0.00325751 0.00966232 0.00960325 0.01618
158 1 -165.958407 0.00180238 0.00961347 0.00558551 0.018141
192 1 -163.036196 0.00199234 0.00959594 0.00522601 0.021795
177 1 -168.443678 0.00240855 0.00911399 0.0078007 0.020275
148 1 -165.285101 0.00189551 0.00721297 0.00546109 0.016884
183 1 -165.550408 0.00192753 0.0079744 0.00601473 0.02094
196 1 -162.008396 0.00234015 0.00897262 0.00683182 0.022697
328 1 -169.614956 0.00257488 0.00751728 0.00655419 0.037971
310 1 -166.644943 0.00263891 0.00964245 0.00888161 0.035908
182 1 -163.292783 0.00185055 0.0073156 0.00466757 0.021152
245 1 -169.223711 0.00189579 0.00850104 0.0056424 0.028
168 1 -161.561259 0.00106755 0.00410494 0.00302787 0.019472
214 1 -165.270559 0.00167602 0.00543557 0.00584925 0.024561
188 1 -165.504719 0.00167532 0.00763152 0.00415305 0.021732
179 1 -164.466518 0.000999125 0.00479703 0.00282117 0.020443
169 1 -166.118287 0.00185161 0.00831774 0.00526657 0.019217
223 1 -162.495232 0.00138533 0.00514531 0.00369082 0.025327
200 1 -161.378094 0.00211037 0.00992576 0.0075043 0.022713
199 1 -167.761252 0.00206468 0.0099153 0.00536078 0.022652
235 1 -164.267498 0.00249364 0.00981484 0.00610171 0.026558
188 1 -162.076723 0.00284615 0.00971411 0.00717797 0.021485
141 1 -163.825529 0.00216808 0.0074817 0.00643949 0.016062
238 1 -170.376927 0.00185952 0.00969507 0.00627154 0.027067
158 1 -160.145804 0.00233964 0.00988425 0.0069474 0.019144
194 1 -161.531904 0.0023857 0.00991142 0.00837823 0.022535
149 1 -164.552600 0.000895358 0.00373481 0.00223603 0.016972
194 1 -167.285034 0.00154573 0.00767095 0.00419747 0.0225
205 1 -162.156479 0.00196712 0.00840325 0.00749367 0.023923
273 1 -165.714967 0.00161718 0.00795908 0.00453124 0.031449
210 1 -164.177853 0.00196569 0.00952313 0.00877659 0.024215
202 1 -165.342771 0.00211979 0.00769592 0.00447198 0.023705
235 1 -166.537183 0.00181353 0.00557012 0.00709427 0.026959
353 1 -167.167826 0.00161738 0.00602879 0.00389353 0.040561
163 1 -166.475054 0.00226568 0.00889408 0.00670716 0.018872
181 1 -168.353894 0.00126987 0.00502428 0.00371878 0.020763
178 1 -163.159995 0.00291865 0.0092858 0.00980668 0.020156
240 1 -167.739946 0.00166014 0.00638864 0.00534516 0.027073
192 1 -160.593605 0.00242794 0.00984597 0.00701358 0.021909
143 1 -163.453123 0.00208708 0.00663294 0.00603561 0.016256
193 1 -165.070231 0.00174387 0.00903181 0.00613285 0.022296
501 1 -166.343969 0.00268702 0.00957106 0.00676752 0.054567
205 1 -167.087093 0.00215224 0.00825594 0.00891639 0.023171
245 1 -167.675173 0.00133776 0.00695961 0.00553378 0.027815
214 1 -166.755869 0.00275175 0.00938512 0.00947917 0.024327
212 1 -158.666241 0.00244955 0.00908938 0.00710573 0.024173
259 1 -162.645955 0.00205997 0.00882312 0.00678326 0.029724
194 1 -164.206993 0.00213486 0.00908513 0.00481206 0.022762
319 1 -162.525929 0.00147822 0.00626134 0.00396906 0.036345
215 1 -163.193608 0.00261733 0.00947944 0.00629723 0.025014
217 1 -164.301830 0.00187832 0.00642036 0.00542109 0.024901
249 1 -163.882732 0.00131278 0.00871088 0.00431288 0.029025
275 1 -165.165048 0.00184387 0.00833604 0.00524827 0.030964
234 1 -165.454384 0.00207204 0.00978511 0.00795874 0.02679
176 1 -162.973738 0.00134418 0.00516281 0.00425976 0.020059
154 1 -162.490976 0.00159657 0.0089722 0.0039736 0.017699
221 1 -164.607615 0.00273432 0.0071301 0.00801627 0.025475
137 1 -163.049518 0.00197149 0.00905829 0.00560187 0.015715
247 1 -166.414921 0.00206251 0.00789785 0.00708933 0.028111
250 1 -164.071712 0.00211321 0.00970568 0.00635366 0.028601
267 1 -166.847337 0.00246003 0.0097152 0.00923231 0.031081
170 1 -161.038654 0.0027976 0.00905799 0.00846033 0.019618
140 1 -156.494982 0.00213139 0.00745591 0.00596315 0.016251
347 1 -168.215247 0.00198869 0.00613723 0.00524315 0.03995
199 1 -162.040530 0.0020439 0.00969608 0.00517794 0.023115
241 1 -168.191358 0.00286905 0.0099208 0.00920732 0.028041
285 1 -166.559803 0.0025956 0.00845342 0.00809421 0.03281
180 1 -165.167821 0.00163751 0.00718971 0.00481036 0.020637
335 1 -167.160823 0.00205065 0.00650972 0.00600356 0.038827
174 1 -164.755974 0.00187798 0.00690472 0.00612061 0.01965
199 1 -160.752001 0.0024857 0.00846325 0.0108598 0.022936
203 1 -165.928176 0.0014506 0.00688854 0.00452694 0.023565
148 1 -161.112940 0.00253595 0.00976263 0.00698283 0.016973
154 1 -166.607332 0.00251374 0.00931216 0.0119481 0.017684
251 1 -167.365372 0.0025723 0.00782433 0.0083318 0.028897
240 1 -163.502674 0.00356432 0.00955921 0.0159734 0.027511
152 1 -165.606450 0.00243729 0.00863729 0.00614905 0.017235
186 1 -164.739974 0.00181532 0.00684469 0.00523906 0.02119
176 1 -166.917317 0.00239846 0.00947443 0.00733617 0.019964
214 1 -161.642832 0.00225386 0.0077366 0.00548061 0.024739
210 1 -168.246556 0.00268072 0.00807579 0.00762252 0.023961
172 1 -162.968591 0.00221439 0.00917169 0.00813366 0.019506
203 1 -161.221577 0.00311469 0.00907705 0.00894933 0.023221
202 1 -168.060187 0.00190222 0.00930408 0.0053663 0.023345
189 1 -162.838865 0.00134716 0.00523111 0.00456638 0.021636
210 1 -167.999112 0.00189886 0.00805092 0.00520709 0.024034
230 1 -164.237807 0.00178751 0.00706077 0.00430288 0.026355
179 1 -163.312927 0.0024192 0.00902683 0.00761958 0.020492
159 1 -164.337910 0.00194041 0.00880612 0.00533625 0.018606
176 1 -160.881427 0.00108691 0.00569503 0.00384819 0.020261
160 1 -158.937249 0.00179246 0.00749903 0.0055613 0.018772
203 1 -165.261699 0.00240687 0.00743105 0.00722948 0.023525
147 1 -163.962528 0.00178661 0.0070643 0.00519755 0.01679
229 1 -165.725152 0.0021204 0.00984738 0.00635587 0.026289
286 1 -169.081242 0.00120982 0.00615359 0.00405157 0.033002
179 1 -166.471508 0.00206223 0.00837945 0.0079766 0.020415
166 1 -163.058579 0.00243 0.00988717 0.00929167 0.01878
177 1 -163.016012 0.00194761 0.00972695 0.00483766 0.020281
199 1 -162.958767 0.00187222 0.00604987 0.00494162 0.022996
133 1 -163.942069 0.0018757 0.00814593 0.00487178 0.015121
207 1 -163.482333 0.00172545 0.00968369 0.00623043 0.023414
177 1 -164.076310 0.00124261 0.0059348 0.00290476 0.020348
301 1 -165.515098 0.00120772 0.00500073 0.00453975 0.03427
231 1 -163.054419 0.00162069 0.00650904 0.00500859 0.026784
234 1 -166.786236 0.002587 0.00996072 0.00634222 0.026758
288 1 -168.429776 0.00252272 0.00982381 0.0073663 0.03295
282 1 -167.313399 0.00186422 0.0085572 0.00598843 0.032407
207 1 -160.156807 0.00246549 0.00936238 0.00788015 0.023684
214 1 -165.171798 0.00273034 0.0089347 0.00884192 0.024243
246 1 -163.862035 0.00159848 0.00674606 0.00570483 0.028152
155 1 -159.730708 0.00201437 0.00819831 0.00547358 0.017558
200 1 -158.715018 0.00193119 0.00641625 0.00565024 0.022876
305 1 -166.561533 0.00201496 0.0091125 0.00510194 0.034628
271 1 -161.777339 0.00278444 0.00938754 0.00778145 0.030884
201 1 -163.532781 0.00236865 0.00703644 0.00733767 0.02278
194 1 -158.758106 0.00222494 0.00940914 0.0052545 0.021845
195 1 -161.256157 0.00218727 0.00897924 0.00661416 0.022291
268 1 -163.044780 0.00226414 0.00971169 0.00669298 0.030412
248 1 -162.636026 0.00236671 0.00769544 0.00794164 0.028052
156 1 -159.980694 0.00237216 0.00932159 0.00665295 0.017677
281 1 -168.818840 0.00201861 0.0095812 0.0058968 0.031749
117 1 -157.723107 0.00220835 0.00675108 0.00519115 0.01315
241 1 -169.250593 0.00234741 0.0092612 0.00704949 0.027501
171 1 -162.044791 0.00285492 0.00985216 0.0108017 0.019374
187 1 -163.316823 0.00213579 0.0092177 0.0080817 0.021256
192 1 -161.731216 0.00154277 0.00697619 0.00535852 0.021958
183 1 -162.910741 0.00232938 0.00748878 0.00597761 0.020994
271 1 -167.597918 0.00248706 0.00740544 0.00724207 0.030708
212 1 -165.658468 0.00137693 0.00715435 0.0036613 0.024116
224 1 -166.029264 0.00209127 0.00757776 0.00563098 0.025376
167 1 -165.888372 0.00155196 0.00529069 0.00444868 0.019045
221 1 -165.709426 0.00215501 0.00784228 0.00616023 0.02517
140 1 -164.667667 0.00142894 0.00747053 0.00423617 0.015773
154 1 -161.645133 0.0024641 0.00839921 0.00717723 0.017752
232 1 -166.683131 0.00152638 0.00811191 0.00419291 0.026291
198 1 -164.682105 0.00253171 0.0085101 0.00696211 0.022529
189 1 -163.922053 0.00153885 0.00784795 0.00450403 0.021554
191 1 -163.413783 0.001373 0.00647235 0.00416386 0.021805
328 1 -167.236949 0.00178752 0.00621597 0.00481582 0.037491
300 1 -167.239208 0.00163956 0.00763657 0.00507292 0.034183
161 1 -162.365439 0.00147725 0.00563498 0.00442852 0.018285
190 1 -165.896239 0.00176543 0.00579938 0.00444948 0.021739
235 1 -153.896141 0.00247304 0.00983232 0.00775679 0.027091
178 1 -161.635961 0.00162088 0.00485641 0.00448209 0.020637
229 1 -159.798197 0.00188078 0.00708532 0.00446172 0.026085
292 1 -167.379977 0.00202375 0.00908834 0.00729554 0.033358
178 1 -165.886864 0.00294518 0.00852163 0.00878808 0.020531
147 1 -157.991301 0.00224504 0.00999777 0.0074152 0.016819
297 1 -164.400260 0.00164404 0.00903492 0.00480123 0.032847
180 1 -167.168478 0.00255025 0.00781212 0.00636895 0.020474
173 1 -153.851813 0.00155623 0.0063635 0.00391831 0.020149
171 1 -164.471652 0.00100136 0.00361373 0.00263747 0.019575
155 1 -161.247828 0.00243869 0.0068947 0.00725399 0.018586
183 1 -164.004319 0.00153939 0.00583983 0.00371893 0.02076
151 1 -162.515982 0.0015815 0.00642404 0.00519667 0.01794
220 1 -164.813715 0.0015887 0.00576344 0.0044082 0.025327
193 1 -164.748369 0.00161292 0.00597201 0.00597768 0.022611
271 1 -166.978414 0.00168031 0.00626655 0.00459172 0.033496
388 1 -168.641296 0.00117694 0.00500684 0.00272013 0.044763
186 1 -157.953161 0.0026532 0.00939749 0.00830592 0.022805
225 1 -165.459153 0.00152527 0.00627057 0.00370539 0.026419
214 1 -164.140784 0.00211593 0.00880783 0.00511696 0.025272
233 1 -161.378372 0.00133199 0.00466332 0.00405822 0.026873
213 1 -161.715169 0.00224758 0.00637277 0.0055231 0.025517
182 1 -164.230308 0.0027864 0.00987295 0.00761696 0.02101
287 1 -161.709085 0.00187125 0.00696881 0.00472264 0.032925
244 1 -162.345493 0.000967978 0.00429604 0.00224146 0.028711
206 1 -162.460704 0.00225856 0.00846031 0.00665568 0.023959
167 1 -164.213795 0.00262994 0.00942313 0.00731642 0.019883
159 1 -166.610267 0.00163412 0.00659409 0.00614564 0.018541
201 1 -160.847168 0.00213715 0.00723371 0.00636333 0.023272
214 1 -166.814074 0.00253411 0.0073274 0.00666264 0.024466
183 1 -165.136651 0.00200029 0.00929519 0.00493967 0.021
173 1 -163.166582 0.00290032 0.00935922 0.00928227 0.019826
138 1 -166.641400 0.00245183 0.00978001 0.00679495 0.015753
233 1 -166.740988 0.00314885 0.0093244 0.00978682 0.026665
120 1 -161.516259 0.00197654 0.00940819 0.00588681 0.013645
243 1 -166.501226 0.00187634 0.00911067 0.00656484 0.028695
205 1 -164.669929 0.00177477 0.006679 0.0073054 0.024018
197 1 -163.916133 0.00273141 0.00957293 0.010356 0.022762
276 1 -165.617078 0.00189921 0.00793787 0.00552776 0.031522
238 1 -163.399416 0.00187114 0.00882561 0.00613298 0.027169
171 1 -159.521354 0.00316243 0.00943023 0.0100478 0.020427
168 1 -165.217750 0.00147744 0.00573798 0.0038086 0.020686
162 1 -161.765806 0.00207423 0.00794644 0.00512874 0.019016
224 1 -160.923814 0.00190625 0.00847021 0.0057451 0.025755
366 1 -166.357853 0.00222819 0.00967825 0.00638336 0.042936
205 1 -161.503634 0.00145177 0.00672601 0.00422551 0.023665
151 1 -167.399912 0.00253363 0.00817761 0.00832991 0.018275
240 1 -166.655068 0.00212469 0.00797802 0.00776526 0.027859
227 1 -166.334615 0.00157965 0.00559498 0.00443163 0.030998
160 1 -160.019223 0.00185522 0.00683169 0.00521515 0.018642
269 1 -163.563375 0.00123606 0.00728501 0.00343738 0.031158
304 1 -168.204940 0.00142574 0.00935952 0.00525641 0.035148
145 1 -160.708262 0.0024915 0.00906845 0.00625725 0.016638
245 1 -165.417300 0.00268279 0.00925275 0.00833678 0.028183
149 1 -155.405222 0.00197637 0.00999675 0.00537936 0.016931
183 1 -169.083179 0.00125047 0.00615616 0.00341507 0.020718
199 1 -162.510636 0.00226855 0.00944119 0.00759316 0.022554
268 1 -167.404800 0.00226186 0.00815951 0.00788871 0.03043
234 1 -166.205645 0.0025988 0.00877749 0.00691956 0.026535
225 1 -165.824308 0.00149179 0.00646013 0.00455586 0.025527
231 1 -164.903351 0.00278092 0.00797717 0.00810673 0.0265
152 1 -163.707950 0.00216243 0.00956369 0.00555488 0.017074
153 1 -163.685473 0.00243598 0.00840674 0.00845314 0.017351
275 1 -169.805604 0.000884598 0.00366537 0.00252069 0.031227
296 1 -165.227304 0.00194341 0.00991896 0.00443153 0.033639
386 1 -167.486730 0.00177159 0.0057178 0.00508542 0.044252
174 1 -163.084229 0.00230616 0.00866994 0.00908513 0.019959
217 1 -165.259473 0.00328144 0.00996561 0.0089413 0.024672
204 1 -163.755974 0.00223868 0.00912577 0.00614927 0.023367
218 1 -157.157280 0.00166407 0.00772474 0.00457903 0.024775
296 1 -162.421044 0.00191089 0.00721078 0.00517819 0.033621
250 1 -165.996843 0.0024203 0.00874341 0.00792296 0.028534
174 1 -164.006893 0.0021544 0.00634983 0.00738367 0.019696
221 1 -167.744745 0.00259331 0.00949568 0.0106805 0.025238
223 1 -163.668490 0.00152087 0.00721753 0.00575683 0.0252
168 1 -168.827387 0.00259891 0.00912389 0.00758501 0.019201
198 1 -162.851312 0.00208092 0.00807468 0.00521055 0.022708
124 1 -162.694055 0.00181851 0.00776284 0.00566823 0.014111
197 1 -168.923757 0.00241542 0.00881558 0.00603891 0.022345
199 1 -160.437586 0.00189923 0.00981676 0.005818 0.022967
263 1 -161.675462 0.00279546 0.00885965 0.00971465 0.029706
288 1 -167.993339 0.000963998 0.00364241 0.003086 0.035203
191 1 -163.188894 0.00139969 0.00626363 0.00357005 0.022514
191 1 -167.416446 0.00220561 0.00742024 0.0100625 0.022046
157 1 -150.243302 0.00255109 0.00991963 0.00643702 0.018406
190 1 -163.463716 0.00264122 0.00925214 0.00610201 0.021596
178 1 -161.491157 0.00216503 0.00760988 0.00613792 0.020504
180 1 -161.145812 0.00148094 0.00667701 0.00507543 0.020762
184 1 -164.135331 0.00166447 0.00733656 0.0043786 0.021127
137 1 -162.979329 0.00252289 0.00882932 0.00830895 0.015487
166 1 -160.349166 0.00336869 0.0098582 0.0111656 0.01912
285 1 -168.113445 0.00281454 0.00980093 0.00835053 0.032264
283 1 -169.104236 0.0019122 0.00888638 0.00640289 0.032765
200 1 -165.154855 0.00216901 0.00852543 0.00588908 0.023807
151 1 -164.598133 0.00343431 0.00987692 0.00908982 0.017319
268 1 -169.255334 0.00134895 0.0055975 0.00419669 0.031083
224 1 -162.010809 0.00157616 0.00524025 0.00495198 0.025857
229 1 -163.994843 0.00224361 0.00887126 0.00729781 0.026443
163 1 -165.696598 0.00158387 0.0072435 0.00443132 0.020725
195 1 -165.160627 0.00249415 0.00850298 0.00873002 0.022065
167 1 -163.917063 0.0021486 0.00849707 0.00560158 0.018994
189 1 -165.953471 0.00123397 0.00473829 0.00328545 0.027198
130 1 -170.353802 0.00106293 0.0052717 0.00262553 0.015374
202 1 -163.521877 0.00170886 0.00778511 0.00791489 0.023308
162 1 -165.235426 0.00248987 0.00975766 0.00809824 0.018511
234 1 -160.486911 0.00215945 0.00791992 0.00722037 0.026345
130 1 -162.155283 0.00151753 0.00766555 0.00501214 0.014866
117 1 -158.031298 0.0021373 0.00801424 0.00582636 0.013145
210 1 -167.071451 0.00181994 0.00928999 0.00476953 0.024595
123 1 -163.210683 0.00212561 0.00680795 0.00511961 0.013915
181 1 -162.561554 0.00122683 0.00891611 0.00439873 0.020705
188 1 -161.639661 0.00184996 0.0084785 0.00465234 0.021786
142 1 -164.254678 0.00177948 0.00934779 0.00588155 0.015993
188 1 -164.152851 0.00235697 0.00973921 0.00650016 0.021813
214 1 -165.110193 0.00249396 0.00688671 0.00973828 0.024253
214 1 -162.625140 0.00187057 0.00616 0.00789211 0.024651
140 1 -161.125340 0.002509 0.00977673 0.0103323 0.016319
327 1 -161.039917 0.00201927 0.00913246 0.00752114 0.037491
208 1 -164.998768 0.00188831 0.00538393 0.00448161 0.024226
192 1 -165.050145 0.00185532 0.00951914 0.00448536 0.022027
270 1 -168.605586 0.00259239 0.00831981 0.00708142 0.030916
264 1 -161.762082 0.00242203 0.00890422 0.00910689 0.030551
232 1 -166.057207 0.00281529 0.00928271 0.00783302 0.026698
193 1 -158.928283 0.00246218 0.00950508 0.00629666 0.022406
319 1 -163.531191 0.00234184 0.00774711 0.00617343 0.036075
168 1 -163.382068 0.00112706 0.00486226 0.00358105 0.019162
402 1 -168.660617 0.00236177 0.00627911 0.00779332 0.045857
214 1 -165.624469 0.00196441 0.00774534 0.00696355 0.024598
228 1 -164.055138 0.0011939 0.00628512 0.0032595 0.025951
219 1 -160.168655 0.00181541 0.0077407 0.00420597 0.025194
142 1 -160.548136 0.00238863 0.00927262 0.00684175 0.016219
231 1 -161.576440 0.00191571 0.00803851 0.00691248 0.026512
219 1 -167.690204 0.00158287 0.00783574 0.00528025 0.025216
365 1 -166.881752 0.00192425 0.00996009 0.00724303 0.042056
188 1 -166.874244 0.00170767 0.00981767 0.0049768 0.021437
271 1 -166.257162 0.00154122 0.00696902 0.00478542 0.030868
213 1 -166.013263 0.00223941 0.00794448 0.00658219 0.024188
302 1 -167.754127 0.00167746 0.00652639 0.00760022 0.039843
242 1 -164.954395 0.00181875 0.00823186 0.00512945 0.028014
160 1 -162.710998 0.00304913 0.00888434 0.0086203 0.018133
295 1 -163.242117 0.00139321 0.00607745 0.00747059 0.033649
120 1 -167.500302 0.00164248 0.00472808 0.00440557 0.01355
224 1 -160.395630 0.00250179 0.00907922 0.00801867 0.02591
200 1 -161.858201 0.00199465 0.00897004 0.00592049 0.022941
358 1 -164.330238 0.00120859 0.00372469 0.00374009 0.040524
268 1 -165.333359 0.00265781 0.0097192 0.0120487 0.031071
228 1 -166.565364 0.00146946 0.00623669 0.00401071 0.026124
194 1 -156.047727 0.0017756 0.00727213 0.00519859 0.022511
293 1 -166.926480 0.00184741 0.00742614 0.00569713 0.033061
202 1 -166.946019 0.00259314 0.00902379 0.00692219 0.023154
170 1 -164.399287 0.0027794 0.00920641 0.00737926 0.01947
303 1 -167.986130 0.0020566 0.00710263 0.00603444 0.036359
177 1 -166.368679 0.00177899 0.006527 0.00587541 0.020473
174 1 -165.082081 0.00262395 0.00956 0.00749354 0.019615
199 1 -165.218063 0.0021052 0.00588862 0.00586101 0.022542
374 1 -170.086404 0.00203471 0.00947498 0.00557568 0.043062
239 1 -164.768285 0.00213976 0.00939503 0.00561577 0.027586
158 1 -163.462180 0.00174224 0.00701482 0.00829959 0.018179
164 1 -164.318014 0.00251924 0.00918752 0.00641706 0.018802
231 1 -165.608202 0.00158985 0.00553606 0.00513133 0.026245
214 1 -170.301458 0.00165136 0.00945471 0.00843037 0.024197
216 1 -165.520785 0.0014637 0.00606356 0.00393982 0.024917
325 1 -161.920481 0.00212011 0.00983989 0.00722471 0.038453
361 1 -169.618568 0.00114258 0.00490234 0.0039491 0.041073
144 1 -164.002022 0.0019341 0.0090834 0.00664186 0.016265
175 1 -161.092038 0.00180802 0.0091714 0.00479525 0.019936
147 1 -165.216868 0.00186464 0.00850036 0.00485077 0.016824
153 1 -168.376135 0.00266764 0.00925098 0.00710345 0.017416
221 1 -168.409358 0.0030493 0.00948613 0.00710034 0.024985
183 1 -165.924565 0.00159786 0.00794659 0.00590147 0.020988
246 1 -165.993382 0.00258319 0.00928238 0.00766921 0.027854
196 1 -167.455606 0.00116915 0.00584048 0.00338768 0.022424
224 1 -165.095649 0.00209392 0.00897725 0.00566793 0.025355
216 1 -164.550786 0.00198481 0.00948937 0.00604353 0.024433
207 1 -168.776240 0.00238703 0.0084505 0.00837895 0.023559
174 1 -165.484611 0.00251705 0.00857723 0.00794804 0.019797
180 1 -159.679296 0.00269708 0.0088549 0.0083205 0.020506
258 1 -163.953409 0.00171396 0.00587379 0.00645846 0.029469
206 1 -167.318354 0.00173423 0.00498138 0.00565105 0.023451
193 1 -153.612354 0.00214577 0.00850787 0.00556815 0.022117
202 1 -158.199428 0.00291754 0.00997169 0.0094191 0.023784
254 1 -167.422726 0.00174485 0.00912231 0.00588214 0.029056
209 1 -166.347186 0.00129342 0.00642427 0.00338307 0.023657
312 1 -160.490505 0.00149756 0.00557461 0.00476975 0.035519
223 1 -163.385961 0.00300022 0.0071177 0.00842341 0.025348
255 1 -163.380873 0.00258337 0.00939069 0.00876678 0.029368
210 1 -164.613014 0.00211437 0.00733439 0.0058244 0.024844
275 1 -164.810519 0.00175784 0.00707898 0.00530913 0.033082
301 1 -164.823088 0.00185655 0.00920261 0.00578069 0.035089
168 1 -165.079491 0.00157133 0.00561314 0.00468706 0.020686
147 1 -165.297619 0.00205552 0.00779522 0.00637014 0.016883
226 1 -167.937613 0.00254789 0.00952928 0.00726148 0.026074
202 1 -166.392919 0.00230381 0.00959658 0.00682764 0.023206
214 1 -164.490204 0.00225419 0.00908408 0.00517421 0.024981
304 1 -165.681695 0.00192718 0.00635875 0.0053842 0.035031
167 1 -158.075847 0.00326072 0.00967767 0.0123909 0.019075
272 1 -160.756142 0.00246351 0.00922735 0.00679435 0.031672
220 1 -168.442490 0.00237947 0.00927553 0.00660581 0.025099
233 1 -165.432395 0.0023475 0.00986205 0.00644026 0.027504
190 1 -166.819565 0.0018291 0.00803382 0.00628311 0.023247
156 1 -162.153500 0.00172881 0.00982932 0.00658295 0.018735
178 1 -166.357964 0.00195094 0.00787104 0.00551704 0.021242
194 1 -162.887479 0.00173117 0.0097271 0.00590482 0.02282
250 1 -166.644709 0.0026756 0.00838457 0.00663079 0.029471
180 1 -160.162807 0.00143978 0.00622358 0.00412086 0.020701
157 1 -161.347130 0.00216332 0.00916651 0.0064944 0.017654
286 1 -167.549747 0.00270796 0.00931919 0.00847143 0.033306
283 1 -169.326320 0.00181378 0.00695077 0.00474384 0.031911
215 1 -167.591413 0.00138096 0.0065032 0.00414019 0.025066
131 1 -162.762530 0.00186307 0.00860265 0.00625939 0.015311
234 1 -162.382867 0.00153798 0.00706367 0.00444415 0.026797
261 1 -163.709015 0.00252795 0.00957833 0.0110187 0.029996
292 1 -166.376034 0.00142073 0.00720375 0.00418233 0.03373
212 1 -166.814114 0.00141504 0.00598161 0.00378128 0.024805
188 1 -166.062765 0.00104615 0.00541057 0.00327761 0.021698
216 1 -167.871209 0.00225502 0.00855015 0.00637946 0.024935
147 1 -161.007311 0.00198711 0.0067767 0.00689076 0.016879
329 1 -164.155363 0.00378979 0.00988438 0.0153161 0.038852
206 1 -164.708569 0.00101913 0.00405305 0.00318696 0.023756
173 1 -163.549113 0.00171537 0.00749015 0.00623335 0.021536
397 1 -164.618069 0.000784086 0.00439193 0.00244235 0.044411
218 1 -164.797437 0.00161456 0.00578072 0.00501979 0.0253
142 1 -156.393584 0.00218963 0.0097073 0.00602383 0.016412
221 1 -162.984020 0.00161661 0.00582671 0.0052798 0.025129
160 1 -166.074682 0.00140943 0.00588325 0.00384848 0.019009
206 1 -160.058640 0.00195671 0.00845372 0.00458602 0.023577
181 1 -164.707425 0.00230201 0.00703802 0.00644109 0.021269
247 1 -168.146673 0.00261418 0.00610324 0.00869608 0.02824
208 1 -164.840812 0.00186644 0.00561739 0.00456157 0.023887
265 1 -168.481374 0.00216908 0.00728604 0.00810848 0.029221
225 1 -167.415114 0.0013084 0.00663266 0.00490988 0.025612
196 1 -164.479940 0.00255993 0.00912836 0.00651698 0.022845
232 1 -169.798366 0.00203884 0.00753633 0.00603399 0.026594
153 1 -165.211941 0.00233369 0.00815004 0.00853095 0.01781
168 1 -164.150556 0.00210943 0.00590088 0.00786919 0.019215
284 1 -162.689129 0.00244543 0.00820959 0.00674702 0.031886
167 1 -167.804557 0.00212658 0.00812684 0.00661754 0.018919
227 1 -166.654994 0.00182071 0.00951923 0.0049014 0.026081
282 1 -166.679720 0.00217957 0.00878729 0.00624656 0.032348
150 1 -167.851940 0.00171858 0.00775189 0.00501479 0.017345
158 1 -166.320206 0.00203605 0.00833616 0.00641112 0.018174
195 1 -161.629346 0.00231719 0.00937192 0.00762756 0.022106
209 1 -162.765805 0.00282426 0.0094255 0.0094538 0.023823
227 1 -165.375213 0.00235658 0.008818 0.00663783 0.025556
320 1 -166.367691 0.00192305 0.00838822 0.00561056 0.0369
189 1 -163.068987 0.00287357 0.00928488 0.00771577 0.021689
198 1 -167.922332 0.00249338 0.0092571 0.00771929 0.022555
263 1 -161.753680 0.00234304 0.00700852 0.00625707 0.030611
180 1 -166.434402 0.00249379 0.00981769 0.00885002 0.021383
163 1 -163.810747 0.00188457 0.00815187 0.00675603 0.019265
291 1 -167.534724 0.0026156 0.00956556 0.00670114 0.033594
210 1 -161.153420 0.00302089 0.00814064 0.0101608 0.024272
252 1 -160.561351 0.00231294 0.00912165 0.00692213 0.02912
194 1 -165.926749 0.00183348 0.00755907 0.00472702 0.022763
280 1 -166.051787 0.00209128 0.00813705 0.00729096 0.032493
218 1 -164.316282 0.00302617 0.00953406 0.0100287 0.024938
210 1 -167.436353 0.00237389 0.00917132 0.00774907 0.024405
159 1 -158.986343 0.00284621 0.00857665 0.00791363 0.018436
228 1 -163.706011 0.00206295 0.0079744 0.0059492 0.030985
204 1 -165.137152 0.00111293 0.00528097 0.00269674 0.024421
312 1 -169.439598 0.00101385 0.00440302 0.00311722 0.036862
134 1 -167.552123 0.00218536 0.00877572 0.00630558 0.015774
221 1 -166.507828 0.00217991 0.00495734 0.00725747 0.025101
163 1 -161.330932 0.00136446 0.00420258 0.00350395 0.018715
258 1 -167.451945 0.00204559 0.00811801 0.00658383 0.029436
263 1 -166.103348 0.00178165 0.00847009 0.00432235 0.029905
226 1 -165.820576 0.00165626 0.00837361 0.00570422 0.026042
244 1 -163.944034 0.00214232 0.00634425 0.00710582 0.027791
208 1 -165.197919 0.00253574 0.00909948 0.00716626 0.023655
188 1 -163.479720 0.00189381 0.00949121 0.00582618 0.021721
130 1 -163.970567 0.00216753 0.00743601 0.00811321 0.015075
216 1 -166.539578 0.00200966 0.00951351 0.00700131 0.024542
255 1 -163.737367 0.00218597 0.00812498 0.00556537 0.029083
195 1 -160.174917 0.00250908 0.00846158 0.0101837 0.022499
305 1 -166.214546 0.00249429 0.00801031 0.00629559 0.035248
178 1 -163.015306 0.00136845 0.00505544 0.00298662 0.020241
306 1 -166.891231 0.00175118 0.00678876 0.00511633 0.034856
217 1 -163.412375 0.00208238 0.0058845 0.00479915 0.025491
148 1 -163.619662 0.00189697 0.00843123 0.00544188 0.01839
379 1 -170.053109 0.00114889 0.00380763 0.00350736 0.043691
253 1 -167.006199 0.00315461 0.00977273 0.00965391 0.029799
235 1 -165.234027 0.00252122 0.00768775 0.00648191 0.027326
205 1 -161.592627 0.00266194 0.00880375 0.00816766 0.023475
175 1 -166.006150 0.00218078 0.00764683 0.00830637 0.020146
183 1 -164.632353 0.00187565 0.00769745 0.00441958 0.020792
210 1 -165.794843 0.00194544 0.0093165 0.00747153 0.024079
236 1 -165.834680 0.00121062 0.00542155 0.00390483 0.026704
295 1 -172.877733 0.00189685 0.00812544 0.00686483 0.033779
147 1 -165.862127 0.00257365 0.00878413 0.00714228 0.016487
189 1 -161.074582 0.00120624 0.00467004 0.00344261 0.021519
182 1 -161.878521 0.00209021 0.00976205 0.00570418 0.020466
288 1 -167.450366 0.00142439 0.00612121 0.00411 0.033147
214 1 -165.157959 0.00266364 0.00813353 0.00759984 0.024738
300 1 -164.464643 0.00139219 0.00581687 0.00459032 0.034237
275 1 -161.764767 0.00218519 0.00917363 0.00887986 0.031249
160 1 -166.511551 0.00176038 0.00670112 0.00460431 0.018351
239 1 -168.536858 0.00168049 0.0079041 0.00502004 0.026999
172 1 -164.370462 0.00245991 0.00850162 0.00663902 0.02017
189 1 -167.523982 0.00270746 0.00876051 0.0095085 0.025828
185 1 -162.406405 0.00154791 0.00740404 0.00493009 0.02264
224 1 -164.287961 0.00155145 0.00760446 0.00451302 0.026929
158 1 -163.377686 0.00255908 0.00937237 0.011215 0.018307
122 1 -166.614885 0.0022569 0.00813186 0.00724327 0.01379
249 1 -165.082340 0.00240765 0.00986928 0.00775328 0.028503
277 1 -165.549305 0.00145022 0.00544618 0.00392417 0.031572
182 1 -163.679800 0.00294081 0.00935846 0.00729495 0.020901
236 1 -168.311667 0.00265521 0.00712933 0.00722163 0.027137
195 1 -166.106264 0.0017226 0.00633775 0.004899 0.022174
257 1 -163.560832 0.00236034 0.00932193 0.00712349 0.029658
219 1 -159.970405 0.00181765 0.00853569 0.00579958 0.026041
330 1 -165.853548 0.00207648 0.00942624 0.00600525 0.04499
261 1 -165.859983 0.00250593 0.00753046 0.00798031 0.034461
232 1 -165.715518 0.00137228 0.00505211 0.004763 0.029261
245 1 -166.285627 0.00153074 0.00951786 0.00480795 0.028167
246 1 -166.529548 0.00231867 0.0092945 0.00625955 0.028006
133 1 -166.028452 0.00289891 0.00980509 0.0100246 0.015248
188 1 -165.088627 0.00227415 0.00820208 0.00553718 0.022537
307 1 -167.522991 0.00172341 0.00805727 0.00687196 0.041447
181 1 -166.829548 0.00253481 0.00964715 0.00817127 0.021049
296 1 -166.017970 0.00262139 0.00952049 0.00632548 0.033868
156 1 -167.640840 0.00255347 0.00906551 0.00678224 0.017787
226 1 -162.964934 0.00228197 0.00921483 0.0056291 0.026257
226 1 -168.186690 0.00124923 0.00756766 0.00407859 0.026334
172 1 -164.948857 0.0025292 0.00978994 0.00866804 0.019973
216 1 -166.183311 0.00103921 0.00410729 0.00268207 0.02474
212 1 -163.618142 0.00158384 0.00906098 0.00574726 0.025038
174 1 -163.577281 0.00181269 0.00862536 0.00471348 0.020173
233 1 -157.770770 0.00196201 0.00987057 0.00518533 0.027704
202 1 -164.729527 0.00215751 0.0078728 0.00592991 0.025084
242 1 -165.162749 0.00180837 0.00827396 0.00498316 0.027926
156 1 -168.114903 0.00144424 0.00718338 0.00416572 0.017827
335 1 -167.526030 0.00331516 0.00989656 0.00799417 0.038729
323 1 -165.775216 0.00309756 0.00943874 0.0112221 0.037638
319 1 -163.216450 0.00212049 0.00954796 0.00857389 0.037106
363 1 -163.182047 0.00187652 0.0087156 0.00515702 0.041586
139 1 -165.103407 0.00209676 0.00904798 0.00645541 0.015902
189 1 -162.648049 0.00165209 0.00652794 0.00468981 0.022786
310 1 -165.153044 0.000877983 0.00326293 0.00239715 0.040283
141 1 -163.708137 0.00184136 0.00779483 0.00565762 0.016623
166 1 -166.101233 0.00198922 0.00694377 0.00544946 0.019007
139 1 -159.302601 0.00186354 0.00682505 0.00470975 0.015829
192 1 -165.558325 0.00281769 0.00970003 0.0111352 0.022031
144 1 -156.412411 0.0022699 0.00910681 0.00522984 0.01639
294 1 -164.753027 0.00183014 0.00799354 0.00528095 0.034028
212 1 -161.008112 0.00161346 0.00645495 0.0042616 0.025321
192 1 -162.418048 0.002111 0.00887182 0.00500388 0.02353
191 1 -159.133457 0.000844884 0.0036394 0.00210105 0.022367
366 1 -166.314001 0.00252026 0.0086175 0.00861477 0.042472
166 1 -162.917172 0.00262892 0.00776534 0.0066703 0.019037
151 1 -165.832853 0.00310627 0.00941192 0.00813541 0.017364
180 1 -163.211857 0.00145047 0.00648855 0.00419093 0.020511
148 1 -158.757909 0.00172942 0.00735437 0.00467859 0.01686
209 1 -166.861887 0.00224995 0.00887174 0.00582625 0.023877
251 1 -161.570154 0.00295264 0.00964967 0.00810073 0.028074
177 1 -167.466960 0.00153125 0.00668532 0.00424512 0.020379
259 1 -169.529053 0.00117512 0.0088855 0.00496082 0.029624
191 1 -165.559457 0.00325187 0.00842553 0.00789133 0.021981
219 1 -159.552359 0.00121428 0.00427123 0.0041333 0.02508
268 1 -167.362644 0.00224191 0.00984822 0.00552357 0.037434
228 1 -165.461939 0.00198256 0.00999708 0.00729567 0.032355
381 1 -164.310300 0.00177983 0.00732786 0.00650269 0.048092
179 1 -164.048569 0.0014473 0.00636097 0.00439388 0.020744
201 1 -165.131883 0.00203804 0.00876272 0.00588674 0.022872
282 1 -168.342879 0.00223442 0.00755069 0.00548451 0.032719
170 1 -163.760929 0.00198128 0.0082885 0.00595432 0.019713
236 1 -159.935978 0.00305344 0.00984872 0.00998165 0.027394
199 1 -168.132859 0.00164907 0.0091945 0.00465816 0.02299
148 1 -165.909585 0.00282441 0.00984627 0.00898829 0.017196
281 1 -165.555837 0.00159679 0.00536737 0.00410121 0.032582
210 1 -166.230163 0.00211254 0.00929427 0.00550467 0.024147
185 1 -164.843443 0.00148089 0.00579924 0.00379704 0.021101
141 1 -166.255384 0.00173441 0.0092359 0.00637345 0.016222
188 1 -167.555540 0.00244918 0.0098676 0.0124471 0.021625
177 1 -166.419746 0.00173254 0.00825679 0.00493223 0.025612
141 1 -163.785217 0.00271431 0.00967701 0.0068207 0.016528
142 1 -159.086774 0.00180852 0.0063108 0.0056464 0.016665
189 1 -161.181145 0.00222623 0.00925101 0.00722137 0.021475
232 1 -154.010986 0.00233093 0.00906553 0.00588502 0.027229
211 1 -160.271037 0.00226948 0.0083599 0.00703034 0.024601
206 1 -162.401077 0.000880436 0.00571339 0.00335296 0.026707
182 1 -156.068436 0.00232517 0.00702332 0.00689185 0.021223
165 1 -161.361712 0.00249826 0.00890536 0.00888875 0.019935
143 1 -163.503970 0.00280954 0.00861092 0.00796706 0.016269
231 1 -163.238617 0.00198897 0.00739615 0.00679026 0.027041
246 1 -162.599658 0.00203558 0.00829623 0.010094 0.028987
207 1 -162.827699 0.00157538 0.00946629 0.00440861 0.024025
206 1 -163.442534 0.00372757 0.00976858 0.0117666 0.023662
237 1 -165.607653 0.00286022 0.00932225 0.00789725 0.027193
202 1 -165.297870 0.00229583 0.00920714 0.00759591 0.022965
152 1 -162.513518 0.00202333 0.00715943 0.005597 0.017359
187 1 -165.687667 0.000914639 0.00500856 0.00240399 0.021331
223 1 -163.637226 0.00117376 0.00621702 0.003527 0.025356
199 1 -162.158186 0.00233028 0.00876389 0.00967874 0.022556
160 1 -165.357627 0.00144347 0.00923789 0.00456532 0.018351
270 1 -168.306990 0.00204828 0.00784778 0.00483147 0.030889
168 1 -160.787199 0.00177614 0.00654653 0.0068051 0.020891
242 1 -165.459562 0.0024971 0.00891155 0.00760886 0.033486
193 1 -164.398546 0.00212985 0.00959734 0.00561195 0.024052
162 1 -161.174931 0.00182575 0.00623634 0.00456164 0.019685
178 1 -161.459669 0.00274317 0.00999115 0.00890428 0.020659
234 1 -163.727944 0.00232704 0.00962897 0.00786795 0.027184
349 1 -167.432073 0.00191002 0.00507618 0.00451034 0.040209
249 1 -167.456839 0.00196431 0.00753671 0.00546478 0.028789
188 1 -167.615045 0.00161426 0.00808745 0.00485044 0.021419
199 1 -163.596829 0.00140489 0.00767318 0.00423534 0.022963
236 1 -166.046973 0.00135215 0.00499278 0.00482073 0.026849
139 1 -163.746226 0.0023012 0.00945762 0.00687036 0.015645
187 1 -167.332078 0.00179432 0.00882172 0.00470741 0.021171
171 1 -167.906043 0.00145534 0.00664916 0.00381059 0.01994
228 1 -162.867716 0.00194893 0.00719114 0.00500747 0.026141
193 1 -162.459642 0.00196892 0.00909109 0.00477478 0.022437
395 1 -167.016862 0.00237418 0.0091757 0.00586149 0.044761
206 1 -160.419752 0.00157 0.00542745 0.00616209 0.024458
230 1 -167.614653 0.00186735 0.00889596 0.00545001 0.026585
150 1 -165.181940 0.00258717 0.00880358 0.00704979 0.017156
383 1 -166.884647 0.0015358 0.00876484 0.00479837 0.046132
179 1 -161.462782 0.00212068 0.00714655 0.00716355 0.021301
272 1 -163.012699 0.00153059 0.0062421 0.00446838 0.032614
133 1 -163.950103 0.00143785 0.00993301 0.00555916 0.015317
189 1 -153.897819 0.00176562 0.00645674 0.00606351 0.022031
276 1 -159.510561 0.00198623 0.00757925 0.00704262 0.032026
199 1 -160.531098 0.00147367 0.00578523 0.00436165 0.023032
143 1 -163.161971 0.00216174 0.00714299 0.00566631 0.016205
205 1 -164.277661 0.00365172 0.00941698 0.0152806 0.023846
185 1 -166.023392 0.00200826 0.00859679 0.00521455 0.020834
210 1 -164.164823 0.00190858 0.00680382 0.00503287 0.024732
191 1 -149.766079 0.00211712 0.00554014 0.00615121 0.022358
243 1 -166.383609 0.00234505 0.00783151 0.00616005 0.027875
220 1 -163.438076 0.00194872 0.00855783 0.00525184 0.025412
226 1 -164.672179 0.00170918 0.00635707 0.00491973 0.02595
235 1 -161.230099 0.00254385 0.00913751 0.00702863 0.026938
298 1 -164.849483 0.00101499 0.00399895 0.00228101 0.035599
165 1 -167.524709 0.00141537 0.00640206 0.00379718 0.020294
164 1 -166.699063 0.00190317 0.00705872 0.00562401 0.019383
232 1 -163.791853 0.00263378 0.00923362 0.00764456 0.02645
204 1 -161.769376 0.0019314 0.00817607 0.00609805 0.023254
192 1 -162.035803 0.00249998 0.00903669 0.00762339 0.022517
439 1 -167.852346 0.00130818 0.00596967 0.00577484 0.051301
238 1 -165.455588 0.00223452 0.00925356 0.00638088 0.031381
296 1 -165.402870 0.00167194 0.00662303 0.00409865 0.035781
160 1 -163.204330 0.0012236 0.00527139 0.00337543 0.018463
132 1 -162.302741 0.00189324 0.00907904 0.00511002 0.015938
193 1 -168.250031 0.00182832 0.00511389 0.00565769 0.022956
166 1 -163.476770 0.00201609 0.00969873 0.0047788 0.019771
340 1 -166.149157 0.00200069 0.00730078 0.00625613 0.038746
204 1 -162.883560 0.00192653 0.00972716 0.00546443 0.023915
174 1 -163.892314 0.00235073 0.00891535 0.00969472 0.019978
179 1 -164.743086 0.00321551 0.00954894 0.00938302 0.020295
236 1 -164.333482 0.00337951 0.00951373 0.0116885 0.026824
336 1 -166.819457 0.00239811 0.00855592 0.0084067 0.038403
176 1 -166.143969 0.00300281 0.00891061 0.00919522 0.020002
290 1 -166.234001 0.00207709 0.00670227 0.00785257 0.033183
164 1 -155.019190 0.00215861 0.00893032 0.00661447 0.018739
294 1 -167.368836 0.00167783 0.0057957 0.00354086 0.033651
190 1 -162.907029 0.003391 0.00844171 0.0173453 0.021639
196 1 -167.736848 0.00155398 0.00618747 0.00458589 0.022282
203 1 -162.633080 0.00287563 0.00977434 0.0109589 0.022958
164 1 -163.807942 0.000894647 0.00406568 0.00280272 0.019101
199 1 -165.606514 0.0026833 0.00953377 0.00761282 0.022936
272 1 -168.594638 0.00204713 0.00618418 0.00569175 0.031216
202 1 -163.380215 0.00207969 0.00759998 0.00493073 0.023036
115 1 -162.753096 0.00166433 0.00733644 0.00424995 0.015782
169 1 -163.176228 0.00225831 0.00829891 0.00640489 0.01995
362 1 -165.581756 0.00198987 0.00791098 0.00560208 0.041866
241 1 -166.290780 0.00161167 0.00446945 0.00411834 0.027863
177 1 -166.868429 0.0023433 0.00929845 0.00786142 0.020419
218 1 -161.466802 0.002023 0.00971081 0.00743739 0.024811
200 1 -165.487447 0.0020324 0.00588893 0.00589775 0.022644
289 1 -165.094053 0.00215334 0.00943787 0.00551522 0.033645
166 1 -160.462549 0.00201201 0.00916734 0.00781531 0.018884
251 1 -162.798210 0.00195979 0.0081752 0.00703005 0.028464
228 1 -167.122624 0.00215152 0.0068196 0.00587836 0.026069
136 1 -164.757431 0.00251278 0.00849494 0.00896477 0.015946
190 1 -160.370421 0.00134943 0.00840788 0.00468697 0.021582
167 1 -163.578122 0.00232332 0.00977955 0.00550366 0.019002
216 1 -162.543195 0.00227577 0.00997841 0.00859814 0.024837
440 1 -168.945050 0.00181458 0.00921924 0.00418339 0.049883
163 1 -162.256818 0.0018318 0.00653502 0.0057047 0.018483
227 1 -161.868299 0.00239516 0.00728203 0.00624452 0.025958
227 1 -161.996914 0.00212878 0.00840661 0.00565814 0.025937
292 1 -166.508057 0.00211501 0.00678967 0.00521787 0.034665
264 1 -167.709718 0.00191934 0.0097935 0.00747203 0.030296
296 1 -167.447516 0.0015798 0.00943262 0.00520289 0.034352
238 1 -162.311446 0.00199432 0.00754909 0.00555424 0.028015
182 1 -168.200489 0.00220976 0.00743169 0.00540402 0.020776
157 1 -162.469369 0.00224694 0.00869961 0.00585248 0.017975
277 1 -168.440200 0.00311396 0.00927524 0.0141005 0.031186
264 1 -160.688588 0.00176372 0.00843711 0.00645344 0.03011
332 1 -167.478940 0.00212589 0.00839945 0.0060561 0.037997
234 1 -164.108739 0.00157074 0.00787895 0.00617455 0.027355
190 1 -163.839750 0.00191189 0.00812293 0.00807912 0.021667
133 1 -166.865478 0.00200602 0.00817966 0.00742195 0.015021
282 1 -166.762141 0.00195581 0.00700097 0.0063734 0.032033
185 1 -164.258102 0.00165356 0.00627118 0.00436856 0.021195
175 1 -162.256155 0.00226982 0.00838408 0.00571084 0.020129
281 1 -164.168242 0.00232374 0.00845519 0.00707342 0.033046
195 1 -164.601674 0.0016597 0.0056726 0.00496966 0.023553
248 1 -166.624983 0.00229356 0.00976801 0.00482047 0.028721
193 1 -166.248572 0.00222776 0.00743506 0.00621059 0.022031
188 1 -162.436651 0.00181206 0.00825874 0.0055539 0.021475
244 1 -165.370699 0.0017611 0.00636895 0.00484971 0.028194
175 1 -164.980944 0.00219023 0.00846444 0.00811785 0.019957
191 1 -160.955814 0.002336 0.00777449 0.00686865 0.022091
220 1 -166.819344 0.00190638 0.00997623 0.00584498 0.025294
234 1 -166.569311 0.00318333 0.00713516 0.0092823 0.026936
287 1 -165.931067 0.00231285 0.00999807 0.00807663 0.032812
310 1 -167.414832 0.00220869 0.00970029 0.00671304 0.03527
209 1 -167.103646 0.00201128 0.00551905 0.00548582 0.025137
185 1 -165.535472 0.00221812 0.00818984 0.00836658 0.02135
230 1 -164.932228 0.00168895 0.00666599 0.00459555 0.026366
200 1 -162.694196 0.0014632 0.0052004 0.00418395 0.02272
232 1 -165.963602 0.00125101 0.0077827 0.00317639 0.0266
215 1 -162.493250 0.00223936 0.00907119 0.00634285 0.02412
295 1 -166.330977 0.00129529 0.00442262 0.00386645 0.034255
150 1 -159.848963 0.00136743 0.00512737 0.00367183 0.0171
172 1 -165.437048 0.00226203 0.008354 0.00804729 0.019401
200 1 -167.336337 0.00238535 0.00904814 0.0111532 0.022621
154 1 -165.788656 0.0016831 0.00615015 0.00541744 0.017617
279 1 -165.369792 0.00155287 0.00484036 0.00431814 0.031468
179 1 -165.110910 0.00143027 0.00734769 0.00373284 0.020908
204 1 -166.650317 0.00206391 0.00921585 0.00564016 0.023443
172 1 -163.566831 0.00176568 0.00845177 0.00560215 0.020157
184 1 -163.079115 0.0015227 0.0039376 0.00479329 0.021493
201 1 -163.167010 0.00228572 0.00846523 0.00678012 0.022943
109 1 -165.076141 0.00190759 0.00820573 0.00566029 0.012975
190 1 -161.906226 0.00278267 0.00975185 0.00719428 0.021994
157 1 -163.657967 0.00186264 0.00716342 0.00507972 0.017632
193 1 -159.486090 0.00215554 0.00873649 0.00597015 0.02224
183 1 -162.160556 0.00247016 0.00781351 0.00646562 0.021071
331 1 -167.704754 0.001749 0.00757561 0.00537709 0.038118
179 1 -162.368388 0.00227771 0.00891464 0.00536402 0.020383
154 1 -165.669559 0.00256679 0.00798133 0.00770483 0.017521
282 1 -166.564840 0.00199431 0.00837258 0.00806196 0.032354
192 1 -163.060650 0.00181726 0.00674804 0.00490392 0.02214
261 1 -167.745352 0.00180902 0.0093191 0.00607659 0.030202
205 1 -166.028695 0.00219307 0.00991894 0.00557557 0.023405
286 1 -167.163324 0.0016218 0.0073254 0.00454843 0.032927
320 1 -163.983280 0.00157884 0.00679908 0.00424868 0.036836
300 1 -166.162263 0.0033607 0.00942889 0.00965917 0.033648
165 1 -165.126885 0.00148132 0.00875978 0.00416751 0.018732
201 1 -165.288722 0.00353028 0.00915588 0.0128494 0.022915
161 1 -161.891327 0.00144123 0.0091899 0.00452594 0.018305
158 1 -163.718935 0.00290839 0.00968759 0.00985803 0.018148
240 1 -165.614420 0.00174104 0.00645676 0.00520391 0.027406
354 1 -166.555731 0.00188031 0.00692992 0.00527712 0.040858
179 1 -160.075518 0.00244734 0.00931744 0.00685991 0.020847
194 1 -170.697588 0.000720833 0.00281166 0.00176799 0.02234
290 1 -166.918305 0.00279596 0.00900538 0.00758587 0.033354
190 1 -166.821109 0.00259857 0.00962945 0.00850476 0.021947
250 1 -160.897661 0.00262836 0.00899645 0.00692596 0.028705
150 1 -163.654935 0.00152995 0.00868442 0.00663889 0.02448
145 1 -160.512271 0.0026515 0.00977788 0.00847675 0.020683
245 1 -160.358878 0.00204229 0.00917012 0.00663705 0.031894
159 1 -157.644966 0.00187298 0.00817759 0.00453181 0.018166
196 1 -160.054261 0.00128298 0.00534958 0.0039406 0.023052
143 1 -159.476660 0.00225706 0.00900605 0.00635571 0.01633
193 1 -159.487673 0.00104534 0.00611008 0.00306087 0.022049
278 1 -165.471637 0.00230758 0.00929848 0.00648504 0.031963
159 1 -165.103155 0.00154529 0.00593016 0.00531632 0.018579
223 1 -165.324728 0.00211195 0.00991318 0.00688168 0.025853
229 1 -164.997865 0.00156436 0.00653692 0.00413829 0.026269
233 1 -161.098573 0.00168579 0.00809868 0.00560448 0.026868
252 1 -166.560994 0.00169679 0.00884929 0.00550303 0.029436
224 1 -159.859732 0.00170558 0.00891837 0.00824954 0.025948
290 1 -166.462889 0.00314211 0.00976424 0.00759861 0.034175
296 1 -168.387150 0.00231959 0.00789458 0.00620213 0.035772
169 1 -164.123614 0.0021968 0.00841323 0.0053454 0.019938
178 1 -163.958941 0.0020996 0.00745195 0.00572659 0.021387
157 1 -162.494352 0.00238476 0.00865232 0.00742044 0.017782
190 1 -164.893086 0.00212018 0.00753029 0.0052702 0.022723
200 1 -162.866688 0.00266732 0.00972716 0.00845415 0.023609
197 1 -164.260811 0.00314712 0.0078338 0.00774696 0.022736
178 1 -160.888612 0.00167569 0.00600577 0.00584879 0.0205
285 1 -164.630090 0.00201124 0.00932527 0.00533952 0.033501
324 1 -159.902010 0.00236041 0.00830461 0.00721327 0.037874
173 1 -163.602747 0.00179622 0.00900267 0.00576944 0.020975
202 1 -163.594957 0.0025117 0.00923145 0.00780858 0.023147
179 1 -162.189332 0.00259324 0.00863782 0.00757951 0.020874
219 1 -165.513523 0.00225558 0.00984296 0.00676727 0.025018
211 1 -166.652978 0.00203483 0.0093196 0.00782882 0.024756
190 1 -166.995531 0.00288056 0.00603391 0.0129781 0.021873
153 1 -166.252247 0.0019247 0.00920788 0.00571673 0.018963
226 1 -163.438843 0.00235708 0.00784311 0.00857767 0.025827
153 1 -158.908928 0.00247102 0.00941381 0.00670394 0.023277
253 1 -168.647852 0.00198331 0.00877865 0.00465794 0.035641
180 1 -161.051606 0.00167621 0.00997737 0.00499232 0.023171
188 1 -162.571218 0.0012719 0.00500396 0.00279487 0.021783
243 1 -165.122713 0.00168128 0.00575875 0.00379356 0.028079
179 1 -163.031719 0.00236706 0.00918832 0.00556726 0.020815
301 1 -169.579973 0.00225519 0.00673789 0.00606981 0.03439
165 1 -162.498506 0.00102103 0.00343863 0.00255284 0.01913
247 1 -166.647400 0.00205459 0.00949881 0.00787501 0.028672
178 1 -165.847491 0.00285138 0.00793323 0.00899203 0.020275
233 1 -165.002710 0.00145983 0.00450407 0.00426237 0.026846
127 1 -168.113258 0.00190996 0.00759799 0.00539539 0.01475
165 1 -159.556488 0.00278302 0.00996257 0.00772528 0.018672
200 1 -168.691027 0.00265913 0.00713321 0.00865941 0.022322
188 1 -164.896902 0.0024756 0.00924113 0.00606571 0.021386
217 1 -165.260350 0.0026828 0.00912614 0.00788789 0.024916
194 1 -164.825010 0.00166337 0.00652339 0.00506496 0.022319
168 1 -164.383807 0.00171421 0.00644345 0.00441191 0.019757
150 1 -157.505074 0.00164191 0.00902974 0.00521719 0.017244
203 1 -161.474414 0.00173511 0.00944482 0.0059275 0.023181
310 1 -164.262376 0.0014906 0.00583237 0.00452416 0.035842
234 1 -163.220356 0.00167011 0.00723682 0.00541734 0.026423
172 1 -164.487329 0.00133746 0.0063234 0.00333987 0.020025
288 1 -163.839248 0.00238569 0.0084254 0.0069641 0.032546
224 1 -164.452952 0.00160689 0.00650357 0.00510802 0.025849
208 1 -159.782429 0.00198892 0.00916149 0.00513333 0.02398
250 1 -161.893071 0.00150181 0.00518734 0.00423307 0.027845
202 1 -164.685428 0.0014983 0.00930559 0.00382497 0.023243
205 1 -164.048628 0.00248829 0.00959491 0.00916926 0.023391
209 1 -160.403798 0.00244224 0.00884619 0.0108029 0.024218
196 1 -157.615264 0.00174447 0.00978153 0.00554559 0.022883
147 1 -165.122244 0.00175586 0.00641215 0.0053567 0.01688
375 1 -168.812067 0.0016659 0.00584161 0.00435789 0.042974
175 1 -158.088711 0.00214596 0.00945752 0.00842219 0.020022
240 1 -163.656045 0.00176772 0.00742641 0.00463616 0.027522
210 1 -161.649752 0.00240876 0.00862342 0.00648271 0.02402
177 1 -163.420433 0.00277265 0.00979288 0.00625084 0.020533
200 1 -165.827704 0.0029275 0.00997115 0.00915711 0.022867
205 1 -163.824099 0.00281613 0.00884324 0.0127961 0.023627
211 1 -164.498485 0.00252383 0.00850332 0.00894472 0.023843
248 1 -165.093342 0.00129537 0.00722796 0.00315611 0.028597
405 1 -168.422877 0.00244798 0.00763773 0.00614881 0.046515
224 1 -168.866832 0.00154052 0.00558767 0.00650706 0.025775
286 1 -161.203279 0.00264573 0.0094645 0.00643458 0.032663
452 1 -168.335953 0.00283078 0.00954016 0.00959587 0.051453
397 1 -169.067126 0.00210027 0.00924504 0.00611241 0.044709
160 1 -165.586897 0.00156803 0.00548886 0.00381442 0.018197
254 1 -165.927456 0.00207804 0.00998175 0.00520638 0.028805
346 1 -168.627983 0.00188973 0.00858224 0.00564352 0.039202
232 1 -168.129932 0.00268942 0.00922534 0.00723627 0.026577
330 1 -164.456840 0.00222907 0.00861013 0.0077068 0.03684
190 1 -160.874421 0.00344895 0.00998344 0.012242 0.021685
255 1 -164.352527 0.00132274 0.00540199 0.003621 0.029362
162 1 -160.956644 0.00234384 0.00941125 0.0117072 0.01818
149 1 -165.509322 0.00195508 0.00777541 0.00755283 0.017066
278 1 -161.347131 0.00191708 0.00821617 0.00510555 0.03227
236 1 -166.392626 0.00179215 0.00804664 0.00471001 0.026902
162 1 -163.117992 0.00226393 0.00687515 0.00652055 0.018456
229 1 -161.629620 0.00202019 0.00900411 0.00619464 0.026414
207 1 -164.790774 0.00139016 0.00581311 0.0032116 0.023419
225 1 -169.077130 0.00217663 0.00665272 0.0057214 0.025756
214 1 -165.679986 0.000978399 0.00365842 0.00279998 0.024701
237 1 -168.544940 0.00245904 0.00965164 0.0067432 0.026908
174 1 -164.813531 0.00155034 0.00631546 0.00492812 0.019789
175 1 -162.728999 0.00209059 0.00980253 0.00700554 0.019875
195 1 -161.320654 0.00246511 0.00687391 0.00807517 0.022055
253 1 -165.826107 0.00291792 0.00979592 0.00981506 0.028785
174 1 -163.137374 0.00158352 0.00606833 0.00479937 0.019504
283 1 -168.222524 0.00172789 0.00710402 0.00527967 0.031517
165 1 -160.070623 0.0016777 0.00833609 0.00450632 0.018994
302 1 -166.915416 0.00173785 0.0076237 0.00469178 0.03477
307 1 -165.501176 0.001983 0.00906854 0.00647689 0.035459
153 1 -160.722399 0.00243936 0.00941586 0.00539951 0.01728
231 1 -157.550043 0.00197866 0.0068979 0.00560544 0.026568
174 1 -164.063937 0.00226727 0.00869633 0.00624681 0.019496
207 1 -165.826069 0.00221274 0.00837617 0.00563316 0.023551
187 1 -159.900169 0.00232107 0.00787216 0.00797578 0.021283
202 1 -161.528776 0.00359769 0.00969814 0.00869017 0.023068
120 1 -167.460740 0.00167257 0.00670313 0.00509662 0.013845
378 1 -164.234686 0.00243887 0.0073137 0.00703157 0.042593
146 1 -163.960078 0.00193637 0.00825972 0.00507577 0.016621
219 1 -163.863416 0.00166087 0.00664162 0.00523422 0.024724
319 1 -165.705230 0.0026216 0.00981432 0.0069341 0.036563
152 1 -161.871907 0.00226531 0.00830352 0.00858781 0.017565
184 1 -158.980100 0.00239062 0.00799092 0.00637985 0.021111
177 1 -168.715835 0.00127108 0.00686834 0.00383856 0.020552
260 1 -166.893650 0.0022784 0.00793065 0.00682882 0.030044
147 1 -163.053781 0.00143092 0.0055297 0.00422176 0.017036
186 1 -162.930391 0.00263705 0.00961773 0.00985482 0.021311
151 1 -164.207932 0.00259054 0.00808524 0.00768857 0.01745
220 1 -165.821574 0.00222594 0.00857041 0.00523011 0.02649
271 1 -169.520593 0.00199889 0.00856675 0.00645088 0.031767
279 1 -167.483149 0.00172809 0.00864437 0.0054583 0.031868
200 1 -158.925226 0.00272784 0.00708646 0.0072174 0.022858
172 1 -163.727738 0.00163955 0.00541275 0.005439 0.020154
194 1 -163.430135 0.00140827 0.00406973 0.00406417 0.022294
195 1 -168.235425 0.00259358 0.00932294 0.00630754 0.022524
335 1 -169.824037 0.00300099 0.00953714 0.00855704 0.038634
172 1 -159.980220 0.00188062 0.00715773 0.00501121 0.020744
295 1 -168.834330 0.00187463 0.00891461 0.00458016 0.034238
222 1 -162.679030 0.00155397 0.00771888 0.00602846 0.025479
148 1 -161.081119 0.00229066 0.00657522 0.00595455 0.016792
163 1 -159.863297 0.00239092 0.00978383 0.0065298 0.018749
224 1 -162.348364 0.00233436 0.00992862 0.00550614 0.025424
278 1 -166.018991 0.00174463 0.00722254 0.00559898 0.031929
317 1 -164.238718 0.00175586 0.0070774 0.00525242 0.038292
229 1 -158.033688 0.00215251 0.00982782 0.00874665 0.026846
248 1 -167.804444 0.00158429 0.00596359 0.00541948 0.028384
137 1 -161.811193 0.00198919 0.00928449 0.00841636 0.015609
225 1 -166.277171 0.00232624 0.00861457 0.00957501 0.025835
217 1 -163.640567 0.00238188 0.00982175 0.00925215 0.024865
231 1 -165.634944 0.00197047 0.0067739 0.00546825 0.026716
174 1 -163.108563 0.00191667 0.00718027 0.00678336 0.01989
219 1 -165.419257 0.00234371 0.00833361 0.0068454 0.025136
157 1 -163.346977 0.00299517 0.00931867 0.0112773 0.01824
168 1 -159.837181 0.00154457 0.00625339 0.00436784 0.019418
280 1 -162.020084 0.00240126 0.00869159 0.00764469 0.032685
181 1 -161.294053 0.00130095 0.00601862 0.00406986 0.020724
178 1 -167.545004 0.00201435 0.00848233 0.00552619 0.020356
193 1 -166.547401 0.00157072 0.00707363 0.00448683 0.021986
213 1 -168.310062 0.00159878 0.00794314 0.00468444 0.024064
185 1 -163.415504 0.00159161 0.00670708 0.00411971 0.021144
212 1 -167.289668 0.00218732 0.00819221 0.0079816 0.024335
160 1 -170.143971 0.00198339 0.00885458 0.00572399 0.017982
221 1 -165.622192 0.00207606 0.00812693 0.006478 0.0252
200 1 -157.453205 0.0012486 0.00441067 0.00366312 0.022731
267 1 -165.424280 0.00301065 0.00923897 0.00698339 0.030267
154 1 -157.556455 0.00136392 0.00768496 0.00523611 0.017681
197 1 -165.222002 0.00158397 0.00660044 0.00423822 0.022558
232 1 -164.906234 0.00218008 0.00924588 0.00653285 0.026443
247 1 -167.786508 0.00213602 0.0072022 0.00628214 0.028565
162 1 -161.168384 0.00224418 0.00902763 0.00633488 0.018494
188 1 -166.830116 0.0026367 0.00649976 0.00723297 0.02095
139 1 -165.356815 0.00182574 0.00865844 0.00600141 0.016032
238 1 -159.083897 0.00133885 0.00486378 0.00404777 0.02762
137 1 -161.249443 0.00184991 0.00801105 0.00553029 0.015668
176 1 -167.789823 0.001376 0.00702315 0.00417166 0.020754
336 1 -167.646801 0.0015343 0.00934586 0.00455791 0.038765
195 1 -164.297974 0.00202217 0.00753983 0.00598272 0.023038
169 1 -165.934706 0.00180501 0.00673806 0.00537928 0.019394
182 1 -162.561031 0.00120394 0.00621098 0.00533795 0.022544
167 1 -167.398242 0.00188316 0.00912586 0.00808835 0.019018
251 1 -164.177630 0.00153277 0.00767093 0.00394703 0.0288
279 1 -165.908185 0.00181276 0.00738428 0.00495278 0.031891
294 1 -163.574715 0.00248448 0.00994799 0.00660965 0.033459
255 1 -166.426166 0.00236318 0.00876086 0.00637682 0.028926
185 1 -162.516526 0.00172805 0.0070611 0.00497103 0.021233
202 1 -168.400222 0.00184637 0.00809732 0.00534384 0.023124
203 1 -162.469344 0.00301226 0.00761928 0.0107581 0.023301
