50.000000000000000     50.000000000000000     50.000000000000000
49.485056391345715     49.855579027607916     50.118406484959813
49.395833473398227     49.353886131616711     50.566995421637678
48.977517534612858     49.707798100815971     50.048506977620441
49.855711260332932     49.539890338866478     50.579348358946994
49.187864998220093     49.191775021484844     50.051611553333650
48.751842608085617     49.305239149475391     49.523611684756986
48.864934073583036     48.789266481385511     48.962721990779222
50.411499777182733     49.947903455116752     49.547988996158416
48.636492623892885     50.167256440329055     50.485726819119719
48.419687274304607     48.127809570082057     48.886577901077793
48.670172480764016     48.268717377199870     48.182230819442154
48.143543858832793     48.676833352750741     48.196262745303983
49.131554225226012     50.425572538563983     49.738850711507730
48.639226183371406     49.745104342394626     48.888829181432463
49.683085751069882     49.316390219706534     51.287224767721888
47.921778731399385     48.997165659612641     47.831194213345555
47.669672737642394     48.700408170459859     47.476949268817741
50.217399258382777     49.989961812369003     51.093648320643354
50.669784113304544     50.324496913876445     51.087483428992471
48.084169951830617     49.591375429096594     48.180329460517697
48.729714431557539     49.180058322390963     48.566186789505750
50.972883966534361     49.762876246188910     51.521848412870121
48.690720375727658     48.903587681773125     50.077535042992729
49.722467899186810     50.547419491732441     50.142944971893755
48.198938787780421     47.949121771149869     48.187609167453360
50.623098734537038     50.482565090238417     49.263507644088413
47.778758590067866     48.339886390759816     48.449608117096865
48.879195783821018     48.013081590291428     49.204080491010181
50.777683705039991     49.110560188195421     51.204066236322774
51.284933724026502     50.083455638369891     50.867798587919353
49.575833853992314     50.680535597506392     49.670031360845172
50.479037757112422     50.311224680711284     48.501389953026347
50.499626974256351     49.507852965520804     51.959120628943737
50.881754334201560     48.705867055718372     50.515538015287284
48.509153961100630     50.667330887121544     50.242038097076275
50.374419581726968     48.690876563124576     51.253920684000065
47.916782798094907     47.843742703878235     48.740107021460545
