          38
Energy of minimum      1=    -173.9284266     first found at step      260 after                35717 function calls
LA         1.6000652374       -0.1407241743        0.6934186113
LA         1.4079897374        0.9587395867       -0.3990291816
LA         0.5576426533        1.3061489262       -1.0216903792
LA        -1.6984134101        0.1067098295        0.4060121874
LA         0.9427292420       -0.8981351523        1.1685274553
LA         0.3869291187       -1.6178595262        0.5419018660
LA        -1.3096414762       -0.9247254779       -0.7004016914
LA        -0.0018428147       -0.5864243206        1.6483155850
LA        -0.9427297634        0.8981349477       -1.1685270645
LA        -1.1399048203        0.8299411474        1.0356906154
LA        -0.3604670694       -1.2379549180       -1.1825276973
LA        -0.5576429595       -1.3061488338        1.0216900957
LA         0.0018422124        0.5864243952       -1.6483155532
LA        -0.3869292160        1.6178594575       -0.5419018352
LA         0.2936811088       -0.4842161908       -1.6553327791
LA         0.4857567540       -1.5836794470       -0.5628855110
LA        -1.6000652835        0.1407236804       -0.6934182206
LA         0.3604676549        1.2379547302        1.1825275718
LA        -0.2936810525        0.4842163608        1.6553326639
LA        -0.4857562039        1.5836795855        0.5628855654
LA        -1.4079898396       -0.9587394240        0.3990287271
LA         1.1399050088       -0.8299406857       -1.0356905241
LA         1.6984133366       -0.1067095468       -0.4060118758
LA         1.3096418499        0.9247250413        0.7004013279
LA         1.0380930489       -0.8593589869        0.0662747979
LA         0.8464820274        0.2374455339       -1.0235307001
LA         0.4586508064        1.2663860155        0.0802071482
LA        -1.0380930467        0.8593590169       -0.0662745438
LA        -0.4586506153       -1.2663860646       -0.0802073249
LA         0.6502615787        0.1695815255        1.1700125303
LA        -0.8464822355       -0.2374453260        1.0235305965
LA        -0.6502615928       -0.1695817099       -1.1700124724
LA        -0.0954279095        0.5462410512       -0.5427552334
LA         0.7454225939        0.2027114058        0.0729522827
LA         0.1931515350       -0.5124427820       -0.5496940367
LA         0.0954278322       -0.5462410503        0.5427552557
LA        -0.7454226042       -0.2027114640       -0.0729523064
LA        -0.1931514233        0.5124428440        0.5496940468
