          38
Energy of minimum      1=    -173.9284266     first found at step      822 after               143657 function calls
LA         0.0223635012        1.7142347769       -0.3489146092
LA        -1.0642231981        0.8672443422       -1.0845083338
LA         1.0180303831       -1.4170751015        0.1278833220
LA         0.8294012014        1.4928535607        0.3799000848
LA        -1.5863329429       -0.7227176977       -0.1485560028
LA         1.2564550689       -0.8970870419       -0.8230406720
LA        -0.5921311275       -0.9753875670       -1.3262132102
LA         0.0238284186       -1.1644043476        1.3055402124
LA        -1.5399157529       -0.1702084738        0.8127292310
LA        -1.3490643670       -0.2052520831       -1.0948695498
LA        -0.4533304022        0.6767806194        1.5483218329
LA         0.7367905321        0.3905169293       -1.5380104369
LA         1.3490643609        0.2052499392        1.0948694764
LA         0.5921324187        0.9753869244        1.3262129834
LA        -0.7367916885       -0.3905149989        1.5380105999
LA         1.5863330373        0.7227167107        0.1485562789
LA         1.0642217063       -0.8672459560        1.0845079983
LA        -0.8294001908       -1.4928537617       -0.3798998510
LA        -0.0223627575       -1.7142339770        0.3489155908
LA         0.4533310156       -0.6767793053       -1.5483217900
LA         1.5399151915        0.1702088863       -0.8127297085
LA        -1.2564545795        0.8970873210        0.8230401323
LA        -0.0238302671        1.1644054087       -1.3055391194
LA        -1.0180297030        1.4170746074       -0.1278841917
LA         0.7786734457        0.9386855462       -0.5771176343
LA         1.2970804044       -0.3458040954        0.1361228036
LA        -0.3052840944        0.0937447595       -1.3109314229
LA        -1.2970805617        0.3458034217       -0.1361231501
LA         0.3052836647       -0.0937446850        1.3109313812
LA        -0.2131226367        1.1907441841        0.5976906500
LA        -0.7786735793       -0.9386850230        0.5771178485
LA         0.2131233617       -1.1907440100       -0.5976906262
LA         0.5398430038        0.4208052307        0.3654608611
LA         0.4939439688       -0.1255325857       -0.5850893488
LA         0.2581819540       -0.6397134345        0.3552149807
LA        -0.4939439411        0.1255329376        0.5850892465
LA        -0.2581820166        0.6397134617       -0.3552149289
LA        -0.5398428316       -0.4208054227       -0.3654609281
