          38
Energy of minimum      1=    -173.9284266     first found at step       71 after                 8919 function calls
LA         1.7133559970        0.1473582338       -0.3217731420
LA         0.8065115007        1.3147825508       -0.8256675088
LA        -1.0053086499        0.8013479952       -1.1866072722
LA        -0.8127979648        1.5391871765        0.1763629640
LA        -0.8214161727       -1.1042835056       -1.0801270583
LA        -0.4354559752        0.3749895403        1.6524532944
LA         1.0053089047       -0.8013479769        1.1866072245
LA         0.8127974364       -1.5391872332       -0.1763630100
LA         0.4354560771       -0.3749892839       -1.6524532526
LA        -0.8065117459       -1.3147822148        0.8256679241
LA        -1.7133558093       -0.1473584761        0.3217727607
LA         0.8214162747        1.1042834574        1.0801268056
LA        -0.2806177716        1.5349145822       -0.7912850091
LA        -1.1636785284       -0.3621509017        1.2552050560
LA         1.5374889093       -0.8056211331        0.2189591026
LA        -1.5374890079        0.8056208440       -0.2189595039
LA        -1.3561894248       -1.0999900161       -0.1077642116
LA         0.2604416936       -1.3233481034       -1.1143432460
LA         0.6464020601        0.1559250267        1.6182374402
LA        -0.2604417755        1.3233481553        1.1143430797
LA        -0.6464018223       -0.1559249020       -1.6182374729
LA         0.2806175571       -1.5349144773        0.7912853098
LA         1.1636784219        0.3621514038       -1.2552049892
LA         1.3561895291        1.0999897099        0.1077640642
LA         1.1752644540        0.1494920856        0.6457036717
LA        -0.0785679173       -0.5780377466        1.2166457906
LA        -1.1752641039       -0.1494922642       -0.6457038042
LA        -0.2706134769       -1.3140925684       -0.1430277484
LA         0.9832186205       -0.5865623501       -0.7139697339
LA         0.2706132821        1.3140924586        0.1430278249
LA        -0.9832186899        0.5865623403        0.7139696653
LA         0.0785679339        0.5780379123       -1.2166454363
LA         0.4505428468       -0.5800053966        0.2503475277
LA         0.0956444179        0.3665768783        0.6771576172
LA        -0.6244454349       -0.3623315193        0.2843460117
LA        -0.0956443378       -0.3665770172       -0.6771574711
LA         0.6244455147        0.3623314348       -0.2843458174
LA        -0.4505428225        0.5800053010       -0.2503474472
