 proc #    saddle energy   prefactor   product   product energy product prefactor  barrier         rate repeats
      0      -1775.19008 1.20000e+12        -1      -1775.77872       1.20000e+12  0.60108  5.64383e+07     238
      1      -1774.80409 1.20000e+12        -1      -1775.00608       1.20000e+12  0.98707  9.38804e+04      74
      2      -1774.80237 1.20000e+12        -1      -1775.00587       1.20000e+12  0.98879  9.12403e+04      82
      3      -1774.80553 1.20000e+12        -1      -1775.00791       1.20000e+12  0.98563  9.61472e+04      67
      4      -1774.59469 1.20000e+12        -1      -1775.09375       1.20000e+12  1.19647  2.91717e+03      49
      5      -1775.17162 1.20000e+12        -1      -1775.77872       1.20000e+12  0.61954  4.15594e+07     222
      6      -1774.80237 1.20000e+12        -1      -1775.00587       1.20000e+12  0.98879  9.12424e+04      60
      7      -1774.31060 1.20000e+12        -1      -1775.01016       1.20000e+12  1.48056  2.62821e+01       6
      8      -1775.19008 1.20000e+12        -1      -1775.77872       1.20000e+12  0.60108  5.64383e+07     202
      9      -1774.58414 1.20000e+12        -1      -1775.09317       1.20000e+12  1.20702  2.44936e+03      46
     10      -1774.59558 1.20000e+12        -1      -1775.09429       1.20000e+12  1.19558  2.96083e+03      56
     11      -1774.27850 1.20000e+12        -1      -1774.39495       1.20000e+12  1.51266  1.54354e+01      49
     12      -1774.27924 1.20000e+12        -1      -1774.39332       1.20000e+12  1.51192  1.56267e+01      46
     13      -1774.27925 1.20000e+12        -1      -1774.39332       1.20000e+12  1.51191  1.56291e+01      47
     14      -1774.17666 1.20000e+12        -1      -1774.97274       1.20000e+12  1.61450  2.85300e+00       9
     15      -1774.80409 1.20000e+12        -1      -1775.00608       1.20000e+12  0.98707  9.38844e+04      78
     16      -1774.29788 1.20000e+12        -1      -1774.38966       1.20000e+12  1.49328  2.12825e+01       1
     17      -1774.30819 1.20000e+12        -1      -1775.00974       1.20000e+12  1.48297  2.52532e+01      19
     18      -1774.58414 1.20000e+12        -1      -1775.09317       1.20000e+12  1.20702  2.44930e+03      46
     19      -1774.31103 1.20000e+12        -1      -1775.00909       1.20000e+12  1.48013  2.64704e+01       8
     20      -1774.80553 1.20000e+12        -1      -1775.00791       1.20000e+12  0.98563  9.61609e+04      70
     21      -1774.27835 1.20000e+12        -1      -1774.39309       1.20000e+12  1.51281  1.53964e+01      34
     22      -1774.59469 1.20000e+12        -1      -1775.09375       1.20000e+12  1.19647  2.91713e+03      38
     23      -1774.30819 1.20000e+12        -1      -1775.00974       1.20000e+12  1.48297  2.52527e+01      21
     24      -1774.27834 1.20000e+12        -1      -1774.39309       1.20000e+12  1.51282  1.53939e+01      54
     25      -1774.59558 1.20000e+12        -1      -1775.09429       1.20000e+12  1.19558  2.96079e+03      48
     26      -1774.31102 1.20000e+12        -1      -1775.00909       1.20000e+12  1.48014  2.64645e+01      22
     27      -1774.27850 1.20000e+12        -1      -1774.39495       1.20000e+12  1.51266  1.54356e+01      30
     28      -1774.00296 1.20000e+12        -1      -1775.10696       1.20000e+12  1.78820  1.60224e-01       2
     29      -1774.17485 1.20000e+12        -1      -1774.97274       1.20000e+12  1.61631  2.76851e+00       2
     30      -1774.17569 1.20000e+12        -1      -1774.97274       1.20000e+12  1.61547  2.80763e+00       5
     31      -1774.31060 1.20000e+12        -1      -1775.01016       1.20000e+12  1.48056  2.62820e+01      11
     32      -1774.29975 1.20000e+12        -1      -1774.39287       1.20000e+12  1.49141  2.19542e+01       1
     33      -1774.29767 1.20000e+12        -1      -1774.39156       1.20000e+12  1.49349  2.12106e+01       3
     34      -1774.00296 1.20000e+12        -1      -1775.10696       1.20000e+12  1.78820  1.60231e-01       0
     35      -1774.17567 1.20000e+12        -1      -1774.97274       1.20000e+12  1.61549  2.80665e+00       1
     36      -1774.17484 1.20000e+12        -1      -1774.97274       1.20000e+12  1.61632  2.76847e+00       3
     37      -1774.17668 1.20000e+12        -1      -1774.97274       1.20000e+12  1.61448  2.85398e+00      10
     38      -1774.29767 1.20000e+12        -1      -1774.39156       1.20000e+12  1.49349  2.12104e+01       1
     39      -1774.29975 1.20000e+12        -1      -1774.39287       1.20000e+12  1.49141  2.19544e+01       1
     40      -1774.16546 1.20000e+12        -1      -1774.99747       1.20000e+12  1.62570  2.36949e+00       0
     41      -1774.31181 1.20000e+12        -1      -1774.99752       1.20000e+12  1.47935  2.68139e+01       0
     42      -1774.16546 1.20000e+12        -1      -1774.99747       1.20000e+12  1.62570  2.36953e+00       0
     43      -1774.16765 1.20000e+12        -1      -1774.99752       1.20000e+12  1.62351  2.45722e+00       0
     44      -1774.31184 1.20000e+12        -1      -1774.99726       1.20000e+12  1.47932  2.68258e+01       0
     45      -1774.00657 1.20000e+12        -1      -1775.10639       1.20000e+12  1.78459  1.70107e-01       1
