50.000000000000000     50.000000000000000     50.000000000000000
49.386183866191537     50.150975064335043     50.400095956690450
49.948820824154147     49.788951378217192     49.402592844001013
49.274335558061281     49.451046513396072     50.426257458995082
48.929986018455715     49.105344957831278     50.941105638228578
49.741111065919362     50.233110306892655     49.490671934701524
49.893665097277037     50.112475865737302     50.561776615990347
50.548652910876278     50.096674360273759     50.080677194446785
48.894278018375203     49.145425185773490     50.073931925301352
49.983731506489342     49.585482084537517     50.322695150319902
49.837124123889801     50.587124210397917     51.102345627524343
49.506354691316773     51.039061673013755     51.110770353437275
49.474835770332689     49.157073353391262     49.279521844980110
49.603391313894377     50.034951314083180     51.149365390658218
51.068927514814078     49.690583933145845     50.507068302968570
48.693049405748070     49.348667914180858     49.620971836468158
50.101279377681870     49.543253715740555     48.747964492478786
48.822759953915877     49.062339191491233     48.980363631062225
48.765786916779149     50.086192563853324     49.940590764471558
50.285195716298382     49.039011854065478     48.353011633917738
50.504394761594639     49.619870426029458     50.225244385994557
48.427639102249472     50.404628163634854     49.369870015396408
50.889121788942887     48.789213850566952     48.161749074514745
50.360760442983334     50.463644315856804     51.388610439455526
50.220890413021124     49.826810930468426     51.159074783276708
49.810357473383007     48.766148491502314     48.798830791641315
48.992249897321976     49.128561264511966     51.682573731817797
50.938975588420618     49.535595927071270     49.969221146480500
48.299591122001615     50.157137560658803     50.303502490092434
51.187731534969792     49.863856131764024     49.651522910049842
49.548014044844543     48.971820103638194     50.326651005474773
49.539834560104858     48.736638965840562     50.948538981792410
49.956947274089465     50.352322337605365     48.968990340000921
51.275091214171560     50.442144821437473     50.608304990165543
50.369433158685524     49.464785021930744     47.853509649298175
50.401574868351958     50.088528124174466     47.569640941570050
48.570976727836523     48.755655304792135     50.340584358684026
50.159710469732239     48.972412926694545     50.369017584819659
