          38
Energy of minimum      1=    -173.9284266     first found at step      143 after                20582 function calls
LA         0.8655341851       -0.0066749977        1.5204106529
LA         0.1788402526       -1.4820158376       -0.9124071347
LA        -0.6770484860       -0.2389965805        1.5954082901
LA        -1.6589878533        0.5368803629        0.1426887532
LA         0.0184056910       -0.6469309646       -1.6254180109
LA         1.5933462741        0.1716184725        0.7018804495
LA         0.2728542314       -1.6045525354        0.6417180794
LA        -1.4336890409       -1.0026550562        0.0076723557
LA        -0.2068926568        0.8926033263       -1.4904014713
LA        -0.2728536472        1.6045534675       -0.6417163681
LA         1.4993314518        0.2941555575       -0.8522432734
LA        -0.9971368588        1.4271243116        0.1728443490
LA         0.6770465724        0.2389967275       -1.5954090391
LA        -0.1788396335        1.4820151651        0.9124072513
LA         1.4336898646        1.0026537446       -0.0076733766
LA        -0.8655336845        0.0066754417       -1.5204101887
LA         1.6589875741       -0.5368798803       -0.1426892321
LA         0.5454435989        1.6594446285        0.0978463975
LA        -1.4993322680       -0.2941561300        0.8522413740
LA         0.2068919521       -0.8926016961        1.4904023520
LA        -0.5454420961       -1.6594453358       -0.0978457472
LA        -0.0184060492        0.6469301569        1.6254178207
LA        -1.5933456415       -0.1716186434       -0.7018803368
LA         0.9971367564       -1.4271238683       -0.1728435343
LA        -0.6101551215       -0.9449055516        0.7452461635
LA         0.6101550201        0.9449055519       -0.7452462804
LA        -0.9286950629        0.7131464996       -0.6704290824
LA        -0.7039414852       -0.8226647091       -0.8051189824
LA        -0.8349085587        0.5909050132        0.8799354638
LA         0.7039420590        0.8226640311        0.8051188642
LA         0.8349079536       -0.5909051187       -0.8799357821
LA         0.9286949763       -0.7131456457        0.6704294952
LA        -0.0467087128        0.0608797714       -0.7721276489
LA         0.1119337312       -0.7648789574       -0.0670792878
LA         0.7663927809        0.1154230277       -0.0372611819
LA        -0.1119336954        0.7648789641        0.0670793969
LA        -0.7663928014       -0.1154230761        0.0372608471
LA         0.0467084281       -0.0608796373        0.7721276032
