50.000000000000000     50.000000000000000     50.000000000000000
49.896665273287553     50.629067313686164     50.204211879600280
49.804792511821702     49.694236027147745     50.655748392746901
49.762443436953461     49.155493159688753     51.021121647740237
49.775286073166768     49.808612801719100     49.523904643850713
49.253352031677579     50.773576667546479     50.327138872330281
49.462930368054380     48.748445354525273     50.761034289034733
49.807427298389271     48.994117388780460     50.274856045742560
49.637915985598589     49.749369719451209     48.800931353954759
50.002712025079845     49.118709546135761     51.712928744228940
50.288278374238018     51.289756922026712     49.986897205103745
50.153922949860110     48.483313215834329     51.012587174277890
50.412664779614829     48.772452736204215     52.204779256505269
49.518904631290432     48.615902084302633     49.996566534903991
50.248771846284036     49.381186872863019     48.547413330555862
50.519247082831995     49.191114241486353     48.026039695889978
50.981477325481450     48.756041075942576     52.511372367229988
50.526563994577010     48.583213165952991     47.890482754320871
49.473520914676826     50.497886481125327     49.288922942111938
49.362518945501130     49.240344948614378     48.443025752810996
50.034200727155316     48.404464161547992     47.750476332060238
49.570437896335534     48.921897294529529     47.471452577195592
49.988137824228573     49.854212358703975     51.406688776086483
49.334539912983161     50.848902568314273     48.791089288290699
49.087878982331020     49.475004823555011     50.837001380816211
50.910848855351993     49.734347099770403     48.682303298032409
49.413902696309975     48.333513979717971     47.090303872300957
49.408561573260791     50.466606954040529     49.942382327859377
50.472750908466395     48.105262184323180     47.213361204867134
50.203651697577115     49.286749473800668     47.577195804524173
48.702397243915321     49.278144872493009     51.452922860806702
50.039931892781368     51.965481604933807     49.801968434029639
50.390832035335222     48.080621676149370     50.682820205533183
49.961581700421696     50.871378916309595     48.690354913364487
48.921924247096108     51.344149833678792     50.471443293840913
51.224795980075079     50.191514806414055     48.754845887350783
51.441923243834879     49.913562237108934     49.233820412916707
51.156065929363990     48.334973865966397     47.503751689930333
