          98
Energy of minimum      1=    -543.6653608     first found at step     1416 after               334188 function calls
LA         1.0587266145        1.3340492571        1.9662468944
LA         0.2903840184        2.4843576628        0.7143951565
LA        -2.5957717784       -0.1576220893        0.0619754803
LA        -1.8295493742       -1.3047563548        1.3103727584
LA         0.6554360615        2.2658559145       -1.0968214461
LA         1.0049366296        0.5263579893       -2.3408899692
LA         2.1900016229       -0.0315875764        1.4034286203
LA         2.2251157446       -1.3004082143       -0.3528662052
LA         1.8590522839       -1.0813026530        1.4633610745
LA        -1.2482164407       -1.6527118027       -1.5739171566
LA        -0.7942602837       -2.3323430046       -0.8342916258
LA        -0.1294693654        1.8957718825       -1.7765143016
LA         0.4463358199       -1.2454330579       -2.2397313275
LA         0.9002920357       -1.9250643472       -1.5001056911
LA        -0.7108002825        2.2437274321        1.1077753762
LA         0.0575422802        1.0934190473        2.3596270378
LA         2.5560646040       -0.2506930305       -0.4127984917
LA         1.7898416852        0.8964419261       -1.6611967049
LA        -1.1593142837       -2.1138412706        0.9769248443
LA        -1.8193461598        1.4896163271       -1.1125365693
LA         0.1691748380       -1.4874572585        2.1273376853
LA        -2.3794926879       -0.2870760935       -1.0110976772
LA        -2.0356248883        1.6190703536       -0.0394633334
LA        -0.5010600606       -0.6783721077        2.4607854280
LA         1.1509921373        1.8327390987        0.9776388545
LA        -0.6065723093       -0.9172011956       -2.1048287360
LA         0.2966795244       -2.2694862455       -0.6331709383
LA        -2.1814179406        0.7219859409        0.5997031270
LA        -1.4062335329       -0.4385656160        1.8627021238
LA        -0.0414379631        0.8753132140       -2.2071705043
LA         1.6369987094       -1.6375239368        0.5274869928
LA        -0.8410978437        1.3539489071        1.7603603656
LA        -0.0726441813       -2.0484291446        1.1992298803
LA         2.2954991586        0.4511295635        0.4082377405
LA         1.5203141830        1.6116819064       -0.8547622654
LA        -1.7510803132        0.4644072167       -1.5354266802
LA         0.3694285542        0.0267195737        2.5079929163
LA         2.0888354525       -0.1586853191       -1.4278673885
LA        -1.1284297462        2.2692076143        0.0675496142
LA        -2.0031453718       -1.3244441137       -0.8126970976
LA        -1.5471060420       -2.0071940848       -0.0696774818
LA        -0.9111585843        2.1391597644       -1.0104481047
LA         1.0427393222       -0.7860785563        2.1730151945
LA         1.7563678932       -1.2132177959       -1.3676600236
LA         1.3003283955       -0.5304675590       -2.1106799251
LA        -0.1226509924        2.5109421798       -0.3276360125
LA         1.3752074907        0.2684539167        2.1128076333
LA        -2.2204172690       -1.1943963193        0.2653005843
LA        -0.7734019497        0.1362088735       -1.8850521029
LA         0.5999471550       -1.9198726715        0.3525297142
LA        -1.4277089931        0.5278437253        1.3613055825
LA         1.6011640941        1.2558203120        0.1712168380
LA         1.8359956901        0.5501407864       -0.6213532211
LA        -0.8384010530        1.1274926369       -1.4441114777
LA        -0.5318371242        0.2774942061        1.9234760880
LA         0.8167197643       -1.3504376599        1.2525577342
LA        -1.2735683443        1.3879619883        0.7149819555
LA         1.1701048200       -1.5619547306       -0.5007653272
LA         0.2567152699       -0.1944922294       -1.9889403735
LA         0.7408797705        1.8721259634       -0.0765247773
LA         1.4826112705        0.7616577922        1.1319698399
LA        -1.3791470462       -0.5876651130       -1.3461861308
LA        -0.4657576704       -1.9551273559        0.1419886054
LA        -1.8143148689       -0.3271959113        0.8129071341
LA        -0.1540264967       -1.5838854868       -1.3608734032
LA         0.1540273603        1.5838858218        1.3608731548
LA        -0.7350495302       -1.2361159139        1.5218781019
LA        -1.9545773788        0.5896753217       -0.4650845115
LA         0.7350487159        1.2361161337       -1.5218785319
LA         1.9545771876       -0.5896759877        0.4650851748
LA         0.1445741342       -0.5323145149        1.5822167441
LA        -1.0492585099        1.2550076549       -0.3628809964
LA         0.7133545914       -0.8727563165       -1.2397951178
LA         1.4959954398       -0.5037400552       -0.5620625342
LA         1.0433487076        0.1739307505       -1.2995546411
LA         0.4745687459        0.5143725580        1.5224572390
LA        -0.2666173354        1.6240241791        0.3148512843
LA        -0.9213051639       -1.2656400223       -0.5975135709
LA        -0.0509624033        1.4949440162       -0.7551264742
LA         1.1428704881       -0.2923785019        1.1899716952
LA        -1.5896073174       -0.4588893151       -0.2650277076
LA        -1.1369607238       -1.1365599225        0.4724641477
LA         0.5853677538        0.9937119123        0.5538293236
LA        -0.3118423273       -0.5337308553       -1.1201477045
LA         0.1419659620       -1.2131406613       -0.3807631056
LA        -1.1859584507        0.3898832470        0.2798902687
LA        -0.7403522236       -0.2772470205        1.0059113422
LA         1.2432748349        0.1995092189        0.2265152447
LA         0.7976685624        0.8666395426       -0.4995059228
LA        -0.0703353258       -1.0860682990        0.6725722997
LA        -0.9697498130        0.2604717289       -0.7928333242
LA         0.0130189661        0.4966760980       -1.1789777070
LA         0.9124335703       -0.8498640944        0.2864281246
LA        -0.4154905372        0.7531599427        0.9470812621
LA         0.4652356883       -0.1720037833       -0.4435971020
LA        -0.1954996732        0.6256127713       -0.1148759106
LA         0.2520220386       -0.0443852195        0.6142660507
LA        -0.5217576859       -0.4092234810       -0.0557929997
