          98
Energy of minimum      1=    -543.6653608     first found at step      318 after                68201 function calls
LA         1.7704546133        0.8591742427        1.7011836276
LA         2.3858494142       -0.6514323336        0.8062717655
LA        -1.7283869701       -1.0095489100        1.6613865226
LA        -0.0897815745        2.0553837490       -1.5918706148
LA        -1.4922199936       -2.0046043027       -0.7221887154
LA        -0.3929732591       -1.0693295616       -2.3385512423
LA         0.5273162082        0.5405976593       -2.4892583721
LA        -2.4722118888        0.4009770833        0.7029232414
LA        -1.3637905216       -1.9045230002        1.1311868146
LA         0.3049288141       -1.7045703152        1.9411783916
LA         1.7118290897       -1.7056077133       -0.9629428363
LA         0.0477139466       -1.9050093316       -1.7707000249
LA        -1.5493757120        2.0153578859        0.5517996206
LA         0.1147398338        2.2147589296        1.3595560227
LA        -1.6254659132        1.9560638392       -0.5462510711
LA         1.5132377418        0.6587353940       -2.0106950285
LA         1.0245712805        2.2736022795        0.7400684251
LA         0.8606230213        0.8003308436        2.3206710342
LA        -0.0596678090       -0.8095962413        2.4713778324
LA         0.8961400373        2.1735213035       -1.1133073446
LA         1.8406144560       -1.6052496072        0.8955601107
LA        -2.5483018144        0.3416830220       -0.3951274141
LA         2.2570636443       -0.7517902469       -1.0522309776
LA        -1.9329066880       -1.1689242289       -1.2900397881
LA        -0.3469319250        1.0911874367       -2.0804903705
LA         1.7447225562        1.4275011785        0.7467766659
LA        -0.4011360719       -2.2003502680       -0.7981478832
LA        -0.9966545887       -0.3183386400        2.1318610855
LA        -0.2712044181       -2.0990985524        1.0769052144
LA         2.3673152228       -0.1007739626       -0.1586023493
LA        -1.7491795798        1.1086852692        1.1621873335
LA        -1.2779853975       -0.5375698431       -1.9280205859
LA        -0.0655999198        1.3104185587        1.9793916516
LA         1.6147893649        1.3262496753       -1.1282767726
LA         1.2824431177       -1.9986164076        0.0190570936
LA        -1.9005783958        0.9907059197       -1.0226411002
LA        -2.3909489752       -0.7674677695       -0.3486773384
LA         1.3048730158       -1.2171815366        1.8008319127
LA         0.9386031985       -0.3181003365        2.3334643106
LA         1.6015470487       -0.4546312184       -1.9119563384
LA         0.3985356481        2.4983940750       -0.1625284606
LA         1.0538105053       -1.4128259682       -1.8222585319
LA        -0.5154711233        2.4392807724        0.4598020244
LA        -1.9482400681       -1.6069829535        0.2217795945
LA        -0.5919105462        2.3797145949       -0.6432878769
LA         0.6111009061       -0.5733111716       -2.3927158479
LA        -2.3145099220       -0.7079016884        0.7544125054
LA         1.8526103352       -0.2589870235        1.7111340590
LA         1.8461743748        0.8552481241       -0.1741145167
LA        -0.9063303742        0.6772299812        1.7000146603
LA        -1.1365246713        0.4978481705       -1.6219074915
LA         0.1966806396       -2.0303259517        0.0960073325
LA        -1.7529809767       -0.1308003581       -0.9846639274
LA         1.7173564261        0.2030453772       -1.0339600942
LA         0.0110409247        0.1815306957        2.0066237036
LA         0.7446333838       -1.6192154881        0.9398277681
LA         1.1216317419        1.6653673699       -0.1676530143
LA        -0.7090087511        1.5469707957        1.0787963884
LA         0.6203085770       -1.7160975873       -0.8543068318
LA        -0.8621071316        1.4276672332       -1.1305534818
LA        -1.5998830937       -0.0114968383        1.2246859432
LA        -0.8662905909       -1.8122431270        0.1578897671
LA        -0.2663823294       -0.0346551414       -1.9968608394
LA         1.8416817966        0.2999273092        0.7601746069
LA        -0.6301665304       -1.2015436372        1.5948593938
LA        -0.8345769984       -1.3608338903       -1.3549929034
LA         0.6301656145        1.2015434682       -1.5948597533
LA         0.8345775972        1.3608335463        1.3549927267
LA         1.8140466065       -1.0434641909       -0.0693583999
LA        -1.8140462735        1.0434645352        0.0693589438
LA         0.3794775936       -0.7146563811        1.4672877518
LA        -1.6696774852       -0.0742727200        0.1197116633
LA         0.7230354160        0.0804755459       -1.5094415163
LA        -1.3061324449       -0.9666650783       -0.4089584718
LA         1.1624511492       -0.7527936015       -0.9432282413
LA         0.9231398654        0.2364094259        1.3782574584
LA         0.2036193113        1.6008457214        0.4511120576
LA         0.1277486005        1.5417227246       -0.6437711493
LA         0.1793736557       -0.8705903787       -1.4204111829
LA         1.2866848765       -0.6559827934        0.8495875930
LA        -0.7794582819        1.4830492669       -0.0260706530
LA        -1.2302622228       -0.9075420804        0.6859247066
LA        -0.1452945193        0.6035432281       -1.1186912394
LA         0.9149965193        0.7798455684        0.4375696922
LA        -0.9623256487        0.6050571496        0.5870946053
LA         0.0054611828        0.7210213855        1.0568553638
LA         0.8403060308        0.7216421738       -0.6402837423
LA        -1.0383908602        0.5457823652       -0.5105985321
LA        -0.2399570690       -1.1681374863       -0.4633794025
LA        -0.1652669584       -1.1099340581        0.6144739802
LA         0.7278296749       -1.0521730666        0.0063815296
LA        -0.5297449873       -0.2152515340        1.1445008432
LA         1.2728870154       -0.0986663904       -0.0828773371
LA        -0.6805003406       -0.3327297429       -1.0310457423
LA        -0.0640906438        0.6616050982       -0.0312850717
LA         0.2953382939       -0.2206832367       -0.5539693756
LA        -0.6015972796       -0.2786924423        0.0567371456
LA         0.3703496502       -0.1622296386        0.5285173117
