50.000000000000000     50.000000000000000     50.000000000000000
50.292299198162418     50.483416222804834     49.616524410277165
50.584692556409657     50.141327428117052     50.041416773192175
50.249142492711940     50.872830515801766     48.943416290810561
51.177918403027597     50.300301312982967     49.849640078932637
49.935036554062755     49.920133270969103     49.277440054516859
51.019104676461140     51.030063973926303     49.021843381804864
50.378894582842655     51.368320697009665     49.045199685427853
50.697179297430779     50.454186122113455     50.577429849533083
49.610967276225388     50.656097345616203     49.615022883940497
49.683781960990125     49.251626347590410     49.496086080395990
50.781777624492932     49.613782830520300     50.190239435449428
51.607234673709684     51.336820063680371     49.193666022449285
49.492323804346050     51.127431785970785     49.363611758113677
51.335995376580399     49.494532865986358     50.518467534755423
49.799194344120451     48.770342637670566     49.808170650989140
51.212727091416895     50.694053424324153     50.635415889188472
51.429171180655018     49.136878666005117     51.118191424118386
51.446406975319789     51.886534003956243     48.640721804189759
51.173986048075541     50.273742981425173     49.067831530188911
49.849362692718223     51.712949273699365     49.149129298520890
51.373507714913373     51.377461117570277     50.811503178988360
51.275568471740840     51.947913140683909     49.551782013375366
50.974265554878869     52.063679608988771     48.548765341493450
52.346630108153882     51.084873013733549     49.386141039820252
49.768404931032201     51.117094249578741     49.803192401183971
49.433049226000364     48.720464432516053     50.375830386264724
49.115809723181933     51.868521110039943     49.313896160966067
50.575949054264520     50.388946312872442     49.176187769217819
49.505490275160568     52.063898985259897     49.554906587491224
51.962320155247902     49.173596695110568     50.533242199972008
51.481284648488995     52.571388466297726     48.231449931433232
50.971237510305365     49.759492052112499     49.347347983352776
49.990799855232140     50.388531932181792     50.870753832248617
51.106082506813479     48.674390362385452     51.580256361027196
50.959672286952816     49.281253990564501     49.691628560174507
49.303226518722681     50.266488810152310     49.899775004646692
49.386696012551361     52.233698505625483     48.719260594051647
