          98
Energy of minimum      1=    -543.6653608     first found at step     4236 after               820331 function calls
LA         1.7895062590       -1.8859559348        0.0869113695
LA         1.9883613528       -0.8452436180       -1.4486885353
LA         0.6882961609        1.3348094424        2.1239699325
LA         0.8866026662        2.3726501017        0.5926072130
LA        -1.7848576272        1.3337766357        1.3424003638
LA        -2.4632184392        0.6014727216       -0.5809482380
LA         0.1119382789       -2.5383260698        0.5577517662
LA         2.4585695512       -0.0492939989       -0.8483642066
LA        -1.6673689202        1.9486556771        0.4351292914
LA         0.5090997702       -0.4597726052       -2.5092116082
LA        -1.5793042532       -0.0896228373       -2.0650622092
LA         2.2597144369       -1.0900062760        0.6872356458
LA        -0.4117454510       -2.1288793650        1.4370297529
LA         0.1029046112        0.5645529705       -2.5372044869
LA        -2.5807070634       -0.0134063836        0.3263228935
LA        -1.8950992122       -1.7423428938        0.3735721913
LA        -1.1731089256       -1.1139483259       -2.0370690927
LA        -1.3714153168       -2.1517893785       -0.5057057552
LA         0.3819081267       -0.7854129124        2.4503036008
LA        -0.3055958436        0.9483066636        2.4029235867
LA         0.0101993540        2.6010261179       -0.0357099777
LA         0.8965584195        1.9080188198       -1.5239298489
LA         1.7729617494        1.6796426998       -0.8956127098
LA         1.3758000988       -0.3989101861        2.1713497554
LA         1.4240637657       -1.6537171997       -0.9363516925
LA        -1.7749727191        1.4735758697       -0.5635051712
LA        -2.0087438130        0.2501303779        1.2417226355
LA         2.3596525993       -0.0699894695        0.2581336981
LA         1.6660259020        1.6791693539        0.2103323474
LA        -0.8807200515        0.7743971450       -2.0649777325
LA         1.4653999343        0.6291896689        1.7596065097
LA        -1.3151169040       -1.4990282097        1.2895245967
LA        -0.5121803635       -0.1398481099        2.3146501628
LA        -0.0724996390       -1.2637377706       -2.0092791367
LA        -0.2731255251       -2.3137178937       -0.4600042802
LA        -0.0777833015        2.1335767951       -1.0398515739
LA         1.5488998515       -1.3009371632        1.5282969420
LA        -1.8152155564       -1.3469990174       -1.1479573475
LA         1.9365612636        0.7278969450       -1.4653041468
LA        -0.6717924864        2.3083160858        0.8047307156
LA        -0.7898203733        1.6906153787        1.7161652632
LA         1.0561360681        0.9573211376       -2.0965048785
LA        -2.3413026484       -0.9356735538       -0.2646442017
LA         0.5504468728       -1.6892138237        1.8085310889
LA        -2.2232748887       -0.3179726840       -1.1760789499
LA         1.4641952300       -0.0717053201       -2.0683834850
LA         1.0765338319       -2.1005395598        0.9252178261
LA         0.2086327192        2.0788921693        1.4359315609
LA        -1.2366359652       -0.4476942283        1.5621863624
LA        -0.8811987733        1.4124932367       -1.1825719597
LA         1.7701753428        0.7215897827        0.7182703508
LA         0.3476594298       -1.6863889635       -1.0978848658
LA        -0.7248307013       -1.5113098081       -1.1181134678
LA         0.0818245044        1.1812187729       -1.6302272788
LA        -0.3465381358       -1.0606256797        1.6776765075
LA         1.6532373500       -0.2829563027        1.1164031722
LA         1.8452052013        0.7217112697       -0.3660117517
LA        -1.7785167449       -0.6874766767        0.6510514120
LA        -1.5421219644        0.5497002154       -1.1744374796
LA         0.8991156514       -0.8797913409       -1.5739036331
LA         0.7071478173       -1.8844591352       -0.0914883877
LA        -0.7738362012        1.8502241290       -0.1935511665
LA        -1.0102310690        0.6130474163        1.6319374638
LA         0.9895443493        1.3907168527        1.0706644224
LA         1.8806279919       -0.8567373136       -0.3370960325
LA        -1.8806280090        0.8567370179        0.3370957053
LA        -0.4737806639       -0.2432179170       -2.0250359579
LA        -0.7894072578       -1.8950567456        0.4122981605
LA         0.4737805850        0.2432184023        2.0250357535
LA         0.7894073299        1.8950566721       -0.4122975535
LA         0.6514270690       -0.6720375371        1.3898484079
LA         0.9604035200        0.9449968086       -0.9961307126
LA        -1.6533739545       -0.0714456674       -0.2625268667
LA         1.1736001517       -1.0803030493        0.5131067829
LA         1.3654268718       -0.0763739530       -0.9682184962
LA        -1.2483505491       -1.0928163600       -0.2346144119
LA        -1.1312008668       -0.4797109787       -1.1392684493
LA         0.4915517910        0.1513433131       -1.5947233894
LA         0.1825753802       -1.4656912402        0.7912560227
LA        -0.8856530656        1.2281222501        0.7176382136
LA         0.1053717595        1.6135105385        0.4394893420
LA        -0.0117779883        1.0004052909        1.3441431764
LA         1.2721022710       -0.0746037411        0.1141723411
LA        -0.4642983858        0.3778730311       -1.1307006858
LA        -0.6970762954       -0.8403749293        0.6668580470
LA         0.8020472946       -0.8702942109       -0.4859564652
LA        -0.9783496311        0.7797881490       -0.2675959546
LA        -1.0958000026        0.1651093468        0.6393797008
LA        -0.0582355113       -0.6461189714       -1.1027167385
LA        -0.1735630569       -1.2496881517       -0.2121336326
LA         0.8733786842        0.9308806211        0.0866941560
LA         0.7580510932        0.3273115021        0.9772771662
LA        -0.2355171229       -0.0590656902        1.2561400624
LA        -0.0027391630        1.1591821856       -0.5414185567
LA        -0.5768320222       -0.2351385723       -0.2340568011
LA         0.2871487978       -0.4602773322        0.3853547218
LA         0.4029721073        0.1458862959       -0.5090565644
LA        -0.1132887951        0.5495291787        0.3577583638
