          38
Energy of minimum      1=    -173.9284266     first found at step      314 after                44944 function calls
LA        -1.4246819157        1.0098546650       -0.1063790736
LA        -1.3429778821        0.0466604459        1.1203010460
LA         1.4178040051        0.8499448851        0.5729460321
LA         0.4448043746       -0.4101747946        1.6415684998
LA        -0.2809983902       -1.5209024296        0.8177632414
LA        -0.0373355796       -1.3769193092       -1.0786754703
LA        -0.4448036763        0.4101747650       -1.6415686151
LA         0.2809986458        1.5209022621       -0.8177634300
LA         0.0373346853        1.3769187712        1.0786756244
LA        -1.4178043029       -0.8499437816       -0.5729459973
LA         1.3429782606       -0.0466613231       -1.1203003223
LA         1.4246819168       -1.0098541246        0.1063784106
LA         1.7467312213        0.0271047888       -0.0950595339
LA         1.0209300493       -1.0836206305       -0.9188627681
LA        -0.7721352982        1.2290258217       -0.9768027932
LA        -0.6083294604       -0.7020528831        1.4825308612
LA         0.7684217192        0.6318369406        1.4391493147
LA        -0.6867188367       -1.5950275473       -0.2124729790
LA        -0.7684217093       -0.6318366793       -1.4391492832
LA         0.6867177495        1.5950277831        0.2124731875
LA         0.6083302438        0.7020521644       -1.4825305590
LA         0.7721356832       -1.2290254674        0.9768021160
LA        -1.7467308078       -0.0271039776        0.0950600045
LA        -1.0209306107        1.0836197483        0.9188625418
LA        -1.0913404761        0.1892615499       -0.7705086209
LA        -0.3672944347        1.2973010909        0.0513031026
LA        -1.0098344194       -0.7716014966        0.4532028331
LA         0.2857881943       -0.3364384601       -1.2750143226
LA        -0.2857881076        0.3364379262        1.2750145030
LA         0.3672940728       -1.2973011972       -0.0513033216
LA         1.0913406898       -0.1892609947        0.7705084057
LA         1.0098344163        0.7716015467       -0.4532025781
LA        -0.6858507710        0.2618138687        0.2512588291
LA        -0.0405924248        0.4785380503       -0.6094443597
LA         0.6858507841       -0.2618139588       -0.2512588476
LA         0.0405925585       -0.4785381547        0.6094443171
LA        -0.3605965210       -0.5518364629       -0.4092865084
LA         0.3605963542        0.5518365988        0.4092865132
