 proc #   product   product energy         time
      0         1       -469.14483  8.70000e-12
      1        -1       -469.14483  1.61000e-11
      2        -1       -469.03919  3.60000e-12
      3        -1       -469.09387  2.60000e-12
      4        -1       -469.14483  1.89000e-11
      5        -1       -469.14481  9.50000e-12
      6        -1       -469.14484  5.96000e-11
      7        -1       -469.09389  3.20000e-12
      8        -1       -469.09386  1.15000e-11
      9        -1       -469.14483  6.20000e-12
     10        -1       -469.09388  2.27000e-11
     11        -1       -469.09388  7.40000e-12
     12        -1       -469.14483  9.70000e-12
     13        -1       -469.09387  2.15000e-11
     14        -1       -469.14485  3.10000e-11
     15        -1       -469.14485  7.10000e-12
     16        -1       -469.09389  1.41000e-11
     17        -1       -469.09388  1.70000e-12
     18        -1       -469.09387  8.60000e-12
     19        -1       -469.03920  1.30000e-11
     20        -1       -469.14484  5.30000e-12
     21        -1       -469.14483  2.50000e-11
     22        -1       -469.09388  4.30000e-12
     23        -1       -469.14481  2.63000e-11
     24        -1       -469.09388  1.48000e-11
     25        -1       -469.14483  1.10000e-12
     26        -1       -469.14484  1.00000e-12
     27        -1       -469.10679  3.31000e-11
     28        -1       -469.14483  2.21000e-11
     29        -1       -469.14483  1.25000e-11
     30        -1       -469.14483  4.25000e-11
     31        -1       -469.09389  1.20000e-12
     32        -1       -469.03919  1.92000e-11
     33        -1       -469.14483  3.50000e-12
     34        -1       -469.09387  5.50000e-12
     35        -1       -469.09388  1.14000e-11
     36        -1       -469.03920  7.30000e-12
     37        -1       -469.03920  2.20000e-12
     38        -1       -469.14484  1.34000e-11
     39        -1       -469.09388  2.40000e-12
     40        -1       -469.14483  1.60000e-12
     41        -1       -469.14483  1.80000e-12
     42        -1       -469.03918  4.90000e-12
     43        -1       -469.14483  2.22000e-11
     44        -1       -469.09389  4.10000e-12
     45        -1       -469.10678  2.15000e-11
     46        -1       -469.14481  3.26000e-11
     47        -1       -469.06428  4.00000e-13
     48        -1       -469.14485  9.50000e-12
     49        -1       -469.09388  1.31000e-11
     50        -1       -469.14483  1.20000e-11
     51        -1       -469.09387  5.50000e-12
     52        -1       -469.09388  4.67000e-11
     53        -1       -469.14483  2.34000e-11
     54        -1       -469.09389  1.20000e-12
     55        -1       -469.14483  1.01000e-11
     56        -1       -469.14483  8.30000e-12
     57        -1       -469.09388  1.20000e-12
     58        -1       -469.09388  1.64000e-11
     59        -1       -469.14481  1.24000e-11
     60        -1       -469.14485  9.70000e-12
     61        -1       -469.14485  1.20000e-11
     62        -1       -469.09387  3.20000e-12
     63        -1       -469.14483  1.00000e-12
     64        -1       -469.14481  1.52000e-11
     65        -1       -469.09387  4.70000e-12
     66        -1       -469.14485  2.50000e-12
     67        -1       -469.14481  2.40000e-12
     68        -1       -469.09388  3.20000e-12
     69        -1       -469.03921  7.53000e-11
     70        -1       -469.09387  5.80000e-12
     71        -1       -469.09387  6.00000e-13
     72        -1       -469.03918  6.00000e-13
     73        -1       -469.14485  7.60000e-12
     74        -1       -469.09387  4.60000e-12
     75        -1       -469.09388  2.90000e-11
     76        -1       -469.14484  2.00000e-12
     77        -1       -469.09388  4.00000e-12
     78        -1       -469.09387  9.00000e-13
     79        -1       -469.14483  7.40000e-12
     80        -1       -469.03921  1.90000e-12
     81        -1       -469.14483  1.57000e-11
     82        -1       -469.14483  5.40000e-12
     83        -1       -469.09388  2.59000e-11
     84        -1       -469.09387  6.40000e-12
     85        -1       -469.09387  1.17000e-11
     86        -1       -469.09387  2.90000e-12
     87        -1       -469.14483  3.98000e-11
     88        -1       -469.09388  5.62000e-11
     89        -1       -469.14483  9.00000e-13
     90        -1       -469.14483  1.26000e-11
     91        -1       -469.09388  1.80000e-12
     92        -1       -469.14483  7.60000e-12
     93        -1       -469.09388  2.21000e-11
     94        -1       -469.03920  6.40000e-12
     95        -1       -469.03920  1.72000e-11
     96        -1       -469.03918  2.55000e-11
     97        -1       -469.09386  1.07000e-11
     98        -1       -469.14484  2.40000e-12
     99        -1       -469.09389  1.22000e-11
    100        -1       -469.14483  7.00000e-13
    101        -1       -469.14483  1.63000e-11
    102        -1       -469.09388  5.70000e-12
    103        -1       -469.14483  4.00000e-13
    104        -1       -469.09388  1.91000e-11
    105        -1       -469.14481  5.00000e-13
    106        -1       -469.14483  1.13000e-11
    107        -1       -469.03917  1.60000e-12
    108        -1       -469.14485  5.70000e-12
    109        -1       -469.09388  1.95000e-11
    110        -1       -469.03923  6.90000e-12
    111        -1       -469.14484  5.10000e-12
    112        -1       -469.09388  1.07000e-11
    113        -1       -469.14483  7.00000e-13
    114        -1       -469.14482  7.90000e-12
    115        -1       -469.14485  2.00000e-11
    116        -1       -469.09387  1.00000e-12
    117        -1       -469.09389  4.80000e-12
    118        -1       -469.03917  2.10000e-12
    119        -1       -469.14483  3.60000e-12
    120        -1       -469.03920  1.83000e-11
    121        -1       -469.03920  2.60000e-12
    122        -1       -469.09387  2.80000e-11
    123        -1       -469.09387  1.12000e-11
    124        -1       -469.09388  2.00000e-12
    125        -1       -469.14483  2.80000e-11
    126        -1       -469.14481  2.00000e-13
    127        -1       -469.14485  2.54000e-11
    128        -1       -469.14484  8.30000e-12
    129        -1       -469.09388  4.20000e-12
    130        -1       -469.09387  4.00000e-12
    131        -1       -469.03920  2.10000e-11
    132        -1       -469.09388  8.30000e-12
    133        -1       -469.09387  2.80000e-11
    134        -1       -469.03921  8.40000e-12
    135        -1       -469.09387  1.35000e-11
    136        -1       -469.14481  2.50000e-12
    137        -1       -469.14485  5.50000e-12
    138        -1       -469.09388  1.19000e-11
    139        -1       -469.09387  7.10000e-12
    140        -1       -469.06427  5.10000e-12
    141        -1       -469.09389  4.10000e-12
    142        -1       -469.09388  3.90000e-12
    143        -1       -469.14483  3.38000e-11
    144        -1       -469.03920  1.22000e-11
    145        -1       -469.03920  1.30000e-11
    146        -1       -469.14484  9.20000e-12
    147        -1       -469.09389  4.60000e-12
    148        -1       -469.14483  5.90000e-12
    149        -1       -469.14481  1.80000e-12
    150        -1       -469.03915  3.03000e-11
    151        -1       -469.09389  1.05000e-11
    152        -1       -469.14485  4.70000e-12
    153        -1       -469.14483  2.10000e-12
    154        -1       -469.14481  4.60000e-12
    155        -1       -469.09387  2.64000e-11
    156        -1       -469.09386  5.00000e-13
    157        -1       -469.14481  1.01000e-11
    158        -1       -469.09388  1.31000e-11
    159        -1       -469.03921  4.30000e-11
    160        -1       -469.06448  4.60000e-12
    161        -1       -469.03920  2.18000e-11
    162        -1       -469.09387  2.52000e-11
    163        -1       -469.03920  2.60000e-12
    164        -1       -469.14485  3.80000e-12
    165        -1       -469.14483  6.30000e-12
    166        -1       -469.09387  8.00000e-12
    167        -1       -469.09389  1.63000e-11
    168        -1       -469.03917  1.40000e-12
    169        -1       -469.09388  1.60000e-12
    170        -1       -469.14483  9.00000e-13
    171        -1       -469.14483  1.62000e-11
    172        -1       -469.03919  3.05000e-11
    173        -1       -469.09387  9.90000e-12
    174        -1       -469.14484  2.27000e-11
    175        -1       -469.14485  4.19000e-11
    176        -1       -469.09389  1.57000e-11
    177        -1       -469.14483  3.20000e-12
    178        -1       -469.09389  1.26000e-11
    179        -1       -469.09388  1.40000e-12
    180        -1       -469.14483  4.30000e-12
    181        -1       -469.14484  2.21000e-11
    182        -1       -469.09387  3.26000e-11
    183        -1       -469.09388  4.00000e-13
    184        -1       -469.14483  3.40000e-12
    185        -1       -469.14483  1.20000e-11
    186        -1       -469.09388  5.00000e-12
    187        -1       -469.09387  2.06000e-11
    188        -1       -469.09388  1.70000e-12
    189        -1       -469.09388  1.10000e-11
    190        -1       -469.09387  8.40000e-12
    191        -1       -469.09388  1.90000e-12
    192        -1       -469.14485  2.67000e-11
    193        -1       -469.09387  1.50000e-11
    194        -1       -469.09387  2.27000e-11
    195        -1       -469.14485  2.10000e-11
    196        -1       -469.09388  1.90000e-12
    197        -1       -469.14484  1.12000e-11
    198        -1       -469.09388  6.40000e-12
    199        -1       -469.09388  4.20000e-12
    200        -1       -469.09388  3.70000e-12
    201        -1       -469.09387  1.75000e-11
    202        -1       -469.09390  8.00000e-13
    203        -1       -469.09388  2.55000e-11
    204        -1       -469.14485  6.20000e-12
    205        -1       -469.14481  1.83000e-11
    206        -1       -469.09387  8.50000e-12
    207        -1       -469.09388  4.00000e-13
    208        -1       -469.09387  8.20000e-12
    209        -1       -469.09386  4.70000e-12
    210        -1       -469.14483  3.85000e-11
    211        -1       -469.09388  3.40000e-12
    212        -1       -469.09388  4.50000e-12
    213        -1       -469.09388  5.60000e-12
    214        -1       -469.14484  5.12000e-11
    215        -1       -469.09387  8.00000e-13
    216        -1       -469.09387  2.00000e-12
    217        -1       -469.09388  2.70000e-12
    218        -1       -469.14485  8.20000e-12
    219        -1       -469.14483  2.60000e-12
    220        -1       -469.14484  1.50000e-12
    221        -1       -469.14482  2.36000e-11
    222        -1       -469.09388  1.05000e-11
    223        -1       -469.06447  4.60000e-12
    224        -1       -469.14483  7.20000e-12
    225        -1       -469.09387  1.50000e-12
    226        -1       -469.14483  1.25000e-11
    227        -1       -469.14484  7.80000e-12
    228        -1       -469.09388  7.90000e-12
    229        -1       -469.09387  2.19000e-11
    230        -1       -469.09389  4.30000e-12
    231        -1       -469.03922  1.62000e-11
    232        -1       -469.09387  5.00000e-13
    233        -1       -469.09389  4.70000e-12
    234        -1       -469.09388  1.50000e-12
    235        -1       -469.14483  6.60000e-12
    236        -1       -469.09388  1.52000e-11
    237        -1       -469.14483  1.37000e-11
    238        -1       -469.09388  3.60000e-12
    239        -1       -469.09387  3.00000e-12
    240        -1       -469.09388  2.40000e-12
    241        -1       -469.14485  9.20000e-12
    242        -1       -469.09386  7.10000e-12
    243        -1       -469.09389  3.90000e-12
    244        -1       -469.14483  2.30000e-12
    245        -1       -469.09389  2.77000e-11
    246        -1       -469.09387  1.50000e-11
    247        -1       -469.14483  6.60000e-12
    248        -1       -469.14485  1.00000e-12
    249        -1       -469.03920  9.20000e-12
    250        -1       -469.09386  7.80000e-12
    251        -1       -469.09388  1.67000e-11
    252        -1       -469.09389  1.00000e-12
    253        -1       -469.14484  5.00000e-13
    254        -1       -469.09389  1.11000e-11
    255        -1       -469.09388  2.25000e-11
    256        -1       -469.03917  9.90000e-12
    257        -1       -469.09387  2.72000e-11
    258        -1       -469.03920  5.00000e-12
    259        -1       -469.03918  1.69000e-11
    260        -1       -469.09388  7.30000e-12
    261        -1       -469.14484  5.30000e-12
    262        -1       -469.09387  3.21000e-11
    263        -1       -469.14484  9.20000e-12
    264        -1       -469.14481  7.30000e-12
    265        -1       -469.09389  1.10000e-12
    266        -1       -469.14485  9.20000e-12
    267        -1       -469.14485  4.00000e-13
    268        -1       -469.14484  1.38000e-11
    269        -1       -469.05107  1.47000e-11
    270        -1       -469.14483  2.83000e-11
    271        -1       -469.14483  7.90000e-12
    272        -1       -469.14483  6.00000e-13
    273        -1       -469.14483  9.00000e-13
    274        -1       -469.14483  5.90000e-12
    275        -1       -469.14483  3.50000e-12
    276        -1       -469.14483  3.50000e-12
    277        -1       -469.14484  2.44000e-11
    278        -1       -469.14481  1.70000e-12
    279        -1       -469.09387  1.87000e-11
    280        -1       -469.14484  5.00000e-13
    281        -1       -469.09388  3.25000e-11
    282        -1       -469.06448  2.63000e-11
    283        -1       -469.14483  4.70000e-12
    284        -1       -469.03920  2.22000e-11
    285        -1       -469.14485  2.10000e-12
    286        -1       -469.09388  3.70000e-12
    287        -1       -469.09387  1.37000e-11
    288        -1       -469.06448  1.59000e-11
    289        -1       -469.09388  1.75000e-11
    290        -1       -469.09386  3.32000e-11
    291        -1       -469.14481  3.00000e-13
    292        -1       -469.09389  4.40000e-12
    293        -1       -469.14483  1.89000e-11
    294        -1       -469.14484  1.20000e-11
    295        -1       -469.14483  1.69000e-11
    296        -1       -469.09387  7.90000e-12
    297        -1       -469.09389  2.30000e-12
    298        -1       -469.09387  7.70000e-12
    299        -1       -469.09389  5.00000e-13
    300        -1       -469.14484  1.41000e-11
    301        -1       -469.06448  2.63000e-11
    302        -1       -469.09388  2.60000e-12
    303        -1       -469.03921  2.10000e-12
    304        -1       -469.09387  1.15000e-11
    305        -1       -469.06448  8.40000e-12
    306        -1       -469.09388  1.91000e-11
    307        -1       -469.14484  4.80000e-12
    308        -1       -469.03918  1.90000e-12
    309        -1       -469.09388  7.70000e-12
    310        -1       -469.14483  1.79000e-11
    311        -1       -469.09388  1.80000e-12
    312        -1       -469.14485  2.50000e-11
    313        -1       -469.09388  5.40000e-11
    314        -1       -469.09387  3.17000e-11
    315        -1       -469.03920  5.00000e-12
    316        -1       -469.14483  2.20000e-12
    317        -1       -469.14483  4.00000e-12
    318        -1       -469.14485  2.93000e-11
    319        -1       -469.14483  1.24000e-11
    320        -1       -469.14483  8.30000e-12
    321        -1       -469.03919  4.50000e-12
    322        -1       -469.09387  8.00000e-13
    323        -1       -469.09388  9.90000e-12
    324        -1       -469.14483  6.50000e-12
    325        -1       -469.09388  2.47000e-11
    326        -1       -469.03917  6.00000e-13
    327        -1       -469.09386  1.60000e-12
    328        -1       -469.14485  6.60000e-12
    329        -1       -469.09388  1.14000e-11
    330        -1       -469.03918  5.60000e-12
    331        -1       -469.09387  6.50000e-12
    332        -1       -469.09387  2.80000e-12
    333        -1       -469.14483  9.50000e-12
    334        -1       -469.09388  4.53000e-11
    335        -1       -469.09387  4.30000e-12
    336        -1       -469.09388  5.70000e-12
    337        -1       -469.14483  6.20000e-12
    338        -1       -469.09386  4.50000e-12
    339        -1       -469.14481  4.20000e-12
    340        -1       -469.14483  6.40000e-12
    341        -1       -469.09387  2.72000e-11
    342        -1       -469.09386  1.25000e-11
    343        -1       -469.14485  1.37000e-11
    344        -1       -469.09388  6.00000e-12
    345        -1       -469.03917  2.12000e-11
    346        -1       -469.09386  3.04000e-11
    347        -1       -469.14483  1.30000e-12
    348        -1       -469.14483  4.40000e-12
    349        -1       -469.09389  1.49000e-11
    350        -1       -469.14483  6.20000e-12
    351        -1       -469.14483  6.30000e-12
    352        -1       -469.09388  2.20000e-12
    353        -1       -469.14481  2.81000e-11
    354        -1       -469.14485  1.80000e-12
    355        -1       -469.09389  3.70000e-12
    356        -1       -469.09387  2.00000e-13
    357        -1       -469.14485  5.90000e-12
    358        -1       -469.09388  3.37000e-11
    359        -1       -469.14481  1.70000e-12
    360        -1       -469.09387  4.90000e-12
    361        -1       -469.09387  1.72000e-11
    362        -1       -469.09389  5.30000e-12
    363        -1       -469.03917  2.04000e-11
    364        -1       -469.14483  4.10000e-12
    365        -1       -469.09387  2.28000e-11
    366        -1       -469.09387  1.31000e-11
    367        -1       -469.09388  1.30000e-11
    368        -1       -469.09387  1.70000e-12
    369        -1       -469.09388  5.80000e-12
    370        -1       -469.14481  3.40000e-12
    371        -1       -469.09387  1.73000e-11
    372        -1       -469.14485  3.70000e-12
    373        -1       -469.09388  8.00000e-13
    374        -1       -469.09388  7.30000e-12
    375        -1       -469.09389  3.97000e-11
    376        -1       -469.09387  3.66000e-11
    377        -1       -469.14483  2.40000e-12
    378        -1       -469.09388  5.10000e-12
    379        -1       -469.14483  3.50000e-12
    380        -1       -469.09387  5.30000e-12
    381        -1       -469.09388  4.19000e-11
    382        -1       -469.09388  3.20000e-12
    383        -1       -469.09390  1.63000e-11
    384        -1       -469.09388  2.90000e-12
    385        -1       -469.14483  2.20000e-11
    386        -1       -469.09389  3.26000e-11
    387        -1       -469.09388  7.00000e-13
    388        -1       -469.09388  8.80000e-12
    389        -1       -469.09387  1.08000e-11
    390        -1       -469.09388  3.70000e-12
    391        -1       -469.09388  3.84000e-11
    392        -1       -469.09389  3.00000e-12
    393        -1       -469.09388  1.50000e-12
    394        -1       -469.09388  5.90000e-12
    395        -1       -469.09387  8.80000e-12
    396        -1       -469.09386  1.22000e-11
    397        -1       -469.09388  6.00000e-13
    398        -1       -469.09388  9.00000e-13
    399        -1       -469.09388  5.30000e-12
