          98
Energy of minimum      1=    -543.6653608     first found at step       49 after                10686 function calls
LA         1.7602504111       -1.8403528121        0.5304122587
LA         0.0712643128       -2.5837243706        0.2932693382
LA        -0.7565232900       -2.2955596939        0.9616627532
LA         1.9331193028       -1.1117703236        1.3393033864
LA         0.5359147613       -0.6253832521        2.4674699791
LA        -0.4647417498       -1.0658011048        2.3269722908
LA         0.4610742203        2.3040210208        1.1160703206
LA         1.2538133320        2.0981683075       -0.8901450297
LA        -2.2285686535        1.1202315138        0.7384296679
LA        -1.2017810543        0.6444538093        2.2152013059
LA         2.5971495624        0.1107522210        0.0962449512
LA        -2.1288315388        0.6093685500       -1.3650870135
LA        -0.2011245746        1.0848716495        2.3556989714
LA        -1.7861513403       -1.8184650932       -0.5191946414
LA        -0.7316269724        0.1229819526       -2.4932536326
LA        -0.9583637740       -2.1066296477       -1.1875880303
LA        -2.5211573822       -0.1129287600       -0.6306567546
LA         0.9620315601        0.8684100000       -2.2554546382
LA         2.4242805734       -0.6178301468       -0.7126461603
LA         1.8621437384        1.8162886623       -0.0152171714
LA         1.3974929280       -0.1420519357       -2.1894177594
LA        -1.8362427216        1.8425289073        0.0039995583
LA        -0.2961653558       -0.8874798695       -2.4272166963
LA        -0.1472563599        2.5859006007        0.2411425755
LA         1.7685634030       -1.4951109229       -0.5256603987
LA         0.0598225200       -2.2471771465       -0.7655770046
LA         2.1125265405       -0.0454259400        1.0838173513
LA        -1.5872542402       -1.6738063007        0.5643477514
LA         0.6989799160        0.4466500150        2.2251792696
LA        -1.2920599360       -0.4296641484        1.9456263191
LA        -2.3308570191        0.0516784960        0.4515818371
LA         1.3689238419        1.6800589021        0.9710514162
LA        -0.1366862987        0.9967823284       -2.1511007002
LA        -1.5502329570        1.4888578839       -1.0097387291
LA         0.1585082027        2.2409242496       -0.7698220358
LA         0.7297661539       -1.0137677987       -2.0197047497
LA        -1.0630591906        2.1781984428        0.7433548345
LA        -0.0203517338       -1.8814991692        1.6990490984
LA         0.9848969230       -1.4390601882        1.8401915600
LA        -1.6334514469       -0.2258071328       -1.9256342128
LA         1.6682800987        1.2273803221       -1.4620528973
LA         0.8112347211       -2.1709862858        1.0275883273
LA        -1.1959914342       -1.2409061589       -1.8592942942
LA         2.1057399309        0.2122812073       -1.3957130513
LA         2.2794022595        0.9442071038       -0.5831098409
LA        -2.0275778016       -0.9514191978       -1.1878335557
LA        -1.4571856354        1.4525864483        1.4811554420
LA        -0.4519369636        1.8950254402        1.6222978635
LA        -0.4927185226        1.5237169608       -1.2671392666
LA        -1.6796182236       -0.6614422633        0.9547255407
LA         0.8246790317       -1.5332237687       -1.0673581747
LA         1.3476576478        0.6709492798        1.3797717312
LA        -0.8509716708       -1.2628564279        1.3193391380
LA        -0.7730985391        1.8414743463       -0.2662824631
LA         1.1624146157       -0.3767069716        1.6020296568
LA         0.5794458858        1.3706344084       -1.3583884462
LA        -1.0555537359        0.6510238346       -1.5879514062
LA        -0.1793765128       -1.3820917394       -1.4550806708
LA         1.4556229208       -0.6624812545       -1.2255177578
LA         0.8145910575       -1.8426625677       -0.0255120854
LA         1.8034465616        0.8034740460        0.4020238493
LA        -1.5624839454        0.3881647446        1.2114393394
LA         0.4509021781        1.2743141341        1.4941298213
LA        -1.8449390499       -0.8022858296       -0.1102295719
LA         1.9290258901       -0.7656961598        0.2774219007
LA        -0.7591824165       -1.9488542717       -0.1000173396
LA        -0.2947797474        0.0084425090        2.0730238687
LA        -1.9290256701        0.7656957901       -0.2774218294
LA         0.7591825074        1.9488538622        0.1000174018
LA         0.2947796188       -0.0084422884       -2.0730235326
LA         0.1565043246       -0.8192047443        1.4533001725
LA         1.6224646721        0.0727753888       -0.4122887347
LA        -1.0091026664       -1.0854534053       -0.7817752720
LA         0.9819040455       -1.1065381997        0.7868348425
LA        -0.0158659032       -1.5456855712        0.6467424501
LA        -0.5544849825        0.8306026952        1.3454796523
LA        -1.1610605610        1.1116690456        0.4730755083
LA        -0.1632907349        1.5508163694        0.6131678819
LA        -0.6179085020       -0.3652395398       -1.5140869572
LA         1.0158890037        0.3538419433       -1.2846927933
LA         1.1882592866        1.0803225197       -0.4781351935
LA        -1.4433080553       -0.0779062802       -0.8476217390
LA        -0.0551032986        0.5004110306       -1.1761793020
LA        -0.8676646234        0.7832751538       -0.5200802601
LA         0.1145859155        1.2155919896       -0.3821668749
LA         0.9773575282       -0.7864167589       -0.2513290293
LA        -0.0048931532       -1.2187336523       -0.3892424299
LA         0.3376086459        0.2247926231        1.2133976993
LA        -0.6627218501       -0.2154817201        1.0729457931
LA        -0.8324110378       -0.9306629022        0.2789332201
LA         1.1501701410       -0.0580716665        0.5572985290
LA        -1.2598627481        0.0612129358        0.2141109036
LA         0.7227182866        0.9338041121        0.4924761919
LA         0.3802164495       -0.5097219247       -1.1101637716
LA        -0.2687311842        0.4996186285        0.3478111064
LA        -0.4391498084       -0.2186367122       -0.4496145238
LA         0.5473230926        0.2155385037       -0.3111082987
LA         0.1605580468       -0.4965208698        0.4129120958
