          38
Energy of minimum      1=    -173.9284266     first found at step      175 after                29823 function calls
LA        -0.4404034996       -1.6451723267       -0.4003681049
LA         0.9855222756       -1.1797119564       -0.8353842811
LA         1.1413168847        0.7101061014       -1.1198153312
LA         1.7174799539        0.2230815420        0.2476640812
LA         0.4416181313        0.2162942094        1.6789971387
LA        -0.7135150599        1.1927156794       -1.0626226335
LA        -0.4416178844       -0.2162946921       -1.6789970113
LA        -1.7174800470       -0.2230815726       -0.2476636943
LA        -1.1413169120       -0.7101061500        1.1198150902
LA        -0.9855221286        1.1797119397        0.8353841636
LA         0.7135148302       -1.1927159344        1.0626219327
LA         0.4404033429        1.6451722767        0.4003679378
LA        -1.2934504305       -1.1710982764        0.1278886114
LA         0.1353954444        0.7209404029       -1.5883180929
LA        -1.5653472144        0.2379105235        0.7442629047
LA         0.5606406946       -1.6559544844        0.0658622569
LA         1.2905286521       -0.2554813118        1.1533020534
LA        -0.5606409201        1.6559543045       -0.0658627830
LA         0.0155219700        1.1689302520        1.3016151396
LA        -0.0155217329       -1.1689304729       -1.3016149172
LA        -1.2905285147        0.2554806221       -1.1533020365
LA        -0.1353954123       -0.7209407223        1.5883177106
LA         1.5653470376       -0.2379102903       -0.7442626118
LA         1.2934503140        1.1710982618       -0.1278887440
LA         0.8630033919        0.6920450999        0.7725458950
LA        -0.5594731933        0.2277106911        1.2065097887
LA         0.2882336668        1.1778916315       -0.5916258824
LA        -1.1342426279        0.7135571211       -0.1576618393
LA         1.1342424136       -0.7135570515        0.1576616441
LA         0.5594730318       -0.2277106054       -1.2065091859
LA        -0.2882337216       -1.1778912506        0.5916253671
LA        -0.8630028661       -0.6920448378       -0.7725452831
LA        -0.1350852108        0.7000315957        0.3062304628
LA         0.7084351406        0.2312524621       -0.2161266596
LA        -0.2862521136        0.2419660791       -0.6793975070
LA         0.1350853026       -0.7000312819       -0.3062302373
LA         0.2862521574       -0.2419656492        0.6793976573
LA        -0.7084351464       -0.2312519292        0.2161270004
