          38
Energy of minimum      1=    -173.9284266     first found at step       46 after                 5593 function calls
LA         1.3484813684       -0.2962269003        1.0745644851
LA        -1.2587923890       -1.2101839490        0.1083415543
LA         0.5705939542       -1.5527534762        0.5694031873
LA        -0.5705942775        1.5527534992       -0.5694028580
LA        -0.3007714998       -1.3089903117       -1.1211252931
LA         0.3007717508        1.3089901153        1.1211253892
LA         0.4817509267        0.3620753072       -1.6424549785
LA         1.4389569452       -0.5601687739       -0.8224684605
LA        -1.3484810144        0.2962268118       -1.0745647995
LA         1.2587921458        1.2101840312       -0.1083417856
LA        -1.4389569159        0.5601687428        0.8224685283
LA        -0.4817508762       -0.3620753058        1.6424549141
LA         1.2583847943        0.7984657194        0.9163847281
LA        -0.3011795683       -1.7207088521       -0.0963988327
LA        -1.2583846140       -0.7984659156       -0.9163851335
LA         0.3011792715        1.7207088820        0.0963990568
LA        -0.5714106711        0.7273094317        1.4850425747
LA        -1.3492974279       -0.5292158600        0.9798812678
LA         0.5714108714       -0.7273094631       -1.4850423781
LA         1.3492974243        0.5292159403       -0.9798815456
LA         1.4385475439       -0.9738933878        0.2072509623
LA        -0.4805278162        0.8750875118       -1.4367168173
LA        -1.4385477725        0.9738931341       -0.2072510006
LA         0.4805280846       -0.8750873447        1.4367170036
LA         0.3875967388        0.2160205928        1.2742180016
LA         0.3884089801        1.0374667552       -0.7702783424
LA        -1.3432998452       -0.1174534891       -0.0477248947
LA        -0.5672942452        1.1360336734        0.4562148906
LA        -0.3884090785       -1.0374666028        0.7702783804
LA        -0.3875964732       -0.2160206258       -1.2742179668
LA         1.3432997845        0.1174534569        0.0477246445
LA         0.5672940561       -1.1360335856       -0.4562146172
LA         0.3864737364        0.6242737058        0.2509768218
LA        -0.4755638321        0.4581937457       -0.4073897361
LA        -0.4759684387        0.0490893279        0.6108298488
LA         0.4755638025       -0.4581936616        0.4073898026
LA        -0.3864738075       -0.6242736399       -0.2509767653
LA         0.4759683840       -0.0490892397       -0.6108298364
