          98
Energy of minimum      1=    -543.6653608     first found at step      129 after                24110 function calls
LA         0.5010767924       -0.3898380311        2.5226306045
LA         0.5962124597       -1.9857368232        1.5710177534
LA        -2.3621611910       -0.7669184892       -0.7737870041
LA        -2.4575600865        0.8333959545        0.1804588403
LA         2.2089925439        1.1867571400       -0.6918642850
LA         2.2653566227        0.2412509167       -1.2556568497
LA         0.7482615081        2.3172371195       -0.9150044738
LA         0.8997612979       -0.2241686338       -2.4304103295
LA        -2.3292907777        0.2783510921        1.1241181423
LA        -2.2338918872       -1.3219632661        0.1698723490
LA        -0.9636953589        0.7437697200        2.2988723764
LA        -0.7731607991       -2.4524434642        0.3930137116
LA        -0.0360056576       -2.5671627144       -0.4184433189
LA        -0.2829042762        1.5745563569        2.0512077101
LA        -1.1179335636       -0.9605509120       -2.1434276800
LA        -1.3084681515        2.2356627475       -0.2375687320
LA        -0.2525090926       -1.6303150352       -2.0112254044
LA        -0.4994077453        2.5114046109        0.4584259672
LA         1.3333674827       -2.1004558662        0.7595605397
LA         1.1818677657        0.4409486586        2.2749656630
LA         2.4824591808       -0.6981888152        0.3415315692
LA         2.4260951071        0.2473173206        0.9053240818
LA         0.0343367894        0.4455955048       -2.5626122826
LA        -0.0607989174        2.0414949625       -1.6109990346
LA        -2.2169243392        0.3346147258       -0.7827971342
LA         2.0332383879        1.1582339568        0.4048797345
LA         2.1453878849       -0.7230714688       -0.7169172296
LA         0.5554223832        2.3019362162        0.1791295883
LA         0.7638203105       -1.1939345805       -1.9054108552
LA        -0.5801343736       -0.2989140921        2.2833279454
LA        -0.4838859584       -1.9134792074        1.3205846184
LA        -1.9617022565       -0.7697765154        1.0948334262
LA         0.9828561078       -2.1417399080       -0.2939989660
LA         0.7744582225        1.3541301803        1.7905410552
LA        -0.9581440422        0.1387175460       -2.1684577364
LA        -1.0543924772        1.7532829968       -1.2057142094
LA         0.6110853735        1.2868854727       -2.0970744085
LA         1.8470934604       -0.2675139760        1.7157802388
LA         1.9037161879       -1.2173590232        1.1494004922
LA        -1.5063698888       -2.0119427149       -0.3318978311
LA        -1.6923468659        1.1078171185        1.5283727351
LA        -1.0084316145        1.9424164887        1.2795716591
LA        -0.7658318954       -2.1271886379       -1.1470788005
LA        -1.8212049074        1.6654092493        0.5803828951
LA        -1.6352279144       -1.4543508508       -1.2798878302
LA         1.4804814741        0.6140477276       -1.9642658236
LA         1.4238587280        1.5638930898       -1.3978858892
LA         1.1631783313       -1.1021134672        1.9645818102
LA        -1.3634637547        0.7178005435       -1.3400944017
LA         1.0841785713        1.5520001817        0.7654908930
LA         1.2546962333       -1.3084299699       -0.9401448939
LA        -0.9754113219       -0.9613710256        1.5147488288
LA        -0.3800059930        0.9966224229       -1.7093722964
LA         1.4574598334        0.6445306490        1.2328847940
LA         1.5708680276       -1.2578893938        0.0984974694
LA         0.0434194535        1.7388761632        1.0168766953
LA         0.2489224400       -1.7084320613       -1.0387065437
LA        -1.2342817032       -1.4776092976        0.5939983897
LA        -1.3263764902        0.0672787938        1.5151942503
LA        -1.5844629625        1.1840653941       -0.3835100113
LA        -1.4923681625       -0.3608229180       -1.3047060035
LA         0.0876641066       -1.0270668937        1.7312027641
LA         1.3612847140       -0.3509866838       -1.4433733004
LA         1.2478765061        1.5514335908       -0.3089858376
LA         2.0769109143        0.2162897393       -0.1550927229
LA        -2.0769109186       -0.2162893096        0.1550920018
LA        -0.0965850950       -0.5244766205       -2.0248430343
LA        -0.2480040837        2.0155736944       -0.5102454082
LA         0.0965851767        0.5244760748        2.0248430755
LA         0.2480041195       -2.0155734660        0.5102459109
LA         1.5067284632       -0.3071122480        0.6656737376
LA         0.4905726746        0.3241770726       -1.5690501571
LA         0.4343711852        1.2669558612       -1.0068839248
LA        -0.4930723637       -1.5857139576       -0.2237438371
LA        -0.6413009254        0.9008170090        1.2589409260
LA        -1.3560003393       -0.9178819265       -0.3555647041
LA        -1.4480274293        0.6258705506        0.5649540050
LA        -0.7692003889        1.4542608383        0.3180037910
LA        -0.6209718125       -1.0322703770       -1.1646811203
LA         0.7717000643       -0.1927241243        1.4747904556
LA         0.8279015372       -1.1355026354        0.9126243888
LA         1.2972992572        0.5991238579       -0.8750634355
LA        -0.2870226562       -0.1260350839        1.2403944572
LA        -0.2316953345       -1.0541497277        0.6869722561
LA        -1.0812013989       -0.3967051282        0.5572018261
LA         1.1171424219        0.5918722452        0.1962784671
LA         1.1734881339       -0.3533258747       -0.3673303797
LA         0.2676362923        1.2493168386        0.0665083096
LA         0.3793093400       -0.6239961609       -1.0505228789
LA        -0.4858332164        0.0455497360       -1.1826818533
LA        -0.5411605520        0.9736646148       -0.6292595121
LA        -1.2094291110        0.1581589578       -0.3861502444
LA         0.5052195945       -1.1688315718       -0.1242208061
LA         0.3935465592        0.7044812190        0.9928102580
LA         0.3178490090        0.3132739198       -0.4935985176
LA         0.4443005334       -0.2339036482        0.4366853357
LA        -0.4088573386        0.4263671004        0.3063572029
LA        -0.3532921745       -0.5057373452       -0.2494440630
