          98
Energy of minimum      1=    -543.6653608     first found at step    54414 after              7320302 function calls
LA         1.3632185468       -1.0009560582        1.9764710931
LA        -1.7527231553       -1.6140910773       -1.0437376336
LA        -0.6654853904        2.4382003618       -0.6156497839
LA         1.4079320656        1.3443178116       -1.7254715197
LA         0.1802130241       -1.6250846809       -2.0232000096
LA         1.4726775283        1.9957062263        0.7842788874
LA         1.0906238338       -2.3428729367        0.2969883023
LA        -1.7883568010        0.9056293048       -1.6578093579
LA        -2.4967186250        0.1393613639        0.7167218355
LA         2.3172553204       -0.5090329773       -1.0667374357
LA         0.0998324743        1.2434690589        2.2826593957
LA         1.9636352513       -1.6714397976        0.3422606807
LA        -1.2284692968       -0.9746462475        2.0754860376
LA        -0.0292920985       -2.3137639657       -1.1884250899
LA         1.1180788550        0.8300837950        2.1971746516
LA        -2.1430981784        1.3017676430       -0.6922764785
LA        -2.3514834032       -0.9454566529        0.5859636815
LA         0.4902071752       -1.6723890023        1.9311981755
LA         0.4544310671        2.4090912208        0.8697630614
LA        -1.5432179267       -0.9254114189       -1.8785123495
LA         1.6537496435       -0.4917879928       -1.9467850325
LA        -0.3107435551        2.0420617413       -1.5811824761
LA        -1.3737039058        0.1101717237        2.2062443152
LA         2.0714370320        1.3270729282       -0.8454233027
LA         0.2242757878       -2.1571432299        0.9674328451
LA         0.9988928493        0.3891466041       -2.1190257255
LA        -1.5145028324       -1.4512393129        1.1134082641
LA        -1.8034821600        0.7072597779        1.3735818640
LA        -0.4918790466       -0.7574055115       -2.1963341142
LA        -0.3127106985        1.8538125460        1.4508905061
LA        -0.9087389233       -2.1276937513       -0.5353544282
LA         1.7133287119        1.0312865485        1.2807985128
LA         1.9613355480       -0.8211699519        1.0575133124
LA        -1.4457259604        1.8832616434       -0.0518964459
LA         2.3190920036        0.3548327315       -0.3679649791
LA        -0.7398849453        1.0950514545       -1.9730495054
LA        -2.1323307836       -0.1208334570       -1.3659371225
LA         1.4147773964        2.0772789845       -0.3324693147
LA        -0.2994202371        0.2202188898        2.5078022162
LA         1.0169739771       -2.1766636203       -0.8093945499
LA        -2.4886998468        0.2771228500       -0.3959733418
LA         1.8939915063       -1.5021487490       -0.7639145080
LA         0.7234989744       -0.1950635216        2.4219249652
LA         0.3918579312        2.4925605323       -0.2465928883
LA        -2.3427980130       -0.8126735688       -0.5273317012
LA        -0.1535190348       -0.8695775321        2.3764439941
LA         0.7482278758        2.0946037286       -1.2165564277
LA         1.2274405904       -1.4848242483       -1.6480005528
LA        -0.0750713894        0.2342982884       -2.0272133566
LA        -1.1482663328        1.4327331826        0.8938035983
LA        -0.7088871911       -1.8491559615        0.4982232480
LA         1.9322249142        0.1821243454        0.6351864897
LA        -0.4309228964       -1.3563817369        1.4262353248
LA        -0.7231457591        0.8263428192        1.6893288004
LA         1.9052543655       -0.6526761734       -0.0602829093
LA        -0.3808285707        1.9515940505        0.3253674324
LA         0.3329340331        1.1545369925       -1.6173478524
LA         1.6679501086        1.1198370649        0.1533662882
LA         0.5702376508       -0.6179764623       -1.8309962966
LA        -1.0935028214        0.0574643456       -1.6913201765
LA         0.1486986764       -2.0036438019       -0.1513745515
LA         1.3256327861       -0.0054146096        1.5173273360
LA        -1.5150423215       -1.3282035686       -0.0116984821
LA        -1.8072651844        0.8545212148        0.2513949738
LA         1.6491446088        0.3697816354       -1.2361139425
LA        -0.6961519925       -1.4339865504       -1.3577365552
LA        -1.6491447423       -0.3697815251        1.2361135502
LA         1.0863187423       -1.4803167244        1.0064627369
LA        -1.0863184539        1.4803169866       -1.0064629182
LA         0.6961518572        1.4339863633        1.3577368753
LA        -0.5715900389       -0.2636990569        1.5528740381
LA         0.9946863957        1.1352253912       -0.7276897838
LA         0.2989028439        0.4057970087        1.5980164406
LA         0.4437193266       -0.6758913597        1.4676356589
LA         1.2318159850       -0.6359848683       -0.9411816310
LA         0.6409684838        1.5302212957        0.2350579174
LA        -1.6549125189       -0.2355413176        0.1159972307
LA        -1.4460107874        0.4511514121       -0.7163696193
LA        -1.3011946071       -0.6305373509       -0.8467502531
LA         0.3613230526       -1.3054813578       -0.9863237294
LA         1.0229147084       -1.3226774145       -0.1088148012
LA        -0.0206227547        1.5474176111       -0.6424514095
LA        -0.1250636476        0.9973987363        0.7914543652
LA        -0.4217388704        0.6183177924       -1.0376244998
LA         1.0354153039       -0.4807153191        0.5776441041
LA        -0.4886127371       -1.1350012133       -0.3314740414
LA         0.8928512912        0.5841485686        0.7059971681
LA        -0.7763645726        1.0143274919       -0.0724061407
LA        -0.2791751887       -0.4465462538       -1.1659771796
LA        -0.9820169681        0.3383157664        0.7470141662
LA        -0.8368290707       -0.7461489449        0.6162988608
LA         1.2410676355        0.1952964678       -0.2417760356
LA         0.5777782840        0.2125367612       -1.1215371896
LA         0.1626883762       -1.1519299390        0.5323862559
LA        -0.6296379310       -0.0593473904       -0.2069829049
LA         0.0244627503       -0.0763489329        0.6605908281
LA         0.3741758720       -0.4668726665       -0.2912562999
LA         0.2309991449        0.6025686996       -0.1623516507
          98
Energy of minimum      2=    -543.6429572     first found at step    19955 after              2694779 function calls
LA         1.3006859017        2.2227347795       -0.9449687094
LA         1.6066051606       -1.2395961504        2.0711107762
LA        -2.7941292569        0.1304500025       -0.7636118132
LA        -0.9847319740       -2.4444857990        0.3472949320
LA        -1.3637045182        0.2699970357        2.2475606085
LA        -1.4177090545       -0.9436518305       -2.1513499036
LA         1.9023562524       -1.9772609966       -0.0127380730
LA         1.4878401361        0.9878811730        2.0607799902
LA        -1.8296062318        2.0206760013       -0.0761459698
LA         1.0308941319       -2.3795639841       -0.5959354685
LA        -0.8050510088       -1.8079938112       -1.7785552415
LA        -1.3455220131        2.0682625206        0.9354943697
LA         0.4890834332        1.4971090725        2.1172507550
LA         2.5118321448        0.4543229971       -0.1601511913
LA        -0.4874529012        1.3880673003       -2.0921323743
LA         2.4268369233       -1.0452543267        0.3406516914
LA        -1.5043495603        0.1786105391       -2.1916132841
LA         2.2172949412        0.4550944112        1.3888771184
LA        -1.7120111585        1.6783734937       -1.1421760742
LA         1.4416853600        1.3181066397       -1.6010774038
LA        -2.1849988826        0.7209408495       -1.4851516090
LA         2.2679636366       -0.6653641438        1.3832141467
LA         2.0613164338        0.4251480544       -1.2055105087
LA         0.5367814579        0.8997701882       -2.1875355030
LA         0.6165106870       -0.2448288195       -2.1674886770
LA         1.5470950390       -0.5345404114       -1.5680549001
LA         0.1130177916       -2.1107846313       -1.1956141804
LA        -0.4320606445        1.7960368533        1.5387888129
LA         1.9245319745        1.3528019460       -0.5597342399
LA         0.4127078257        1.8234665653       -1.5335710925
LA         1.7558935927       -1.6092911211        1.0303327807
LA        -2.1077073500       -0.4064668979       -1.4583966547
LA        -2.3138300826        1.0762034186       -0.4207505220
LA         1.5488628419       -0.1263383602        2.0673941060
LA         0.0224447260       -2.4133245475       -0.1252159482
LA        -0.8944581519       -2.1278723746       -0.7158365497
LA        -1.3545640226        1.1699238772        1.5929695330
LA        -0.4382282135        0.8846482302        2.1832250152
LA         0.2809560248        2.1823217407       -0.4642789477
LA         1.2036861869        1.8950553658        0.1300950382
LA        -2.3241044178        0.1779546775        0.2435720680
LA         0.6161513256       -0.7374122380        2.1375306899
LA        -2.1971438128       -0.7329206469       -0.3940035699
LA         0.7433189332       -1.6483517092        1.5000883221
LA        -1.5943474949       -1.5906620321       -0.0243671375
LA        -0.1195491875       -2.0497993819        0.9256204788
LA        -0.3730279666       -0.2342850308        2.1963495741
LA        -1.8476254287        0.2247899185        1.2464912113
LA        -1.1145506694       -1.5424183623        0.9848076503
LA        -1.2407559869       -0.6383422661        1.6176818890
LA         1.4990926414       -1.4191353008       -0.8757883576
LA        -0.3222076980       -0.8521240416       -2.0489744040
LA        -0.7320216513        2.0978212898        0.0176597027
LA         1.0852845568        1.5320533355        1.1882726888
LA        -0.4028830484        0.2641003916       -2.0912065444
LA         2.0208385285       -0.4904582857       -0.5299721287
LA         0.8918104599       -2.0239386401        0.4570383965
LA        -1.5109550517       -1.2759047554       -1.0906971293
LA        -1.8459530768        1.1271356404        0.5916366075
LA         0.5560802423        0.3793291530        2.1389007685
LA         1.8093722374        1.0089576271        0.5178273490
LA        -0.6099442248        1.7621443478       -1.0405685826
LA        -0.2504756484       -1.1489521969        1.5700719654
LA        -1.7302235639       -0.6882736495        0.6168957861
LA         0.5922134050       -1.1545934179       -1.4774008694
LA         0.1749913301        1.8346985945        0.6150631718
LA         0.4068059582        0.3589270682       -0.4580689526
LA        -1.0966754959        0.7978466244       -1.3780463114
LA         1.8569662362       -0.1216870757        0.5245347886
LA         0.9799755229        0.3708172598       -1.3421338251
LA         0.8452319721        1.2740974825       -0.6963889390
LA         1.4398379369        0.4121183640       -0.3207732523
LA        -0.0218322864        0.8671688011       -1.2623042329
LA         1.1918603957       -0.6900577631        1.2025663072
LA        -1.6937755144        0.2083044502       -0.6562091539
LA        -1.0163888850       -0.3217953119       -1.3484180080
LA         1.3446785293       -1.0568477386        0.1724578709
LA        -0.5079078003       -1.4813316316        0.0725554191
LA        -0.7565166322        0.2998686213        1.3193755017
LA        -1.2209412485        1.1475430701       -0.3194432839
LA         1.1390396212        0.4128288251        1.2007327117
LA         0.4889790714       -1.4547885743       -0.3982143358
LA        -0.4176973382       -1.1725201261       -0.9822477504
LA        -0.7479117724        1.1943253021        0.6753654611
LA         0.1578632937        0.9123373362        1.2588181857
LA         0.9454458093       -0.5122818066       -0.6700602367
LA         0.0547304547       -0.2349823302       -1.2438124113
LA        -0.1484674447        1.2181587228       -0.2241934501
LA         0.7406713679        0.9413500191        0.3485429335
LA        -0.6299834163        0.2869007967       -0.5574478036
LA         0.7965898479       -0.1572229052        0.3614758787
LA         0.3429883373       -1.0969893177        0.6448901342
LA        -1.1120655884       -0.6439989076       -0.2923793523
LA         0.2174744816       -0.1980865459        1.2739430776
LA        -1.2373685449        0.2548383589        0.3368094553
LA        -0.6393927919       -0.5972954689        0.7039404284
LA        -0.0447089507       -0.5502841351       -0.1965492186
LA        -0.1676574368        0.3319406662        0.4207079333
          98
Energy of minimum      3=    -543.5467256     first found at step    18362 after              2487320 function calls
LA        -0.1296255431       -2.7097310759       -0.0709083387
LA        -0.1920403662       -1.8226482959        2.0013862575
LA         2.7318381404        0.8858723584       -0.2969344787
LA         0.1319140115        1.2706286591       -2.3550854055
LA         0.0395783560        2.5829706541        0.7106486754
LA        -2.1153274180        0.7737980734        1.5867864231
LA        -2.0145172134       -0.6589894568       -1.7603170188
LA         2.0577538248       -0.8175850534       -1.5696468511
LA         1.9569504940        0.6151077516        1.7772376474
LA        -1.0703345961       -0.6039985245       -2.3653854603
LA        -1.2021733177        1.2697919448        2.0119360759
LA         1.0499314046        1.1823145326        2.1167735929
LA         1.1817476923       -0.6911587943       -2.2598068818
LA        -2.7618635495        0.0786210878       -0.1168383545
LA        -1.9570436091       -1.5254834526        0.5940670283
LA         1.7139767249       -1.6680546040        0.7656633873
LA        -2.4443449990       -0.8088912351       -0.7301420005
LA        -2.4953560373       -0.0838833031        0.9635337738
LA         2.3766439328       -0.9959677347       -0.5045748670
LA         2.3256475415       -0.2711656588        1.1886195180
LA         2.7024694231       -0.1382825862        0.1405884893
LA        -2.3457980643        0.2203902596       -1.1551039796
LA        -2.3961646990        0.9362361420        0.5171685053
LA        -1.7428811490        1.1590098595       -1.1564916547
LA        -1.7738030984        1.5984930798       -0.1298240420
LA         0.0564596999       -0.6515215918       -2.3310782578
LA        -0.0763950195        1.2367095185        2.0799774314
LA        -0.1617551184       -2.2819470086        0.9719564052
LA         2.3466388769        0.7508826431        0.7403891843
LA         2.3970577352        0.0342916537       -0.9336239328
LA        -1.0518004735       -2.1390765758        0.2648616001
LA        -1.0832953930       -1.6914481884        1.3105567477
LA         0.7671324914       -1.7633423662        1.3970873382
LA         0.7986284720       -2.2109871520        0.3513544860
LA        -0.5806972332        1.9278218380        1.3625963477
LA        -0.4685131871        0.3333799918       -2.3621448121
LA         0.5444269153        1.8840443818        1.4149690416
LA         0.6565978135        0.2897862098       -2.3093431432
LA        -0.6369466554       -1.9968274177       -0.7849730917
LA        -0.7193845150       -0.8251633109        1.9521257455
LA         0.4133325566       -0.8691935855        2.0049824474
LA         0.4957650024       -2.0407802135       -0.7319351671
LA        -0.8687736570        2.0942134076        0.2912099457
LA        -0.8070258879        1.2166103036       -1.7589396551
LA         1.8700254796        1.0182884537       -0.9885492151
LA         1.8390471058        1.4585752070        0.0399954197
LA         1.0040633326        1.1461823592       -1.6743862013
LA         0.9423084090        2.0238878664        0.3760027595
LA         0.0709332721        2.1516041036       -0.3142150884
LA         0.1016931929        1.7144218505       -1.3355069862
LA        -1.1273869498       -1.2503517437       -1.4710505075
LA        -1.2277188883        0.1756363463        1.8601690798
LA         1.0040215631        0.0888856209        1.9643076223
LA         1.1043426932       -1.3369480633       -1.3665512187
LA        -1.4134128307        0.2808137416       -1.7700612605
LA        -1.4951748461        1.4428743992        0.9446034219
LA         1.5353192853        0.1664005832       -1.6316295849
LA         1.4535901964        1.3279955637        1.0819480852
LA        -1.6015467477       -0.6796716681        1.2444127110
LA        -1.5505904097       -1.4038995042       -0.4474406432
LA         1.4170811543       -1.5190520801       -0.3086211319
LA         1.3661323224       -0.7949281692        1.3829884743
LA        -0.8398460776        1.6668237685       -0.7388085183
LA         0.9770713412        1.5960628820       -0.6537953190
LA        -0.0108990789       -1.3042338357       -1.4400728503
LA        -0.1125391650        0.1403457495        1.9345780572
LA        -0.0638344943       -0.6120146816        0.2600611068
LA        -1.8738320283       -0.5062980544        0.1602929164
LA         1.7501190456       -0.6472917631        0.3297957331
LA        -1.7746471049        0.5107759762       -0.2720965490
LA        -0.0960470035       -1.6423983549        0.0963924935
LA        -0.1267607304       -1.2058728348        1.1161502884
LA         1.7695530783        0.3713770840       -0.1056782588
LA        -0.9882595429       -1.0689766150        0.4278296040
LA         0.8028830968       -1.1386944966        0.5116203500
LA        -1.4548410893       -0.3618055539       -0.8716834536
LA        -1.5048329143        0.3487142619        0.7881463408
LA         0.0042750249        1.4858836610        0.5553422586
LA         0.0648746973        0.6245978526       -1.4566888879
LA         1.4422770335       -0.4743445761       -0.7359374551
LA         1.3923012701        0.2359475315        0.9233608228
LA        -0.6092859296        0.8393616700        1.2053045705
LA        -0.5287613262       -0.3051122589       -1.4682760455
LA         0.5028950864        0.7961352536        1.2570713887
LA         0.5834077645       -0.3481692147       -1.4161135676
LA        -0.5843903187       -0.9331091970       -0.5904735587
LA        -0.6338513437       -0.2301349040        1.0517292401
LA         0.5076815938       -0.9755077108       -0.5393322680
LA         0.4582257683       -0.2726059158        1.1027014010
LA        -0.9098432144       -0.0616452756       -0.0010148150
LA        -0.8915487987        1.0095384180        0.1422196247
LA        -0.8609647844        0.5748565228       -0.8732313098
LA         0.8427531072       -0.1300817205        0.0810662441
LA         0.8949796718        0.9398237706        0.2257122757
LA         0.9255556862        0.5052557913       -0.7894726036
LA         0.0353762543        1.0672118556       -0.4557736114
LA        -0.0303132351        0.4233744042        0.4080724783
LA        -0.0002889832       -0.0033515217       -0.5887925613
          98
Energy of minimum      4=    -543.1896663     first found at step    18434 after              2495497 function calls
LA        -1.3870631297        0.6061786129       -2.2083796256
LA        -2.6291821569        0.0666721187       -0.5221424361
LA        -0.8548543990       -2.3789513703       -1.0342341754
LA        -0.4949445721       -2.3892935081        1.1930958022
LA        -2.3181010065        1.7523674103        0.3587617237
LA         2.8337935194        0.3133915286       -0.4705494118
LA         0.2647606696        2.0234287832       -1.7415931755
LA         0.7894779601        2.0096022596        1.5514926924
LA         2.1971269816       -0.5788171029        1.4715278286
LA        -1.6840010400        0.5065245483        2.0977487854
LA         1.6211843541       -0.5661734642       -2.1239066398
LA         0.7583331955        0.0081668599       -2.5515686719
LA        -0.6394531165        0.5890825036        2.4979501293
LA         1.5066741610       -0.0120025304        2.1510660503
LA        -2.2328942581       -1.1956194080        0.3396987722
LA         1.2659490931       -2.1704893775       -0.2323573458
LA        -2.3320105406        0.0649795500        1.2913846449
LA         1.9719368631       -1.2122873437       -1.2716444770
LA         2.2630071175       -1.2187312517        0.5473285689
LA        -2.6403410289        0.6872043519        0.4113300447
LA         2.5697056769       -0.7683014705       -0.4326766900
LA        -2.2963303428        1.1353157476       -0.5714139287
LA        -0.3161574582        0.3106458597       -2.3980638289
LA         0.4373705827        0.2917913018        2.3425101087
LA        -1.5528381991       -0.3031213950       -1.6044029814
LA        -0.6786921309       -2.4009859544        0.0801469549
LA        -2.0025800865        1.1305102277        1.2292551685
LA         2.5175979378       -0.1329251647        0.5004045984
LA         2.2299343984       -0.1265635350       -1.2980045003
LA        -1.5568750895       -1.8076692968       -0.3500473495
LA        -0.5610359326        1.3156474106       -1.9761613311
LA        -1.3757987749       -1.8113469249        0.7732032302
LA         0.2062345502       -2.2972014420       -0.6390656266
LA         0.3877492621       -2.3026647893        0.4849173337
LA         0.5115351773        1.0165078210       -2.1478400108
LA         0.0758259397        1.2999398856        2.0261111571
LA         1.1482239186        0.9996348320        1.8529679382
LA        -1.2146629202       -1.3512550843       -1.3379621290
LA        -1.4616474231        1.8489341245       -0.3458971511
LA        -0.1342051062       -1.6534677726       -1.5135461561
LA         0.3400868685       -1.6669032759        1.4278286182
LA        -0.7391644770       -1.3648218056        1.6027640900
LA        -0.6010837943        1.9388322311       -1.0456661647
LA        -1.2840107357        1.8452812983        0.7594485622
LA         1.9828419715        0.8882463028       -0.8985667885
LA         2.1584793945        0.8836470254        0.2062542775
LA         1.1272311981        1.4579251070       -1.3222175780
LA        -0.2489681471        1.9307705308        1.1572329957
LA         1.4775182616        1.4484789089        0.8800418970
LA         0.4406102127        2.0252511379       -0.6437702861
LA         0.6154875580        2.0204481491        0.4530558969
LA         0.5828007877       -0.9039755638       -1.9526887528
LA        -0.9682932402       -0.3248851185        1.9710134974
LA         1.1583950812       -0.9200178388        1.6266267661
LA        -1.4364056239        1.2348418862       -1.2828314977
LA        -1.9013859731       -0.7667041946       -0.6436663924
LA        -0.9673344037        1.2254699646        1.6356722814
LA         1.3793746687        0.4509683090       -1.7320165579
LA         1.8437034920        0.4393802786        1.1829362527
LA        -1.6091545232       -0.7690769715        1.1709409675
LA         0.9270260046       -1.5504459384       -1.1072646182
LA         1.2189918610       -1.5588605736        0.7106657748
LA        -0.4253499688        1.9473811146        0.0557110551
LA         1.3079946076        1.4638367031       -0.2220224061
LA        -0.4869594488       -0.6075708977       -1.8033089440
LA         0.0983346770       -0.6238809118        1.8220017456
LA        -0.2022059763       -0.6481981046        0.0102089168
LA        -1.9183594476       -0.1306185132        0.2909507425
LA         1.5358409918       -1.0943253966       -0.2691675117
LA        -1.5768820651        0.3185697910       -0.6880424693
LA        -0.5230368096       -1.4978488292       -0.5037824150
LA        -0.3455281908       -1.5030509739        0.5923602701
LA        -1.5901321106        0.9268761991        0.2377991790
LA         1.7891235792       -0.0164170421       -0.3050402620
LA        -0.7118129243        0.4055765902       -1.3761622248
LA        -1.1956766131       -0.9277390748        0.1715756502
LA         0.5108692336       -1.4028747369       -0.1075325419
LA         0.1054882847        1.1060995631       -1.1393617664
LA         0.4489125826        1.0969708229        1.0217049850
LA        -1.2818027149        0.3101673407        1.1014440191
LA         1.4798888925       -0.4616363932        0.6566146724
LA         1.1942272674       -0.4549713390       -1.1260341579
LA         0.3467826164        0.1096905742       -1.5469250904
LA        -0.2557679408        0.3944441406        1.4966241965
LA         0.8042778638        0.0977778137        1.3251351785
LA        -0.8631997034       -0.4882859968       -0.7876265636
LA         0.1790291775       -0.7797866444       -0.9566491113
LA        -0.5779458520       -0.4963552498        0.9762452870
LA         0.4630175734       -0.7876918313        0.8079589257
LA        -0.7488044431        1.0278371397       -0.4560892320
LA        -0.8913019302        0.1263901233        0.1205187941
LA         0.7815499271       -0.3404713686       -0.1454776780
LA        -0.5742580913        1.0237834350        0.6350415989
LA         0.9564739893        0.5528081024       -0.7287894324
LA         1.1296096077        0.5482237188        0.3617576450
LA        -0.0505229507        0.2165628134       -0.5590490729
LA         0.2797551991        1.1140523488       -0.0594220209
LA         0.1188720223        0.2121675692        0.5115929084
          98
Energy of minimum      5=    -543.1654807     first found at step    18354 after              2486386 function calls
LA        -2.3341548046        0.5140046912       -1.3790795012
LA        -0.8499411528       -2.3670907662       -1.0635248091
LA        -0.3907811869       -2.4256474639        1.1436146965
LA        -2.3205445682        1.7011302252        0.5081737415
LA         2.8109997802        0.3818569810       -0.5993918520
LA         0.1508910700        2.0694433029       -1.7086399415
LA         0.8337481954        1.9860866059        1.5569954411
LA         1.5438730883       -0.4801307801       -2.2178151552
LA        -1.5845947482        0.4226147178        2.1804728702
LA         0.6501962231        0.0847503306       -2.5895904365
LA         2.2810057427       -0.5720271442        1.3455514718
LA         1.6140397329       -0.0354905732        2.0705312206
LA        -0.5233280149        0.5133180235        2.5314069319
LA        -2.1860194348       -1.2411931022        0.3955872935
LA         1.3018734387       -2.1388391642       -0.3508254028
LA        -2.6416410861        0.0364564190       -0.4072944947
LA        -2.2614890119       -0.0102333328        1.3924225642
LA         2.3158939799       -1.1870753905        0.4036581702
LA         1.9425242634       -1.1406322834       -1.3986835279
LA        -0.4217984742        0.3603834796       -2.3821754223
LA        -2.6212317450        0.6286056779        0.5444667505
LA         2.5688141725       -0.7056559613       -0.5769169102
LA        -0.6751533585        1.3518111564       -1.9249276524
LA         0.5498788111        0.2418602955        2.3187839523
LA        -1.5991377957       -0.2900971268       -1.5579963759
LA        -0.6246680738       -2.4128392887        0.0404662971
LA        -2.3294261360        1.1085128967       -0.4350763281
LA         2.1790687466       -0.0491774905       -1.4092328430
LA        -1.9544645352        1.0626995210        1.3452242352
LA         2.5480948722       -0.0953622689        0.3728618404
LA        -1.5316357549       -1.8226198110       -0.3373896763
LA         0.4000893318        1.0787142155       -2.1507891564
LA         0.4582815145       -2.3050844153        0.4005293298
LA        -1.2996178819       -1.8526410575        0.7766804003
LA         0.2267715581       -2.2759687108       -0.7126706878
LA         1.2239980341        0.9760053968        1.8154169481
LA         0.1560845165        1.2503440822        2.0457273159
LA        -1.2401522098       -1.3389565100       -1.3252749979
LA        -0.1615054831       -1.6195628819       -1.5549032851
LA        -0.6773437921        1.9535841457       -0.9735136392
LA        -0.6331456389       -1.4177194799        1.5906942992
LA         0.4424147897       -1.6937467104        1.3592705722
LA        -1.5004713775        1.8309099854       -0.2339731082
LA        -1.2706443080        1.8032525088        0.8612296007
LA         2.1578229286        0.9215558529        0.1215464791
LA         1.9294173459        0.9497636112       -0.9733216965
LA         1.0434157426        1.5119923164       -1.3428977172
LA        -0.2200091448        1.8978347673        1.2107488943
LA         1.4992749838        1.4557994539        0.8400699234
LA         0.3799719475        2.0482482735       -0.6198429209
LA         0.6074728254        2.0203958826        0.4678497982
LA         0.5229739811       -0.8457442773       -2.0066174069
LA         1.2567391229       -0.9365879301        1.5401020597
LA        -0.8622487424       -0.3924587171        1.9964109533
LA        -1.5104356434        1.2416435467       -1.1856917911
LA         1.2974118021        0.5211808755       -1.7888680804
LA         1.8968968877        0.4464331956        1.0997489497
LA        -0.9026300431        1.1663519060        1.7038393209
LA        -1.9072629159       -0.7767785403       -0.5912280917
LA         0.9139870563       -1.5054126868       -1.1939511858
LA         1.2869745344       -1.5512534712        0.6071614430
LA        -1.5314394890       -0.8274426071        1.2126411423
LA        -0.5417336978       -0.5772747657       -1.8020724920
LA        -0.4488933606        1.9381402418        0.1190423549
LA         1.2770088214        1.4948140624       -0.2524865570
LA         0.2017424959       -0.6664457429        1.7912564988
LA        -0.1811324087       -0.6507166593       -0.0055595349
LA        -1.8920566575       -0.1714104647        0.3684455785
LA         1.5496064272       -1.0560858587       -0.3746464016
LA        -0.7857405394        0.4290496134       -1.3479607652
LA        -0.5096360461       -1.4932529420       -0.5264206032
LA        -0.2836399393       -1.5220882836        0.5600367043
LA        -1.5965345920        0.3047374976       -0.6019575583
LA        -1.5836120778        0.8925075832        0.3320859529
LA         1.7811174755        0.0274758998       -0.3951006810
LA        -1.1624050066       -0.9507478774        0.1904910050
LA         0.0363595290        1.1355786443       -1.1241636403
LA         0.5394269203       -1.3889299512       -0.1735068619
LA         1.1589908924       -0.4025153248       -1.1989397614
LA         0.4852065179        1.0806671047        1.0199319382
LA        -1.2260179898        0.2592494112        1.1620176168
LA         1.5248095622       -0.4480659010        0.5677502438
LA         0.2803899696        0.1542435968       -1.5657241940
LA         0.8717475879        0.0812030122        1.2809440375
LA        -0.1838849018        0.3523379026        1.5084692524
LA        -0.8791291510       -0.4832779768       -0.7697026935
LA         0.1604307088       -0.7530061919       -0.9905328288
LA        -0.5146689582       -0.5311221488        0.9808313875
LA         0.5222531848       -0.7972930815        0.7574550017
LA        -0.8757944508        0.1076089381        0.1619077549
LA        -0.7798905114        1.0257230884       -0.4005390263
LA         0.7878884681       -0.3196758216       -0.1983954832
LA        -0.5528130302        0.9985066467        0.6812891319
LA         1.1438132625        0.5622727260        0.3153104815
LA         0.9174770055        0.5899951277       -0.7657357583
LA         0.2638984572        1.1205331145       -0.0523889116
LA        -0.0765522836        0.2303013528       -0.5615146110
LA         0.1479838484        0.2028890308        0.5023026098
