          38
Energy of minimum      1=    -173.9284266     first found at step       98 after                15792 function calls
LA         1.6711603238       -0.4883657569        0.1719392499
LA         0.9897681155       -0.8048438377       -1.1972579351
LA        -0.0194365632       -0.6397652965       -1.6282395541
LA        -1.3466674597        0.0052683479       -1.1168261994
LA        -0.1222912257       -1.2318359558        1.2363113918
LA        -0.8036834130       -1.5483134748       -0.1328861120
LA         0.0194365062        0.6397652535        1.6282395915
LA         1.3466674938       -0.0052677103        1.1168259659
LA         0.4521210525       -0.3760994827        1.6477188137
LA        -0.9139832207       -1.0105965996       -1.0973470812
LA        -1.6711601755        0.4883659886       -0.1719392736
LA        -0.9897683323        0.8048431741        1.1972580643
LA         0.9139829950        1.0105970421        1.0973467589
LA        -0.2006278755        1.7125913922       -0.2960060063
LA        -0.4521207571        0.3760996485       -1.6477187555
LA         0.1222916338        1.2318358733       -1.2363112209
LA         1.1266028581        1.0675579004       -0.8074194916
LA         0.8036834225        1.5483135859        0.1328856807
LA        -1.0995330418        1.3399528415        0.2374736084
LA         1.5613952339        0.0467431492       -0.7878454045
LA        -1.5613953787       -0.0467437797        0.7878451314
LA         1.0995331975       -1.3399528086       -0.2374732663
LA        -1.1266026144       -1.0675583788        0.8074193054
LA         0.2006279028       -1.7125911590        0.2960060161
LA        -0.5525110811       -0.2120788216        1.2125517646
LA        -1.2322551958       -0.5277908595       -0.1533343344
LA        -0.0917659072        1.1712641636        0.6635108620
LA        -0.7715097666        0.8555520166       -0.7023749674
LA         0.7715099623       -0.8555517658        0.7023750636
LA         0.0917657301       -1.1712640420       -0.6635107211
LA         1.2322550121        0.5277908604        0.1533340514
LA         0.5525110274        0.2120784725       -1.2125514822
LA        -0.6594016473        0.3204686494        0.2540831407
LA        -0.2294647861       -0.6889455232        0.2734386099
LA         0.3385325465        0.1572340872        0.6802516415
LA        -0.3385327643       -0.1572339822       -0.6802514882
LA         0.2294646709        0.6889455350       -0.2734384762
LA         0.6594015212       -0.3204687471       -0.2540829418
