50.000000000000000     50.000000000000000     50.000000000000000
49.590928491579845     49.695959373680232     50.406010028800090
49.478052465639337     49.956013029060813     49.623154803379279
49.627410871050692     50.482675210124029     49.251593573821317
49.489334724597647     48.982763008281154     50.576230489247692
50.048887826224210     49.986259853191193     48.871035061971028
48.981378979395537     50.351678178430028     48.930069574328606
49.187314441060678     50.830324572392598     49.327397241046093
49.924336826975463     50.421938122994689     49.712793537064790
49.025341153694164     49.325259943952929     50.623071931475536
48.284371231029148     49.046653926896838     50.656407292150114
49.251964201596444     50.015921376953465     50.209933919710565
48.588673591145046     48.611161612233673     50.916784939901966
49.739252508302123     49.498232619330039     51.133645625297426
48.977521356221800     50.946576414551565     49.814684518187107
49.611976196390415     50.355456821588000     48.646356823048222
49.952687918947682     48.462278058710531     50.196889918077218
49.487261951963646     48.436634449133869     50.632661431769264
48.521817539977746     48.635861773444120     50.073797570648637
48.855467200109736     50.285911547782675     49.851858850644170
49.794401660549923     49.222170303086443     49.580532108289383
49.165073650827068     47.939812185498006     50.300469933989227
50.075127700907650     48.849821316582016     49.157411516265334
49.983531370281497     47.919084609592161     50.288676326160477
48.483290280527569     50.296047271854796     49.469075650788916
49.864558782522408     47.285918290833600     50.353313375689083
49.332102256824989     48.184377414798554     49.732858455609076
49.503726936088903     46.610862664765570     50.152944605695481
47.642715294540722     48.692030061451426     50.925073081199066
48.463653610654205     50.920586627700949     49.315495791349505
50.117425333695500     50.333589105325593     50.628505112495851
50.093030254774497     50.677099520007388     48.946285339921808
50.458553698030997     51.109691358017663     48.406274985002035
48.037997585458662     48.516706336414003     50.227859776408266
47.248804712355849     48.449923995157661     50.345120318227046
50.749651969768287     50.279811988697482     50.814548902852849
50.867078833974467     50.456799512340055     51.481675837885199
51.397027852428565     50.677649519318372     50.803343747457824
