          98
Energy of minimum      1=    -543.6653608     first found at step       59 after                11702 function calls
LA         0.5707086090       -0.6553985955        2.4518279215
LA        -0.4429340964       -2.1807617904       -1.3471465466
LA        -1.3886556082        0.2315511256        2.1874038257
LA         0.8058627808        2.3688259007       -0.7113122930
LA        -2.4148638052       -0.6029765565       -0.7560208968
LA         1.4712364389        0.2981581296       -2.1244483384
LA        -0.0822723846        2.2726476124        1.2629409813
LA        -0.2806564487       -2.4607116087        0.7955161378
LA         2.5082121358        0.6513484914        0.2265681058
LA        -2.1871504900        1.4081042458        0.0181939469
LA        -0.0141606336       -0.7718599935       -2.4840988763
LA        -0.6532882976        0.1256894834       -2.5147826693
LA         2.0938016631       -1.4564760473        0.5112598847
LA        -1.3360935130       -2.1179300806       -0.7042319204
LA         0.6125028559       -2.5235427927        0.1526014922
LA         0.8321086621        1.1957075284       -2.1551322494
LA        -0.7058518011        2.4751709480        0.3768519216
LA        -0.5110461354        0.8637458752        2.3998939168
LA         2.0782521656       -0.7614509514        1.3666656571
LA         1.4294420334        2.1663019833        0.1747766935
LA        -0.3069006948       -1.2875934162        2.2393371919
LA        -2.4411810852        0.5733868777        0.6917934749
LA         2.5237614139       -0.0436766488       -0.6288376673
LA        -2.1608326465        0.2317408124       -1.4296201550
LA         1.0001158310       -0.7041836851       -2.0355306968
LA         0.5088365066        0.4401911462        2.2774567924
LA        -0.2981310261        2.2685395224       -0.6358757728
LA        -2.3022094448       -0.4718735322        0.3415541850
LA         0.5663273942       -2.1295643017       -0.8852803597
LA         2.0340128425        0.3328983756        1.1796025198
LA        -1.2108217003       -2.0045465448        0.3939491548
LA        -1.2373730567       -0.8177076172        1.8546574185
LA         0.9426251473        1.8655714371        1.1272055322
LA        -0.2715782810        1.0817003154       -2.0965832048
LA        -1.7967553712        1.1889922118       -0.9987288064
LA         2.0649517958       -1.0500169336       -0.5224270347
LA        -1.4788177432       -0.4418340784       -2.0112434924
LA         0.3235251540       -1.9486237078        1.5891559752
LA         1.2207833621       -2.0117430975        0.9432908500
LA        -0.9036825354        1.6479950172        1.7013788603
LA        -1.5301236208        1.8514474666        0.8112233150
LA        -1.7853198011        1.0128991737        1.4879139756
LA        -1.7340151024       -1.2803822354       -1.3345533219
LA         2.0433549120        1.4406776921       -0.4199611159
LA         2.0589752123        0.7424630129       -1.2792922279
LA         1.4169142157        1.6441313093       -1.3101166203
LA        -0.8367568851       -1.3435024924       -1.9804187084
LA         1.2051623146       -1.3135280492        1.8026223754
LA         1.1706635325       -1.2520208090       -1.1100067756
LA         1.1236226915        0.8506329607        1.4778430297
LA        -0.7628844460        1.4633258174       -1.2028342161
LA        -1.5314017525       -1.0619376715        0.8349977755
LA         1.1906129808       -1.6230231979       -0.0886076200
LA        -1.1142373191        0.5138137597       -1.5981505150
LA        -0.6064817615       -1.4966024588        1.2049795735
LA         1.1593268182       -0.2245862021        1.6325247598
LA         0.1150380624        1.2419438271        1.5823892686
LA        -1.1396437928        1.6494344301       -0.2004803404
LA        -1.6507702778       -0.0300723145        1.1548450436
LA        -1.6253644235       -1.1656930026       -0.2428255448
LA         1.5743949243        1.1392814503        0.5319131270
LA         1.6056809822       -0.2591550964       -1.1892183622
LA         0.1717301530       -1.2921140003       -1.5364127034
LA         0.3197135208        1.5467724881       -1.2509564566
LA         0.3203341894        2.0547851803        0.2442065769
LA        -0.3621059704       -0.1876377112        2.0537927084
LA         0.3621064606        0.1876378190       -2.0537925676
LA        -0.3203343563       -2.0547850997       -0.2442074004
LA         2.0373163856       -0.3564308200        0.3266372115
LA        -2.0373165508        0.3564309096       -0.3266367351
LA         1.1679041904       -0.9220406629        0.7703968166
LA         0.2928259628       -1.5524110521        0.5585189751
LA         0.2773216568       -0.8593904956        1.4114571644
LA        -0.5129013081        1.4383713987        0.6897031372
LA        -0.4720094032       -0.3894351997       -1.5598774741
LA        -1.3625921739       -0.3267850244       -0.9188169436
LA        -1.3879796421        0.8080008581        0.4778259179
LA        -0.7661993255        0.6060615104        1.3613590131
LA         0.9453828122        1.3357847089       -0.3600007196
LA        -0.7253077587       -1.2217450611       -0.8882218828
LA         0.9608872128        0.6427641967       -1.2129385626
LA         1.5826672979        0.4408246037       -0.3294052677
LA        -0.1197761454        0.5521015131       -1.1479035253
LA        -0.1350394085        1.2343428397       -0.3082322177
LA        -0.6383458357       -0.4194673497        1.0263561169
LA         0.2389782037        0.2125209579        1.2387774227
LA         1.1312528437       -0.5439540142       -0.2474388587
LA        -0.6230828271       -1.1017085892        0.1866846212
LA         0.2697854401       -1.1645195553       -0.4560210922
LA         0.5191438211       -0.3451553582       -1.1172297077
LA        -0.9965068067        0.6137772501       -0.5168141475
LA         1.1157087251        0.1508451291        0.6076881073
LA         0.4883364772        1.0318851150        0.5775684922
LA        -1.2504550278       -0.2206687043        0.1565654486
LA         0.2485946442       -0.4768416847        0.3919574309
LA        -0.3814743202        0.4079854371        0.3617085851
LA        -0.3661455572       -0.2771885277       -0.4815722266
LA         0.4990249637        0.3460445650       -0.2720935917
