          38
Energy of minimum      1=    -173.9284266     first found at step       16 after                 3362 function calls
LA        -0.0508867750        1.6487148071        0.5830876849
LA        -1.2496707780       -1.2133671770        0.1640247271
LA         1.2496707385        1.2133671391       -0.1640248105
LA         0.0508868646       -1.6487147571       -0.5830876701
LA         0.9914046494       -0.2063594312       -1.4266651830
LA         0.3271959175       -1.1749998316        1.2542563169
LA         1.6160466847       -0.6664567613       -0.0711996229
LA         0.9251313776        0.2525635838        1.4632785836
LA        -0.3271959482        1.1749998250       -1.2542563222
LA        -1.6160466487        0.6664567895        0.0711996445
LA        -0.9914046310        0.2063594353        1.4266651332
LA        -0.9251314399       -0.2525635444       -1.4632784501
LA        -1.0047581685        1.1501895866        0.8534435488
LA         1.0047582604       -1.1501895856       -0.8534436029
LA        -1.6026933591       -0.2773733192        0.6444213376
LA         1.6026933121        0.2773733191       -0.6444213426
LA         0.2870711674        1.6610896679       -0.4682010431
LA        -0.2870711573       -1.6610896197        0.4682010116
LA         1.2764421656       -0.6788918960        0.9852115049
LA         0.9117129125        1.2009924771        0.8872639260
LA        -0.9117128749       -1.2009925212       -0.8872639864
LA         0.0241147005        0.2435443765       -1.7323235705
LA        -1.2764421828        0.6788919517       -0.9852114009
LA        -0.0241147661       -0.2435444278        1.7323235994
LA        -1.2585162877       -0.2654157629       -0.4076992194
LA         1.2585162583        0.2654157241        0.4076992534
LA        -0.6620269160        1.1586949580       -0.1991824622
LA        -0.6353849798       -0.7244002978        0.9444879434
LA         0.6353849242        0.7244002575       -0.9444879717
LA         0.0388957494       -0.6997104175       -1.1530046759
LA         0.6620269876       -1.1586949145        0.1991824932
LA        -0.0388957323        0.6997104156        1.1530046380
LA        -0.3103378003        0.2285878315       -0.6734291266
LA        -0.6461494958        0.2162915762        0.3711841292
LA        -0.2970693014       -0.7092492085       -0.1038474924
LA         0.2970692898        0.7092492057        0.1038474770
LA         0.6461495045       -0.2162915890       -0.3711841543
LA         0.3103377780       -0.2285878651        0.6734291547
