          98
Energy of minimum      1=    -543.6653608     first found at step      693 after               153675 function calls
LA         1.6957333117       -0.5556012119        1.8927524590
LA        -0.3032159330       -1.3269166096        2.2167696481
LA         2.1931358009       -0.5277221508       -1.2955234242
LA         0.9414858581        0.0472257438        2.4244773311
LA         0.5382560190        1.7647662879        1.8337383374
LA        -0.9668580199        1.8573547121       -1.5434167523
LA        -1.7022591238        1.0454766105       -1.6661358571
LA         0.9518680588       -1.8980732165       -1.5026582067
LA        -2.3520571370        0.7425645327        0.8265232285
LA        -0.8946854166       -2.3943563411       -0.4830239938
LA         0.4510315574       -1.9297434908        1.6850447958
LA         2.5655819903        0.1444412421        0.4045267113
LA        -2.1677634015       -1.3768581214        0.4144628618
LA         0.3097420504        0.8370418810       -2.4433860135
LA         0.0796128153       -2.6000522451       -0.0103157478
LA        -0.5954394897        2.5276632043        0.1519436654
LA        -0.0224301387       -1.6923771451       -1.9753664660
LA         1.9542388075        0.4898517646       -1.6455126362
LA        -1.1107899671        2.1129159367        1.0336576078
LA        -1.9477125956       -0.9797273892        1.4188958836
LA         2.3266848352        1.1620151363        0.0545374396
LA         1.0536065709        2.1795134075        0.9520243819
LA        -0.4256591311        0.0251638731       -2.5661051601
LA        -2.5721079111        0.3454339818       -0.1779098690
LA         1.3705260082       -1.4381018892        1.3011585719
LA         0.1114760603        1.6460802630       -1.7080645826
LA        -0.1302254279       -0.2386369037        2.3591493210
LA        -0.5381714852        1.4989923502        1.7615009164
LA        -1.3517762833        0.0306590375       -1.9522429593
LA         2.2505489140       -0.7298715107       -0.2044736914
LA        -1.7939566981        0.1126129114        1.5519437408
LA         0.4872388162        2.3242288209        0.0071249270
LA        -2.2317992397       -0.6775713265       -0.4466106558
LA        -0.9438310317       -1.7069705075       -1.3545946760
LA         0.9947630871       -2.1162506589       -0.4140312859
LA         1.7752072407        1.2948294884       -0.9008592504
LA         1.8459589343        1.3912493778        1.0411922287
LA        -2.1075784521        1.2543519386       -0.6418211433
LA        -1.3193219260       -2.1032000980        0.5129906202
LA         0.3811111391       -0.7347145427       -2.3962821939
LA        -0.3405524024       -2.3098398042        0.9878682401
LA         1.3282434103        0.9745989321        1.9269526011
LA        -1.0982612743       -1.7042465764        1.5220332156
LA         1.1198873093        0.0808892434       -2.2729999107
LA         1.3598806536       -0.9413546919       -1.9214046827
LA        -1.3688024183        2.0699558705       -0.5185388928
LA         2.0859523839        0.3690055955        1.3927875702
LA        -1.8865179586        1.6533051780        0.3672214443
LA        -0.7937961394        0.4426078216        1.8286908187
LA        -1.4595135151       -0.7588282109       -1.2100102594
LA         0.7652884098        1.6973383443       -0.8387495746
LA         1.4880213963       -1.3811180337        0.2200690957
LA         1.2972471712        1.5387041457        0.0956764048
LA        -0.9412635475       -0.6223439996        1.6692287387
LA         0.5763317615       -1.8352709966        0.5993635730
LA        -1.3840201678       -1.4213973129       -0.3517561771
LA         0.2603283484        0.7042057870        1.8697426374
LA        -1.3316040355        1.0402973989        1.0973722126
LA        -0.5419748877       -0.7437307662       -1.7924123240
LA        -1.7743604703        0.2412442676       -0.9236127150
LA         1.4183769970       -1.1576044886       -0.8412925593
LA         0.9377005172        0.8898209253       -1.5454935329
LA         1.7779237706       -0.5087212265        0.7998775426
LA        -0.2946852186        1.8747960061       -0.6766939233
LA         0.6164690329       -0.8333927371        1.8192900519
LA        -0.6164688240        0.8333930034       -1.8192897559
LA         2.0009294440        0.2808021639       -0.5493858035
LA        -0.0253151670        1.9002631254        0.8790635450
LA         0.0253148366       -1.9002630856       -0.8790636272
LA        -2.0009293403       -0.2808023930        0.5493858356
LA        -0.1842083711       -1.2253671608        1.1279242136
LA         1.5303641480        0.5137581047        0.4491201405
LA         0.1995939711        0.0704544570       -1.6621878807
LA        -0.4036243828       -1.6213525503        0.1263886198
LA         1.0165003313        0.1002073970        1.3282907348
LA        -1.5457495691        0.6411545914        0.0851435069
LA         0.4378018535       -0.9441841889       -1.3132084671
LA         0.7782923141        1.1148459929        0.9793111786
LA        -0.8124698666        1.4506906744        0.2075085067
LA         1.1710817259       -0.1346481967       -1.1908434234
LA        -1.0318857192        1.0547053909       -0.7940270132
LA        -1.1556961755       -1.0202647739        0.6565796313
LA         1.2228248345       -0.3537724924       -0.1280218502
LA        -0.4730305513       -0.9450881574       -0.7210378711
LA         0.5009504153       -1.1507170772       -0.2484836473
LA         0.7169536033       -0.7608908680        0.7374740274
LA        -0.0370482521       -0.1582603533        1.2690256748
LA        -0.7075334081        0.0537687735       -1.0645893318
LA        -0.2715512891        0.8405965409        0.9254741864
LA         0.9840055825        0.6634700261       -0.4778970398
LA        -1.2134047005       -0.3533496025       -0.1990934746
LA         0.0276282818        0.8653824587       -0.9419102399
LA        -0.9934255560        0.0436519122        0.8050124559
LA         0.2436313789        1.2552086798        0.0440473628
LA         0.2586677533       -0.1442289951       -0.5958999790
LA        -0.2493779712       -0.5530973762        0.2733162385
LA         0.4755994299        0.2472729366        0.3942958154
LA        -0.4848889528        0.4500532272       -0.0717119760
