          38
Energy of minimum      1=    -173.9284266     first found at step       16 after                 4074 function calls
LA         0.5004670794        1.6756912644        0.0493212849
LA         1.3926834451        0.7060903885       -0.7891199724
LA        -1.3278204900        1.1200269214        0.2080248192
LA         1.3278201616       -1.1200272360       -0.2080245568
LA         0.3968363980       -0.8908506970        1.4524969605
LA        -1.3411117710       -0.2971467022       -1.0834962820
LA         0.4609571151       -0.8238962595       -1.4729406209
LA        -0.4609573734        0.8238960024        1.4729406862
LA        -0.3968358843        0.8908510355       -1.4524965837
LA        -1.3926832275       -0.7060910420        0.7891196781
LA         1.3411116443        0.2971472788        1.0834955170
LA        -0.5004674425       -1.6756907666       -0.0493209780
LA        -0.5131445827       -1.3389564621        1.0023565976
LA        -1.3800065123       -1.0428258082       -0.2625577295
LA        -0.4222522927        1.5659598332        0.6559829972
LA         1.3150817564       -0.7816512075        0.8487771483
LA         1.3665261113       -0.3779643778       -1.0249832313
LA        -1.3150814039        0.7816516432       -0.8487770196
LA        -0.4228668048       -0.1879472708       -1.6872164627
LA         0.4228670477        0.1879475583        1.6872164352
LA         0.4222518410       -1.5659599658       -0.6559827703
LA        -1.3665260832        0.3779635653        1.0249829195
LA         1.3800060692        1.0428261292        0.2625570830
LA         0.5131450802        1.3389564307       -1.0023560556
LA         0.4583496095        0.9284822773        0.8650801350
LA        -0.4583499241       -0.9284820659       -0.8650801551
LA        -0.4836414642       -0.2566419377        1.2331883302
LA         1.3484072381       -0.0387728763        0.0286673866
LA         0.4836416732        0.2566417719       -1.2331882472
LA        -1.3484071536        0.0387726843       -0.0286678074
LA         0.4064160766       -1.2238963007        0.3967758831
LA        -0.4064159889        1.2238963354       -0.3967754804
LA        -0.4432749215        0.4817213754        0.4165582101
LA        -0.4691394880       -0.5902266094        0.1833287385
LA        -0.4306788059        0.1471250760       -0.6284415428
LA         0.4691394811        0.5902265466       -0.1833286377
LA         0.4432748817       -0.4817215052       -0.4165581813
LA         0.4306789045       -0.1471250273        0.6284415044
