          98
Energy of minimum      1=    -543.6653608     first found at step      384 after                74716 function calls
LA         0.6745153716       -2.5122087995        0.0234874041
LA        -1.1624176979       -2.3102661942        0.2795912185
LA        -0.1257775275        2.2053168112        1.3738533216
LA        -1.2908645521       -2.1129982396       -0.7972595137
LA        -1.1620878634        0.7966781361       -2.1866805023
LA         0.6697765741        0.5952931957       -2.4420772470
LA         0.7421259099        2.4198901484       -0.6000802332
LA        -0.3431803429        2.5392026315       -0.4487679732
LA        -1.7985129853       -1.0895700519        1.5313079786
LA         1.8702849011       -1.4928981995        1.0198067122
LA         2.4502828955       -0.6917290333        0.5332358211
LA         2.2334797210       -0.3587637997       -1.2843565644
LA         1.2324293967       -0.2688256971        2.2749870467
LA        -1.1047433594        0.8530415314        2.1951259697
LA        -0.5994352455       -0.0674400822        2.5303843871
LA         0.9595286986        2.0860041599        1.2225409384
LA         0.5460683660       -2.3149406661       -1.0533632388
LA        -2.1437625582       -0.5593376124       -1.3631355611
LA        -2.3038208348       -0.1690884186        1.1960492858
LA         1.3782213919        1.1991944211       -1.8517976339
LA         1.8124274420        0.5323433786        1.7884162021
LA        -1.5389489664        1.5198917512       -1.4450886061
LA        -2.5206235045        0.1638760627       -0.6215437110
LA         1.5250347569       -0.9626649666       -1.8746359675
LA        -0.1467002408       -2.2560670365        0.7267275415
LA        -0.8052476173        2.1785117023        0.4951314326
LA         1.3542226498        1.9411114175        0.1940600742
LA        -0.4022754918       -1.8635561451       -1.4159182373
LA        -1.2651494651       -0.2917236200       -1.9884128930
LA         1.9977581600        0.7061382446       -1.0722978382
LA        -1.7956638090        0.8104199183        1.3260099112
LA         1.0630555071       -1.2248344403        1.7347003327
LA         2.2170971013        0.3692786202        0.7665539588
LA        -0.7902356091       -1.0210933545        1.9930849663
LA         0.5881412901       -0.4954641180       -2.2467969462
LA        -2.0150024780        1.1472789254       -0.5128424152
LA         1.5074182250       -1.7380474479       -1.0649418258
LA         0.9756367426        1.2549142390        1.9749791892
LA        -2.4522122247       -0.6178346456        0.1793192194
LA        -0.5384698441        2.0256739068       -1.4261540550
LA         0.3929770096        0.4500685459        2.4637831931
LA         0.5518169451        1.9058139477       -1.5781606946
LA        -2.0736216718       -1.3443672497       -0.5656759823
LA        -1.9445853731       -1.5425405234        0.5161166176
LA         1.6364547894       -1.9362209755        0.0168505526
LA         2.2191146476       -1.1313751083       -0.4719535136
LA        -0.1146501319        1.3747744676        2.1269860932
LA        -0.1598791311        1.2991415026       -2.1711494477
LA        -1.4880459962        1.3334024776        0.4217602082
LA         1.7953202716        0.9724472089       -0.0360038143
LA        -0.3479318535       -0.8545282534       -1.8217710098
LA         0.0406575781       -1.4513214415        1.4360146246
LA        -1.9593058517        0.3616137606        0.2999502991
LA         0.2149550912       -0.5037262694        1.9389864286
LA         0.5722747589       -1.2884875220       -1.4394150330
LA         1.9977128210       -0.0733993331       -0.2517338796
LA         1.3819492778        1.1082781338        0.9599738574
LA        -1.2010367298       -1.0935393450       -1.1921813629
LA        -0.2533617742        0.2155119082       -1.9872031152
LA        -0.9425930912       -1.4904554098        0.9745126888
LA        -1.0116311242        1.6706647424       -0.4950714056
LA         0.8307186154       -1.6854038362        0.7272788480
LA         1.1720759747        1.4306001500       -0.7995217424
LA        -0.8017579665        1.3483429620        1.2644244751
LA        -0.2728585193       -2.0475843808       -0.3425497681
LA         0.2728581093        2.0475842366        0.3425501764
LA         1.6303407344       -0.4252386480        1.2432033183
LA        -1.2852746682       -0.1047114323        1.6496962896
LA        -1.6303402571        0.4252383555       -1.2432038293
LA         1.2852746017        0.1047118346       -1.6496961533
LA         0.7018115556       -1.4796194924       -0.3547635168
LA         1.2801366482       -0.6807615971       -0.8399309767
LA         0.7929023173        0.3033481340        1.4446301749
LA         0.2890517689        1.2211744276        1.1103388190
LA        -1.5740467273       -0.3669882519       -0.4420031253
LA        -1.4459703688       -0.5636871973        0.6317412339
LA        -1.0701964314       -1.2848145163       -0.1077115182
LA        -0.2892731963        0.4223166732        1.5955062606
LA         0.0793328381        1.5432593652       -0.6478633964
LA         1.4082132576       -0.8774607828        0.2338131928
LA        -0.6270685261        0.9411005886       -1.2364404621
LA         0.4551068746        0.8221322697       -1.3873163081
LA        -0.0862655229       -1.2277450451        0.3493504069
LA         0.6091488238       -0.6349523581        0.9287724511
LA        -0.4561946476       -0.5178342171        1.0773018216
LA        -0.3920084227        1.1887799281        0.2645313403
LA         0.6929444436        1.0695061604        0.1132681815
LA        -0.7106841818       -0.1269908428       -1.0562415544
LA         1.0628736361        0.3595954709       -0.6146833422
LA         0.3546591940       -0.2441088232       -1.2047707643
LA        -1.0874225431        0.5959871929       -0.3148909614
LA        -0.2146706815       -1.0305412199       -0.7271495492
LA        -0.9613381681        0.4023475933        0.7421524688
LA         1.1889580823        0.1659557085        0.4423599509
LA         0.1133776575        0.2784577270        0.5936452485
LA        -0.5850259043       -0.3168831380        0.0117323586
LA         0.4848970030       -0.4345046433       -0.1374354083
LA        -0.0132487479        0.4729297473       -0.4679418942
