          98
Energy of minimum      1=    -543.6653608     first found at step      523 after               107803 function calls
LA         0.1999427676       -1.4239314683       -2.1677543186
LA        -1.4111740251       -1.6339316705        1.4510584061
LA        -2.2436500026       -1.2154663910       -0.5053619410
LA         1.6620243561       -1.8961088683       -0.6396577052
LA         1.2799399890        2.2638064326       -0.0604144808
LA         1.7991868452       -1.4724964440        1.1667891111
LA        -1.3820798357        1.7976840174       -1.2747169946
LA        -0.2545366491        2.3947141839        0.9834993413
LA         0.2604653805       -1.3412265783        2.2135909406
LA        -1.8821363058        0.0769283814       -1.7939791484
LA         2.3748841251        0.5855922948       -0.8852812637
LA         1.8762071836       -1.1304162973       -1.4031112015
LA        -1.2449160890        2.2212977487        0.5317295123
LA        -0.0142399431       -2.1896240012       -1.4043007835
LA        -0.6170502572        1.0987434092        2.2756817185
LA        -2.1061070928       -0.7906816148        1.3060825206
LA         1.1986763052        2.0128325076       -1.1306616942
LA         2.4561476101        0.8365659040        0.1849659872
LA        -1.6074297259        0.9253272840        1.8239119494
LA        -0.9730205798       -0.0006289261       -2.4124565529
LA         0.5559117770       -0.3245604871        2.5203845781
LA        -1.5487167286       -2.0587162147       -0.3603863023
LA         2.0946332660       -0.4558303868        1.4735827073
LA        -0.4729639863        1.7201267163       -1.8931941520
LA         1.0423006096       -0.7168004876       -2.0098008442
LA         0.1560787649        1.6510890778        1.6997166321
LA         1.7085029773        1.5186500609        0.6435928425
LA        -0.9362905785       -2.1078858158        0.5653926695
LA         0.6161338355       -2.2403245925       -0.4907315725
LA        -2.3190223312       -0.4300430198        0.2769290424
LA         0.7549008442       -1.8117571529        1.3368443668
LA        -1.8145125819        1.3060366535        0.8008150676
LA         1.5468101038        1.0192789230       -1.4859140817
LA        -1.9532803703        0.8774682009       -1.0267604544
LA        -0.1443820626        0.7231496676       -2.2573657304
LA         1.3427604964        0.2111378309        1.9472819155
LA         2.4834626321       -0.2545989932        0.4413760786
LA        -1.0811613442       -1.8481293164       -1.3574711209
LA         0.1088478707        2.2756335568       -1.1121434871
LA        -1.5111488862       -0.1729048587        2.0282387096
LA        -0.5162244885        0.0013069854        2.4820817838
LA        -0.8659960544       -1.0789230686       -2.1244284087
LA         2.4018262029       -0.5067243439       -0.6337827129
LA        -0.8044401431        2.3535469849       -0.4908281065
LA         0.1904844564        2.5277592287       -0.0369848949
LA         2.1866605269       -1.2759308128        0.1331744797
LA        -0.8130267784       -1.0200248769        2.1738803246
LA        -1.7792838655       -1.0010098038       -1.5031123385
LA        -1.9622248657        0.5652687543        0.0164357508
LA         0.1401498075       -1.9858069553        0.4550311435
LA         1.0339605271        1.0899034152        1.3831708982
LA         0.7881144244        0.3306347918       -1.8546377648
LA         1.1529878185       -1.6260198621        0.2937565386
LA         0.2620163886        0.5463025055        1.9215920109
LA         1.7474450418        0.4195791604        0.9110456109
LA        -1.3807336186        1.4484629750       -0.2348268579
LA         0.4484668835        1.2924123266       -1.4792438279
LA        -1.8634711130       -0.2126952100       -0.7361046184
LA        -0.0342705552       -0.3687458826       -1.9805218563
LA        -0.4652198006       -1.9093691722       -0.4444030535
LA        -1.7306920009        0.1973778152        1.0126013476
LA         1.5839375106       -0.0853962644       -1.2423621591
LA        -0.3324411334       -1.4992964218        1.3043030731
LA         0.6119747867        1.7973882009        0.6741637600
LA         0.8242949402       -1.4697856063       -1.2428444624
LA        -0.8242945261        1.4697859377        1.2428440354
LA         1.6179945777        1.2614318378       -0.4186605620
LA        -1.6179944238       -1.2614316284        0.4186608384
LA         1.0426046925       -0.7955589483        1.6323157145
LA        -1.0426052803        0.7955581717       -1.6323156519
LA         1.3649474369       -0.8506047256       -0.4701706937
LA        -0.7312886695        0.3670926958        1.4622346165
LA        -1.1585640226       -1.0564121435       -0.5910942850
LA         1.4459765003       -0.6003551137        0.5969892890
LA        -0.4626169558        1.3670083786       -0.8514363548
LA         0.5249057567        1.5399245252       -0.4009696352
LA         1.6595413222        0.1631287609       -0.1642620426
LA        -0.3815875846        1.6172583529        0.2157234842
LA        -0.2520706981       -1.1337459328       -1.2077877139
LA        -0.0383603118       -0.4737249700        1.6067928958
LA        -0.9449994963       -0.2929286741       -1.3523457887
LA        -1.0258828136       -0.6466407828        1.1563261646
LA        -1.2395986082       -0.2741304491        0.1584064234
LA        -1.0293557820        0.4774777956       -0.5910046423
LA        -0.9495868041        0.7238354019        0.4595567331
LA        -0.5448916873       -1.1171058216        0.3033354825
LA         0.3475020916       -1.1932368186       -0.3037657169
LA         0.9328639088        0.8210642714        0.3040785155
LA         0.7226209167        0.0694557421        1.0534895163
LA         0.0404701975        0.8971952705        0.9111795766
LA         0.5616150049       -0.4277937000       -1.0669708475
LA         0.4272708805       -0.9468794669        0.7467957685
LA        -0.1205359958        0.3999455985       -1.2092806474
LA         0.8516267048        0.5701721797       -0.7658203394
LA         0.6394136874       -0.1841993296       -0.0053556598
LA        -0.0456694233        0.6470981230       -0.1482773085
LA        -0.3369277974       -0.3551575631       -0.4507222237
LA        -0.2568160596       -0.1077411042        0.6043551316
