          98
Energy of minimum      1=    -543.6653608     first found at step     2582 after               499692 function calls
LA         0.3679547724       -2.5351406022       -0.4520923986
LA         0.0160744762        1.5002160180       -2.1250434508
LA         0.4899595722        1.5032580900        2.0656404465
LA        -1.8910468055        0.5408662651        1.7023871613
LA        -0.9776491173       -1.5567195389       -1.8405277849
LA         0.1197351801        2.5886018205        0.2269796604
LA        -1.9495909768        0.8253796029       -1.5114758775
LA         1.8800096188       -1.2923641715        1.2498297697
LA        -2.3822353151       -1.0093102715        0.2701173658
LA         2.1615721625        1.2747196016       -0.6851359585
LA         2.1117099434       -0.8062755487       -1.2873680026
LA         0.0535071080       -1.0332310725        2.3866893036
LA         1.1425577895        2.2825605761        0.5011934862
LA         0.8581758372       -0.2817351709        2.4394415804
LA         0.7535268552       -2.0747089141       -1.3764070807
LA         2.5308073101       -0.5152119577       -0.3103009536
LA        -1.6728928602       -0.5166705056        1.9238496632
LA        -0.5876501672        2.0973215662       -1.4221904211
LA         1.0753407377       -2.0438600851        1.1970772937
LA        -0.5328633199        1.8092989697        1.7914266243
LA        -1.3632211669       -2.0171509445       -0.9162128509
LA        -1.3458661510        0.2282738153       -2.2143285790
LA         1.7424744715        0.9836561146       -1.6622030096
LA        -2.6003889482        0.0482266067        0.0486548288
LA        -1.4617072032        1.6297320989       -0.9202595081
LA         1.6616197415       -0.2880532508        1.6719860055
LA        -0.6551166563       -2.2803563044       -0.1014359649
LA         1.2890966574        1.5178177726        1.2938125192
LA        -0.2604553300        0.4416512490       -2.3187495168
LA         0.1120685254       -1.3642199986       -1.9405763576
LA         2.3200296717        0.4981886973        0.0936073629
LA        -2.1201172936        0.8434893894        0.6581188738
LA        -1.6860495528       -1.2607274022        1.0987699582
LA         0.0605430323       -1.7833296193        1.5670229938
LA         1.4861372279       -0.0809506098       -1.8504957051
LA        -0.7460479563        2.1267582505        0.7481998082
LA         0.3385747645        2.3644820926       -0.8495948107
LA         1.6648826093       -1.7247758781       -0.8249446275
LA        -0.7144893476       -0.2171329187        2.4227211375
LA        -2.0973294256       -1.1775173077       -0.8011753923
LA        -2.3164838325       -0.1151271350       -1.0236542359
LA        -1.7099880971       -0.7149730941       -1.7297322272
LA         0.9450700109        1.7646365914       -1.5556733601
LA        -0.9336445102        0.8452570392        2.2002426361
LA         1.2775412027       -2.1873208088        0.1036117190
LA         2.0859030347       -1.4323764095        0.1566063952
LA         0.0938721668        0.5378117285        2.4757151491
LA         1.3660911989        2.0570360195       -0.5741224872
LA         1.6991460119        0.5570453712        0.9862697414
LA        -0.7352113378       -1.7164470787        0.8266793995
LA         0.4312545906       -0.3235075301       -1.9696414574
LA        -1.3951891980        1.4829092068        0.1566923400
LA        -0.6308711297       -0.5160134194       -1.8426466197
LA         1.8835979523       -0.4304226378        0.5713223097
LA        -1.4066665316       -1.4424320820        0.0171357198
LA         1.5271510543        1.2975154688        0.2094693643
LA        -1.8456057432        0.6854017017       -0.4284606690
LA        -1.1608311158        1.1609787357        1.1679955576
LA         0.8971550481        0.5452038319        1.7197323437
LA        -0.7218916577       -0.9668547598        1.6135918156
LA        -0.5308350312        1.9132907998       -0.3422674186
LA         0.6838992900        0.7118758394       -1.7564534101
LA         1.0403465349       -1.0160623754       -1.3946005257
LA         0.2645511706       -1.9424810635        0.4651813985
LA        -0.8559698758        1.0295436739       -1.6098910055
LA        -0.2699123891       -1.8114708932       -1.0149454247
LA         0.8559699924       -1.0295435683        1.6098908951
LA        -1.8917865786       -0.2073806521        0.8732298900
LA         0.2699124845        1.8114706894        1.0149454299
LA         1.8917865054        0.2073807266       -0.8732296909
LA        -1.6191819065       -0.3776056661       -0.2081695191
LA        -1.2347225186        0.0814978210       -1.1298181024
LA        -1.0171982781       -0.9729885214       -0.9089948271
LA         0.0849616289       -0.2075364552        1.6605361526
LA         1.0989536041        1.0033257848       -0.7702652049
LA         0.0790814428        1.3084843008       -1.0436883758
LA        -0.1325627323        0.8469498185        1.4397129255
LA         1.0706792914       -1.1824456450        0.5129701618
LA         0.6527907713       -1.4726699853       -0.4612783982
LA         1.4551386368       -0.7233420854       -0.4086782916
LA         0.4969700998        1.5987085542       -0.0694398723
LA        -0.9349105903        0.0976219075        1.3871130037
LA         0.6600882992        0.8459670794        0.6967553124
LA         0.8742291900       -0.1921176779        0.9141438992
LA         1.2527086289        0.2598449341        0.0068307121
LA         0.0698221317       -0.9433686267        0.8614089882
LA        -0.3415666027       -1.2290788819       -0.0976860557
LA        -0.9341869873       -0.6429566841        0.5922386715
LA        -0.3624013230        1.1519087457        0.4226304900
LA         0.8337475605       -0.0311242788       -0.9699181526
LA         0.0438794352       -0.7687971283       -1.0217000032
LA        -1.1522695491        0.4142359372        0.3708486785
LA        -0.1702615121        0.2692877463       -1.2390885602
LA        -0.7737900446        0.8661986592       -0.5364645609
LA        -0.5536864412       -0.1815197029       -0.3213874292
LA         0.2395770139        0.5593240534       -0.2693830943
LA        -0.1405293685        0.1054186408        0.6418303362
LA         0.4546384281       -0.4832230848       -0.0510600489
