          98
Energy of minimum      1=    -543.6653608     first found at step    11185 after              1548192 function calls
LA         0.8342495181        0.6278887584        2.3825407316
LA         1.4203559526        0.9804114306       -1.9463039567
LA        -1.4707367329        1.9514805038       -0.8918378669
LA         0.9604180253       -1.5699130371       -1.8383924709
LA         1.4882091157       -1.6570518709        1.3439230104
LA         1.0266834627        2.3674153403       -0.3286041444
LA        -2.1295901990       -1.3501150594        0.6393366184
LA        -2.5739771865        0.1715986331       -0.3345314271
LA        -1.4882887006       -2.1251180627        0.1886443051
LA        -0.6811484423        1.9519843479        1.5787681202
LA        -0.8502366009       -1.9115148148       -1.5459378806
LA         2.5565043450       -0.4660269039       -0.1175538780
LA        -0.9587519748       -1.2227082745        2.0862630114
LA        -1.1135177591       -1.0099606138       -2.1229159294
LA         0.3349221945        2.2921400987       -1.1834846356
LA         1.9166877329       -0.6802221011        1.6218270063
LA         0.6971365595       -0.6683586221       -2.4153701739
LA         0.3886319266        2.1538119464        1.4059782570
LA         2.1121169360        1.0556862957       -1.0914230210
LA         2.1280257523       -1.4428566321       -0.3954576741
LA        -0.3174503260       -1.9977109671        1.6355705767
LA        -0.2355308014        0.4260605954        2.5553304074
LA        -1.8487560676        1.8249293497        0.1358329117
LA        -2.1959568708        0.2981497010       -1.3622018141
LA         0.1937478496       -2.0458594724       -1.1901314581
LA         1.1324717168        1.3497241766        1.5922450916
LA        -1.4252122648        1.0714037298       -1.5685523895
LA        -1.7277860671       -0.7199120481        1.4614970276
LA         0.4015660054        1.4160479281       -1.8636107047
LA        -0.9961062306        0.9481411506        1.9360506288
LA         1.3750122814       -1.9173173566        0.2696798059
LA         2.2275709948        0.0263137483        0.8226340943
LA        -0.4517669227       -2.2619612759        0.5647387203
LA         1.7779859268        1.5658256984       -0.1626256200
LA        -0.3301122554       -0.2520064996       -2.3381638352
LA        -2.1773709059        0.8196001853        0.4762383667
LA        -0.9174067458        2.3009244008        0.5397513339
LA        -0.0486913271       -0.6738138400        2.4435267685
LA        -1.9514463241       -0.7950572706       -1.4095957467
LA         2.2733000735       -0.0534948698       -1.1209211551
LA        -1.6869568609       -1.7007487822       -0.8299698254
LA         0.5955536238       -1.4523727213        1.9907659628
LA         1.5783649197       -0.1291152426       -1.9797256760
LA         1.8428546520       -1.0348071154       -1.4001000265
LA         1.0259985057       -0.4710597402        2.2699449192
LA         0.1572829900        2.5036777104        0.3661682173
LA        -0.5376527868        2.4280566865       -0.4926355501
LA        -2.3312014480       -0.9221890956       -0.3772092040
LA        -0.4364152520        0.7206469945       -1.8601974784
LA        -1.5800347234        0.3377919507        1.2488038156
LA         0.3600884257       -2.0068163137       -0.1146720612
LA         1.6563616205        0.9483773892        0.7260656324
LA         0.4751915605       -1.7239110311        0.9284064294
LA        -1.1848348429       -0.0329194271       -1.6293238506
LA        -1.2453324717        1.3085193444        0.8924900718
LA         1.9549759835        0.4483107428       -0.1915725821
LA         0.5631082736        0.2968515710       -1.9116492506
LA        -1.9454359459       -0.2875488835        0.4384163418
LA         0.9071359211        1.7146086187        0.5448260813
LA         1.3373194064        0.2415346674        1.4875660489
LA        -0.4847321480        1.5631493399       -1.1752502932
LA        -0.6550952831       -1.8469054499       -0.4684064833
LA        -0.8151490221       -0.1645547628        1.8352294161
LA         1.0928484359       -1.5171346383       -0.7507319672
LA         0.0677779713        1.1421125307        1.7536757532
LA         1.0833069779        1.4820864475       -1.0071042401
LA        -0.0677774795       -1.1421128445       -1.7536754107
LA        -1.0833075090       -1.4820863175        1.0071038621
LA         1.7905989821       -0.9398892343        0.5429150422
LA        -1.7905988236        0.9398894155       -0.5429148277
LA        -0.1665561285       -0.9390270636        1.3777362458
LA         1.5173411692       -0.5311579925       -0.4724585130
LA        -0.9190824110       -0.9357447272       -1.0427556409
LA         0.2077489605        1.6331624839       -0.3119146107
LA        -1.5585340955       -0.1629774416       -0.5933632219
LA        -0.1691802084        1.5069759679        0.7127914194
LA         0.8275760909       -0.6062163482       -1.3248736295
LA         0.9001384721       -0.7377821729        1.2054456251
LA         1.2548188912        0.3677956271       -1.0477722408
LA        -1.2960121082       -1.0619310209       -0.0180498530
LA         0.2606869378        0.0349849609        1.6548380475
LA        -0.8589455752        1.4319178185       -0.1396235093
LA        -1.1763764324        0.4550480587        0.2142768608
LA        -0.4973397789        0.5289388300        1.0534333097
LA         0.2516233467        0.7796729761       -0.9826702723
LA        -0.2768448741       -1.2046737318        0.3300959135
LA        -0.1689740317       -0.1791892388       -1.2554616655
LA         1.2015979516       -0.0300473076        0.4382975858
LA        -0.9179375570       -0.4299232953        0.7806416828
LA         0.5720923695        0.7307002111        0.8807001470
LA         0.9431588252        0.8549239693       -0.1280676474
LA         0.0942219540       -1.0804499740       -0.6786716697
LA         0.7732584673       -1.0065590526        0.1604849027
LA        -0.7984798170        0.5815583085       -0.8130590865
LA        -0.1173389265        0.6539442098        0.0373672029
LA         0.5148727162       -0.1100734004       -0.4069371634
LA        -0.5397445128       -0.3090396838       -0.2365968768
LA         0.1422109874       -0.2348312065        0.6061667789
          98
Energy of minimum      2=    -543.4923253     first found at step     1977 after               310521 function calls
LA        -0.8862011805        1.2207061089       -2.2529717425
LA        -2.2136804476       -0.4300349163       -1.4795873452
LA         2.0553212156       -1.9517892507       -0.6875307207
LA        -0.6542110377        1.6376315640        2.3230788937
LA         0.3653305958       -1.5367019409        2.1609394445
LA         2.0938366741       -0.0052216515       -1.7765474593
LA         0.0511272769        2.7008324219        0.4931425680
LA         1.0531901404        2.4530795804        0.0512111694
LA         2.1828506371        0.9565751968       -1.2039756038
LA        -0.0502140363       -2.6713287042       -0.5271934749
LA        -2.0927537680        0.0345025090        1.7423091051
LA        -0.6213108388       -2.5295278373        0.4286421147
LA        -1.7509616402       -1.0330352945        1.6838181240
LA        -0.1667187263       -0.9378618675       -2.3375998700
LA        -2.0080708608        1.5014488383       -0.2916393946
LA         1.3941720280       -0.8249462764       -2.1031341080
LA        -1.0240876465        2.3786135401        0.5838362618
LA         0.3094758491       -2.1736370795       -1.4710652921
LA        -2.1086143654        1.0296995508        1.2157175488
LA         1.3639286599       -1.7990279830       -1.5477648882
LA        -1.3767152033        1.8316074107        1.4974131612
LA         2.2579731184        0.9327460564       -0.0908155239
LA         1.6948787651        1.6786983298        0.5348488417
LA         1.6305091918        1.7183263419       -0.5812365335
LA         1.3406837930        1.1542406315        1.4577299220
LA         2.2471057727       -0.0465314924        0.4505877771
LA         1.6808343484        0.0920838565        1.4029542247
LA        -1.1947716655       -1.7954321782        1.0653295483
LA        -1.5608221531        0.3980030734       -1.8792532285
LA         2.0761097117       -0.9800077474       -1.2331764117
LA        -0.3024098570        2.1709073564        1.4096385152
LA         1.0037257874       -2.3134379999       -0.6082766759
LA        -1.3746553080        0.8372945749        2.0343848721
LA        -0.5333037195        0.1436197396       -2.3175377835
LA        -1.4614841797        1.3732165846       -1.2862193995
LA        -1.2031931126       -0.6893865199       -1.9272518772
LA        -2.1313597196        0.5401920296       -0.8959489100
LA        -0.1288137001       -2.0342531996        1.2962225286
LA        -0.6931846844       -1.2866087750        1.9233055851
LA         0.1864774437        0.9677316645       -2.0061102786
LA        -0.3817673768        1.7205077065       -1.3747229393
LA        -1.5668095476       -1.2123990280       -0.9846195090
LA        -2.1349637475       -0.4597429708       -0.3533328447
LA         0.3444246181        1.3980484735        1.8935133675
LA         2.1549407317       -1.0004113845       -0.1181835920
LA         1.4958809873       -1.8201530612        0.2654149467
LA        -0.3149659584        0.5787452319        2.2774795219
LA         0.9326061287       -1.6820756815        1.2143319429
LA         0.0244006949       -0.4789405364        2.2234556073
LA         1.0247215717       -0.7231819672        1.7844624904
LA         1.2413876201        0.6947828053       -1.7207154843
LA         0.1220037306        2.1776738827       -0.4769474344
LA        -0.8925707141       -1.9586314242       -0.4776913921
LA        -2.0119421593       -0.4757568571        0.7660626065
LA         2.1804711767       -0.0247156062       -0.6643615711
LA         0.7008935531        1.9353367596        0.9796234782
LA         0.4420716844       -2.1861742745        0.3486943224
LA        -1.0371756160       -0.2265579673        1.9923130278
LA         0.5424463506       -0.1147797971       -2.0474188442
LA        -0.9461670057        1.8572436687       -0.3933935587
LA        -0.5412948827       -1.4623172305       -1.4160659448
LA        -2.0298510686        0.5096304508        0.2378957164
LA         1.5986212808       -0.8696599671        0.8390977285
LA         0.6870535269        0.3379289680        1.8519571896
LA         0.6943986005        1.4537332941       -1.1082692502
LA        -1.4670741620       -1.2343463967        0.1512996932
LA        -0.4069738921        0.1148643328       -0.5032224002
LA         0.5259255478       -1.0950720645       -1.4838916884
LA        -1.2915322498        1.3125838409        0.5355186353
LA         1.3910801160        0.6337910921        0.4963227561
LA        -0.6415039242        0.6587188831       -1.3627125201
LA        -1.2947523064       -0.1536158908       -0.9821204632
LA         1.2084452941       -1.2406920616       -0.6232071276
LA        -0.5684594311        1.1132418263        1.3511438632
LA        -1.1960632148        0.7932795847       -0.4094496883
LA        -0.2977061944       -0.3968087009       -1.4076305444
LA         0.1005203120       -0.9693083037        1.2461322720
LA         1.2303749946       -0.2800768641       -1.1677517485
LA        -0.2228913157        1.6451203391        0.4469984180
LA         0.1674392193       -1.6018037681       -0.5483225793
LA        -1.2857001417        0.3232260384        1.0662870157
LA         1.3208420108        0.6645146836       -0.6053254142
LA         0.7628181539        1.4037501708        0.0147051324
LA        -0.3917799049       -1.4649213116        0.3923899850
LA        -0.9496751274       -0.7258558064        1.0122776558
LA         0.3991984075        0.4044345637       -1.1063609116
LA        -0.1486001665        1.1301244975       -0.4976918275
LA        -0.6527480085       -0.9035816876       -0.4935401268
LA        -1.2005048406       -0.1779469106        0.1150826361
LA         1.3123607918       -0.3068090949       -0.0621014741
LA         0.4161092838        0.8804897570        0.9337399483
LA        -0.4899261024        0.6094005760        0.4102883354
LA         0.3889283006       -0.5548517538       -0.5662229395
LA         0.6618453315       -1.1154407737        0.3167365775
LA        -0.2342938427        0.0717093491        1.3124531890
LA         0.7532627469       -0.1700952133        0.8807294233
LA         0.4805670467        0.3724979824       -0.0116059350
LA        -0.1583400704       -0.4216406487        0.3601985866
          98
Energy of minimum      3=    -542.8367849     first found at step     1893 after               296495 function calls
LA        -2.2829678778        1.7943806277        0.6033789429
LA        -0.9413540811        1.0874995034       -2.2925093401
LA         2.2079763281       -1.8304979160       -0.6369426040
LA        -0.8546024223        1.5354007365        2.2891746712
LA         2.2044988322        1.0458252456        1.0545088019
LA        -0.4378032801       -2.6226842444        0.4208479517
LA         0.1656651388       -2.7208929341       -0.5219263148
LA        -1.7173407660       -1.2152438677        1.6386868395
LA         2.1114260279        0.1084934258       -1.7370075614
LA        -2.1471759396       -0.1768404411        1.6829018036
LA         2.1078877872        1.0768757977       -1.1690272770
LA        -0.2030004010        2.6452402976        0.4681347383
LA         0.8267310466        2.4793906233        0.0499007668
LA        -0.0425682403       -1.0099597861       -2.3473286058
LA         0.5076222900       -2.1996015528       -1.4601535965
LA         1.4911197945       -0.7681615667       -2.0750827067
LA        -1.5574193679        0.2149367755       -1.9347216470
LA         1.5283993852       -1.7391120828       -1.5144716504
LA        -1.1042750482       -0.8483209475       -1.9690821770
LA        -2.1314475000        1.2799727000       -0.3646718671
LA        -2.1663281418        0.3165482071       -0.9574285566
LA        -0.0086033985       -2.0835392057        1.2981088942
LA        -0.6462950278       -1.3828777784        1.9048229415
LA        -1.4544283492       -1.3984161479       -1.0239687060
LA        -2.1022434359       -0.6836152740       -0.4055821112
LA        -1.0863245300       -1.9342634420        1.0379492684
LA        -2.2279558863        0.8137725627        1.1510876311
LA        -1.2496448164        2.2340226663        0.5388432624
LA         1.0199305841       -1.6466920024        1.2380557855
LA        -0.0050706753       -0.5211635024        2.2163331679
LA         1.0187565633       -0.6839833801        1.8025909644
LA         1.4795192587        1.7922903311       -0.5632117915
LA        -1.5682691780        1.6655110249        1.4471090578
LA        -0.4986956062        0.0406474898       -2.3432505505
LA        -1.5518876652        1.1966289435       -1.3399196544
LA         1.1882615751       -2.2772539532       -0.5801705365
LA         2.1615017186       -0.8622101517       -1.1881342513
LA        -1.5019657664        0.6799668388        1.9870950371
LA        -0.5295293571        2.0919625139        1.3793758556
LA         2.1569253391        1.0630332039       -0.0570731029
LA         1.5175483980        1.7636527356        0.5516506318
LA         0.1392120367        0.9222266209       -2.0164790558
LA        -0.5057063169        1.6271367442       -1.4021651128
LA         1.6163806428       -1.7413921338        0.3017447795
LA        -0.4306557674        0.5073597345        2.2561837388
LA         2.2148674435       -0.8720721197       -0.0722968079
LA         0.1678096309        1.3774233151        1.8822416610
LA         2.2137738656        0.0863063954        0.4908736897
LA         1.1869592703        1.2145580514        1.4709514696
LA         1.6137413915        0.1808968899        1.4305115793
LA        -0.7334065893       -2.0804301168       -0.4955435351
LA        -2.0019619694       -0.6831976667        0.7131693474
LA         1.2037303228        0.7368514928       -1.7043699789
LA        -0.0656639950        2.1256444456       -0.4960731169
LA         0.5945408826       -2.1928273987        0.3619130607
LA        -1.0795904109       -0.3530629076        1.9584493150
LA        -0.3990511655       -1.5609767716       -1.4302704653
LA         2.1730273104        0.1008135984       -0.6231619896
LA         0.4988192679        1.9383283129        0.9732845464
LA         0.5843549836       -0.1288439319       -2.0433966896
LA         1.6268952436       -0.7831736349        0.8703986489
LA         0.5963175228        0.3489478282        1.8541311841
LA        -2.0873756815        0.3001690417        0.1809374720
LA        -1.1060227631        1.7209771121       -0.4318257253
LA        -1.3819721068       -1.4005669078        0.1154735198
LA         0.5806127211        1.4495861122       -1.1090884587
LA        -0.4249531736        0.0244937942       -0.5276089506
LA         0.6341382568       -1.1064265151       -1.4746636835
LA        -1.2839646273       -0.3204621113       -1.0312046341
LA         0.1329628095       -1.0056018144        1.2443752094
LA        -0.6778426583        0.5466153515       -1.3939042801
LA        -1.4138507733        1.1464178949        0.4866771655
LA        -0.2466309510       -0.4781423316       -1.4242926903
LA         1.3036993652       -1.1914384166       -0.5975061667
LA        -1.2644310234        0.6389860495       -0.4546636080
LA        -0.7038591154        1.0151602608        1.3211078196
LA         0.2943329354       -1.6369470599       -0.5449264847
LA         1.3027037600        0.6951109534        0.5122716305
LA         1.2593848189       -0.2342763236       -1.1470129342
LA        -0.2971126806       -1.5430139203        0.3814244066
LA        -0.9286914194       -0.8478321108        0.9832007728
LA        -1.3493483356        0.1708100900        1.0242414928
LA        -0.3848447584        1.5703344869        0.4222714906
LA         1.2582401725        0.7166066645       -0.5887823816
LA         0.6260279854        1.4088252007        0.0132512786
LA        -0.5835028867       -1.0089122060       -0.5149312451
LA        -1.2040145733       -0.3252477102        0.0766213191
LA         0.3725823542        0.3794141005       -1.1094464121
LA        -0.2486135911        1.0591090289       -0.5178862125
LA         0.7261950424       -1.1078805117        0.3279611690
LA        -0.2869035281        0.0049016497        1.2957097795
LA         0.4281255375       -0.5754883217       -0.5649284995
LA        -0.5619227779        0.5137969714        0.3837678012
LA         1.3164714271       -0.2499635858       -0.0406973422
LA         0.3040636990        0.8631462261        0.9265390165
LA         0.7256673363       -0.1560621560        0.8872346759
LA        -0.1498951855       -0.4848610331        0.3468622269
LA         0.4295774792        0.3574232252       -0.0155472104
          98
Energy of minimum      4=    -542.6935413     first found at step     1906 after               298323 function calls
LA         1.0100699920       -1.5064316004       -2.3217728646
LA        -2.0578192363       -0.6967620063       -1.5596296019
LA        -0.9186450290        1.1246627437       -2.2458331788
LA        -0.9993632338        1.5058701620        2.3380561133
LA         2.3254905227       -1.6548163496       -0.5318935517
LA        -1.6959744355       -1.2776737806        1.6214207763
LA         0.7103256082        2.5697584044        0.1719407272
LA        -2.1791445899       -0.2648933001        1.6655212530
LA        -0.3390636553        2.6772113365        0.5571137460
LA        -0.3097446908       -2.5940102424        0.4203194325
LA         2.0939797607        1.2493057210       -1.0276096983
LA         2.1649046890        0.2905386697       -1.6099816933
LA         0.3282389644       -2.6461068116       -0.5036311305
LA        -2.1752227254        1.2286179596       -0.3499291388
LA        -1.3658600652        2.2154578013        0.5849612983
LA        -2.2966683412        0.7271884271        1.1456513892
LA        -1.6939331297        1.6146651912        1.4737720813
LA         0.0745732107       -0.9143820862       -2.3032915758
LA        -0.6271779417       -1.3941846175        1.9200593780
LA         1.4205827039        1.8799790937        0.6865523915
LA         0.0633493346       -2.0506210893        1.3215778047
LA         2.1103657764        1.2223534160        0.0885188302
LA        -1.0111952730       -1.9515358283        1.0287571802
LA         1.4132997969        1.9249889765       -0.4316829440
LA         0.6736780168       -2.0896584001       -1.4207843253
LA         1.5981420949       -0.6115316963       -1.9776530001
LA        -0.0419413224       -0.5043873418        2.2654032596
LA         1.0873409182        1.3012219257        1.5851587877
LA         2.1995292487        0.2441727185        0.6244194986
LA         1.0698431103       -1.5620823626        1.3049069397
LA         1.0026200049       -0.6087130453        1.8834875969
LA         1.5665967324        0.2930293377        1.5437656898
LA        -1.4988412439        0.2155500497       -1.9160975094
LA         1.6691533810       -1.5814285124       -1.4266892962
LA        -1.5907200640        0.6216533726        2.0036243097
LA        -0.6703178024        2.0932844658        1.4492025039
LA        -1.5619744109        1.1871350746       -1.3125169973
LA        -2.1369478007        0.2678104391       -0.9661707637
LA        -0.9995048786       -0.8145353855       -1.9504646151
LA        -0.4244243667        0.1049607599       -2.2968755365
LA         2.2467595965       -0.6828534166       -1.0720649248
LA         1.3278662707       -2.1520724277       -0.5185520258
LA        -2.0381731866       -0.7322710031       -0.4315765777
LA        -0.5333065836        1.6738588512       -1.3380616194
LA        -1.3393614007       -1.3939974074       -1.0357803273
LA         0.1630902581        1.0082720952       -1.9408109114
LA         0.0446055389        1.4059461970        1.9649650156
LA        -0.5212764796        0.5011574165        2.3058347192
LA         2.2663446725       -0.7060803864        0.0462296068
LA         1.7001535784       -1.6113636712        0.3872856225
LA        -1.9766827608       -0.7476372061        0.6928274995
LA        -0.1450332748        2.1809859991       -0.4105012425
LA        -0.6019520765       -2.0514851591       -0.4971795502
LA         1.2262104455        0.8715639221       -1.5984081413
LA        -1.1142186307       -0.3880431836        1.9745950733
LA         0.3779222992        1.9977405221        1.0757759233
LA         0.7012596396       -2.1138220147        0.4047964911
LA         2.1925183773        0.2705518969       -0.4934914340
LA        -1.1649890968        1.7221519012       -0.3893365662
LA        -2.0952929044        0.2346897849        0.1710494874
LA         0.5258698863        0.4007631008        1.9367702827
LA         1.6445476924       -0.6629405384        0.9704548829
LA        -0.2640369912       -1.5005751377       -1.4112626612
LA         0.6612256211       -0.0211721649       -1.9686124463
LA        -1.3021907976       -1.4186474233        0.1038247089
LA         0.5517016411        1.5455402420       -1.0129024305
LA        -0.3961008870        0.0676980953       -0.4778769692
LA        -1.4873715846        1.1243948326        0.5153363681
LA         0.1521514694       -0.9656096697        1.2923140473
LA         1.2595916995        0.8050763006        0.6252266266
LA        -1.2126486738       -0.3085121461       -1.0086697740
LA        -0.6521767179        0.5876262311       -1.3462808431
LA         0.7391524549       -0.9901617167       -1.4011625744
LA        -0.7910492946        1.0107564524        1.3696737469
LA         1.3892843209       -1.0615980694       -0.5114889940
LA        -1.2717019181        0.6350273181       -0.4255817166
LA        -1.3807116219        0.1368246512        1.0390921553
LA        -0.4683820991        1.5955481146        0.4895331370
LA        -0.1712590921       -0.4119732660       -1.3778307993
LA        -0.9068968170       -0.8585649570        0.9983383842
LA         0.5632651581        1.4920766298        0.1127586671
LA        -0.2219353579       -1.5085895140        0.4055032009
LA         1.2468267391        0.8398143800       -0.4792334657
LA         1.3141147242       -0.1011620882       -1.0504415152
LA         0.4031834733       -1.5576502893       -0.5017248160
LA        -1.1768581858       -0.3361815945        0.0914303945
LA        -0.2739209402        1.1075242103       -0.4524709653
LA         0.3975062088        0.4664390313       -1.0338241443
LA        -0.5036884602       -0.9744810819       -0.4909723767
LA         0.2374717041        0.9154513506        1.0079247070
LA        -0.3208097696        0.0228152487        1.3442160487
LA         0.7788510836       -1.0230829625        0.3950730484
LA         1.3375875256       -0.1297192809        0.0585076248
LA        -0.5943484121        0.5344837810        0.4320234120
LA         0.4837682263       -0.4892388140       -0.4955028676
LA         0.7127227872       -0.0811172005        0.9678865027
LA         0.4208927949        0.4336314767        0.0651168413
LA        -0.1276715025       -0.4434678324        0.3955548876
          98
Energy of minimum      5=    -542.5307389     first found at step     1871 after               293388 function calls
LA        -2.2653744078        1.8167649215        0.5469174562
LA         2.1549211590        1.1040082512       -1.1436063624
LA         1.5391575588       -0.7359289769       -2.1012651232
LA        -0.8667357490        1.1481882067       -2.3326614710
LA         2.2260606917       -1.8180583727       -0.6620960219
LA        -0.8736836865        1.5216590139        2.2570306230
LA         2.2072722097        1.0307988451        1.0792540385
LA         0.3851495186       -1.5645697950        2.1109707610
LA         0.1755452156       -2.6955832607       -0.5997642304
LA        -0.4462029228       -2.6088188539        0.3306954773
LA        -2.1636829549       -0.1717411829        1.5972529446
LA         0.8597643735        2.4914459113        0.0720875863
LA        -1.7404004803       -1.2118244653        1.5435058739
LA        -0.1781083251        2.6555761601        0.4671165101
LA         0.0112516622       -0.9582253842       -2.4028109849
LA         0.5376004134       -2.1640481530       -1.5229517589
LA         1.5625171043       -1.7119856053       -1.5501411626
LA        -1.4981313725        0.2756529545       -2.0002930230
LA        -1.0551616280       -0.7922734359       -2.0427532141
LA         2.1987011913       -0.8411821693       -1.2023113954
LA        -2.0948354366        1.3195441430       -0.4268232087
LA        -2.1254285657        0.3661081247       -1.0348980771
LA        -1.4252148850       -1.3534521232       -1.1128748087
LA        -2.0800724705       -0.6437327414       -0.4977828977
LA        -2.2273085952        0.8273682678        1.0795263459
LA        -1.2282147595        2.2506676874        0.5101558915
LA         1.5193954871        1.8115224181       -0.5387327856
LA        -1.1012115513       -1.9254049513        0.9457654254
LA         1.2703437007        0.7626507710       -1.7084438432
LA        -0.4358709787        0.0975987044       -2.3916207758
LA        -1.5688571512        1.6698363023        1.4026836215
LA        -1.4956416710        1.2473462763       -1.3909617084
LA         1.2018027311       -2.2584902633       -0.6310836158
LA         2.1818125251        1.0681542583       -0.0318623048
LA        -1.5196466524        0.6754121113        1.9280554873
LA        -0.0314176520       -2.0873429772        1.2219965234
LA        -0.5266103782        2.0903332772        1.3630205766
LA         1.5349046123        1.7620024162        0.5755861834
LA        -0.6778513722       -1.3901930000        1.8280433105
LA         0.2076150840        0.9687597099       -2.0377910321
LA         2.2283248488       -0.8680301345       -0.0824513155
LA        -0.4446761765        1.6700396399       -1.4254925827
LA         2.2217378524        0.0811505169        0.4973406456
LA         1.6168661965       -1.7389933847        0.2657634373
LA         0.1558168824        1.3628872333        1.8693995623
LA        -0.4555283564        0.4915684854        2.2156506137
LA         1.1821876490        1.1996064365        1.4774390654
LA         1.0033137403       -1.6550223581        1.1892508673
LA        -0.0364025278       -0.5365087088        2.1670913969
LA         1.6040906400        0.1640385739        1.4272853917
LA         0.9970458647       -0.7002247757        1.7708853496
LA        -0.7194113408       -2.0493208268       -0.5817127381
LA        -2.0021001652       -0.6620417594        0.6220386665
LA        -0.0198441698        2.1506656042       -0.5025571710
LA         2.2050003079        0.1154520142       -0.6194631443
LA         0.6360429592       -0.0864257882       -2.0743506337
LA        -0.3647842170       -1.5191696217       -1.5013998757
LA         0.5905724891       -2.1843698292        0.2999820854
LA        -1.1030109516       -0.3598992064        1.8909431410
LA         0.5086073608        1.9363945364        0.9774937599
LA         1.6219744377       -0.7904372734        0.8505146669
LA         0.5787160297        0.3317137613        1.8325668495
LA        -2.0695329203        0.3302270473        0.1036625016
LA        -1.0647472359        1.7532628131       -0.4657366843
LA        -1.3749556748       -1.3744296386        0.0265659991
LA         0.6346864266        1.4780221627       -1.1141521031
LA        -0.3946355681        0.0535464657       -0.5752091405
LA         0.6718073831       -1.0717257260       -1.5185333135
LA        -1.2467536265       -0.2766541995       -1.1005318702
LA         1.3077325064       -0.2055839594       -1.1714298828
LA        -0.6256802479        0.5910472037       -1.4379265727
LA        -1.3974841644        1.1656884133        0.4371782595
LA         1.3263927638       -1.1727765639       -0.6311740247
LA        -0.2053584747       -0.4376046485       -1.4757073381
LA         1.2915790821        0.7365381770       -0.5873856360
LA        -1.2309957245        0.6731976980       -0.5093257092
LA        -0.7060353985        1.0159404820        1.2837765054
LA         1.3142128928        0.6954157182        0.5128613949
LA         0.3125139875       -1.6118492185       -0.6039432419
LA         0.1190396472       -1.0079742358        1.1891902101
LA        -1.3503071223        0.1811283801        0.9603172182
LA        -0.2966583634       -1.5292563709        0.3115525984
LA        -0.3648134434        1.5832173469        0.4005029439
LA         0.6530597784        1.4223062950        0.0117610554
LA        -0.9352597013       -0.8392359681        0.9108596545
LA        -0.5608972860       -0.9786977061       -0.5815679665
LA         0.4183212010        0.4101606523       -1.1353312738
LA        -1.1886654905       -0.3000082285        0.0076320272
LA        -0.2104866084        1.0862776425       -0.5453410734
LA         1.3340772710       -0.2399853313       -0.0584720909
LA         0.4566764660       -0.5501094860       -0.6070376663
LA        -0.5478238201        0.5289451191        0.3412859102
LA         0.7306095978       -1.0997867754        0.2843032055
LA         0.3086427277        0.8634238848        0.9084043368
LA        -0.2948207081        0.0032547731        1.2499642627
LA         0.7248150122       -0.1580936799        0.8600798093
LA         0.4502511255        0.3723591664       -0.0391112385
LA        -0.1411972352       -0.4718038609        0.2956660647
