          38
Energy of minimum      1=    -173.9284266     first found at step      282 after                33968 function calls
LA        -1.5429104861        0.8173305725        0.1106306296
LA        -0.3281640345        1.6813646125       -0.3551943953
LA        -1.6843370902       -0.2429831716        0.4059671965
LA         1.3698276011        1.0527583692        0.2758869002
LA         1.0655822191        0.6795185847       -1.2098056574
LA        -0.7510725638       -1.4892945787        0.5279517439
LA         0.7834150622       -1.4359673642       -0.6205643424
LA         0.1616455007       -0.9973045124       -1.4283190986
LA         1.0876602985       -1.0627275396        0.8651278457
LA         0.7716180950       -0.2490065963        1.5503036647
LA         0.9123586426        0.8061658659        1.2563993252
LA         0.3281652843       -1.6813644061        0.3551940621
LA        -0.1616461313        0.9973046432        1.4283187748
LA         0.3023860397        0.0578679017       -1.7222236872
LA         0.7510736252        1.4892939806       -0.5279518212
LA        -1.3698273733       -1.0527585879       -0.2758862048
LA        -0.7716185508        0.2490069634       -1.5503032484
LA        -0.9123591072       -0.8061656491       -1.2563988104
LA        -0.3023866273       -0.0578679062        1.7222233501
LA        -1.0655823008       -0.6795190868        1.2098051642
LA         1.5429102176       -0.8173305522       -0.1106305946
LA        -0.7834149323        1.4359674616        0.6205635034
LA        -1.0876599207        1.0627279937       -0.8651272307
LA         1.6843366031        0.2429831335       -0.4059671307
LA         0.9196524897       -0.3768450442       -0.9125537400
LA        -0.0113541158        0.8664521547       -1.0342431792
LA        -1.2231620546        0.0045080524       -0.5695449475
LA         1.2231618784       -0.0045079262        0.5695453701
LA        -0.9196528685        0.3768449956        0.9125534663
LA         0.0113543421       -0.8664521797        1.0342431375
LA        -0.2921549079       -1.2387889237       -0.4478554537
LA         0.2921551676        1.2387888543        0.4478554182
LA         0.6035160782        0.4292734705       -0.2314333818
LA        -0.1511566075       -0.1854347498       -0.7381288642
LA         0.4636689938       -0.6191986377        0.0606050033
LA        -0.4636689282        0.6191986857       -0.0606050883
LA         0.1511565132        0.1854347566        0.7381289511
LA        -0.6035160514       -0.4292736398        0.2314333694
