50.000000000000000     50.000000000000000     50.000000000000000
49.838240734316976     50.502897488161821     50.386777732920145
49.612176315400141     50.940927100329709     50.664653123795809
49.622702083069306     50.377674735847890     50.974727779222434
50.487904805207336     49.897983723608696     49.833274789489913
50.136287638146783     50.600679741899484     50.995693836370307
49.429830823713196     49.795311874972121     50.533116972459695
50.528581947757921     49.508999491828462     49.202238684670114
50.970448578140370     49.556950144550854     48.822288011295349
51.009586701189548     49.080263555915465     48.294690808835064
50.411618572399995     49.887849292011317     50.959046952144874
48.975677142048553     49.479618163491367     50.160901058907051
48.365410916786999     49.526215905931288     49.656263381964969
50.895530909740842     49.792128124443046     51.404149765159481
50.268710853515373     50.651845437344335     49.691924523549552
50.318609115071872     49.755729417830764     51.553768202930193
51.336703294789608     50.082453548759773     49.059199970658199
49.609396762271309     49.868527164598284     51.396540481838223
47.779182617412694     49.378783087331328     49.455919656663838
50.453691999169131     48.965646184193162     49.043664353481198
50.926128831171425     50.517262778964444     50.918141595521710
50.154458283939498     50.328257216541694     51.776252831115954
47.290958090666813     48.943973934328802     49.263790929725218
50.718983981821509     51.003723559816535     49.920388935328226
51.073997457471890     49.752186516663073     48.188710066455634
50.921097028500725     49.536613850897929     51.999239611235666
47.409681971450354     49.668001876548907     48.880467331388829
49.612200482109913     50.373633871584339     49.509619038258080
50.645915250509240     50.198797205651260     49.161493798378487
49.618522113533842     51.525294288073546     50.337797328297043
50.633164382809063     49.747258686881374     47.890496323790096
50.587487081212018     49.504125881865576     50.453703912486574
48.909318778050171     49.914965419651182     50.850465713915597
51.707527878112174     49.423172340197532     52.032110222329912
48.523733787062135     48.973338827201964     50.081487647167108
51.274204569817798     49.431888502627075     51.072612088329649
51.608937211107055     50.057439590228114     48.568536095110957
48.568813938248937     48.296544016511589     50.457359735553183
