          98
Energy of minimum      1=    -543.6653608     first found at step    20141 after              2808888 function calls
LA         1.0911586537        0.1386909576        2.3572981490
LA         0.2290922270        0.6227885640       -2.5152273844
LA        -0.2308808531       -2.5844484970        0.1844885673
LA         2.0671699051        1.5785548551       -0.0411064849
LA        -2.0574841112       -1.4851049364        0.5726589050
LA        -1.3615097561       -1.7237522200        1.3934438168
LA        -0.8299982540        0.3257481377       -2.4437079503
LA        -1.0062904449        0.6801460116        2.3003252907
LA         0.8891985819        1.9824775886       -1.4303232844
LA         0.2211950639        2.4909983313       -0.7160412383
LA         1.3991661754        2.0870757764        0.6731751192
LA        -2.5720979992        0.2773923593        0.2721789349
LA         0.7862714665        1.1829000122        2.1792755198
LA        -0.9268551637       -2.3458009176       -0.6362961999
LA         1.5567349212       -2.0830806755        0.0637727567
LA         1.9198509350       -1.5473927779       -0.8285311475
LA        -0.3139601149       -1.4416249114       -2.1423962728
LA         0.7451303865       -1.1445844481       -2.2139155667
LA        -2.1810112331        1.0829534880        0.9149411619
LA         2.5817834309       -0.1839422999        0.2593740768
LA         2.2186675323       -0.7196300996        1.1516780334
LA        -0.7014030165       -0.3640630026        2.4783477641
LA        -1.9575072928        1.1840689528       -1.2380875300
LA        -1.5664205998        1.9896302588       -0.5953254288
LA        -1.7115130899       -1.5749317430       -0.4793797938
LA         0.3545365685        2.3182643885        0.3734234136
LA        -0.3267093379       -2.0497764483        1.1537631316
LA         1.6836857695        1.3064435134       -1.0478068877
LA        -0.2655267460        1.4035135123        1.8971392368
LA         0.3411180983       -0.6741840628        2.2513566389
LA         1.0158583772       -0.0691486403       -2.1454001707
LA        -2.2321463630        0.2081800631       -0.7833742309
LA        -1.0914495242       -0.6601801267       -2.0030957388
LA         1.4818150052       -1.5425446864        1.0316353626
LA        -1.4539879477        1.8110326159        0.4955512153
LA         2.2043189859       -0.4766684666       -0.7438118413
LA         1.6242241386        1.3049464858        1.4443791624
LA        -1.5640284202       -0.7241578179        1.8592014547
LA        -1.0650729175        1.2831217760       -1.9095650383
LA        -0.0590736663       -2.1623135869       -1.3221684066
LA         1.0048772142       -1.8639100888       -1.3940158320
LA        -1.8703152981        0.3248430328        1.6803622345
LA        -0.0011221157        1.5815252531       -1.9814127177
LA         2.2952931636        0.7940916738        0.7268198326
LA        -2.2631971024       -0.4844151624        1.0346502730
LA         0.6400947833       -2.4020565371       -0.4976170740
LA        -0.6721911829        2.0923798221       -1.2638530472
LA         1.9305108774        0.2559455319        1.6232188770
LA        -1.6231831024       -0.6534280253       -1.0528215986
LA        -0.4400321925        1.7836286055        0.8917203152
LA         0.4823421208       -1.3754060058        1.4302899194
LA         1.5808730660        0.2452053249       -1.2691885131
LA        -1.1464702351        1.0538264583        1.2785421049
LA         1.2890670598       -0.8002371961       -1.3257227588
LA        -0.8418925920       -1.3979019334       -1.1818213147
LA        -0.5531656605        1.9291009014       -0.1794172996
LA         1.9280739594        0.5159908677       -0.2754964654
LA         1.1974609952       -0.5618482081        1.5198775817
LA        -0.5330159286       -1.0471900904        1.6367349359
LA        -1.9333623116       -0.5670156746       -0.0147373070
LA        -1.3400576996        0.3082589324       -1.4726968737
LA         0.5584539180       -1.8780763909        0.4696511328
LA         0.7909016207        0.9059238235       -1.6165985652
LA         0.5840068064        1.5391681814        1.1616846397
LA        -1.0130616360       -1.8015957162        0.3351901284
LA         1.0130616871        1.8015957484       -0.3351902559
LA         0.0375713049        0.3625001156        2.0619351414
LA        -0.0375711807       -0.3624997684       -2.0619350471
LA         1.8321264760       -1.0036134844        0.1430575286
LA        -1.8321265095        1.0036132697       -0.1430572885
LA         0.2235372476       -1.0971580179       -1.2465734451
LA        -0.8392400534        0.0022122841        1.4502901874
LA        -0.1385311360       -1.6313006645       -0.3568436284
LA         0.9175043076       -1.3351172935       -0.4281565745
LA         0.1156968013        1.4109860493       -0.8963274526
LA        -0.9403386071        1.1148024727       -0.8250143977
LA         1.5560414777       -0.0198567177        0.6212977086
LA        -1.2291987141       -0.8010252892        0.8093821946
LA         1.2520331256        1.0213399349        0.4437886455
LA        -1.5332071958        0.2401713274        0.6318733820
LA         0.8899647596        0.4871973251        1.3335187720
LA        -0.2742618108        0.6077485579       -1.5372355256
LA         0.8925473306        0.7393146413       -0.5418654926
LA         0.5086542038       -0.0514292396       -1.1728048107
LA        -0.2107801983       -1.1127772113        0.5950997091
LA        -0.5500914151       -0.3483729642       -1.1013087364
LA        -0.1316756555        0.7218354680        1.0480745989
LA         0.8288296811       -0.8212006717        0.5248958921
LA         0.1731129479       -0.3220332591        1.2260391197
LA         1.1918273413       -0.2856872552       -0.3671174847
LA        -0.9065281446       -0.8742075159       -0.2254176659
LA         0.2247610995        1.2476699506        0.1721833952
LA        -1.2058082401        0.1507943595       -0.4001655577
LA        -0.8148488918        0.9560933042        0.2423872915
LA         0.1433897219       -0.5812160305       -0.2905773483
LA         0.5289329857        0.2129270008        0.3430741753
LA        -0.5151457937       -0.0799029693        0.4135797553
LA        -0.1571768509        0.4481918794       -0.4660765098
          98
Energy of minimum      2=    -543.1896663     first found at step      384 after                75295 function calls
LA         0.4530882085        2.6380528390        0.0610505623
LA        -0.3735254102        1.8550057144        1.8997657786
LA        -2.4423264487        1.1941605870       -0.2623876864
LA        -2.4912966048       -0.8744134517        0.6371918595
LA         1.2983894197        1.0424335631        2.4084459751
LA         0.8288206061       -1.1077025250       -2.5369408019
LA         2.1161661447        1.4388616769       -0.8056217673
LA         2.0439020107       -1.6154457052        0.5307594725
LA        -0.2497135529       -2.4512507987       -1.1210709914
LA         0.1052463115       -0.8326295785        2.6054995045
LA        -0.1737620300        0.8849798758       -2.5780597268
LA         0.2586449965        1.7409252767       -1.9969777759
LA         0.3520260661       -1.7256446403        1.9732969353
LA         0.1548605104       -2.6202282802       -0.0878518111
LA        -1.5844847073        0.8449903245        1.8182730781
LA        -1.9006281327       -0.6076725276       -1.5446642584
LA        -0.4060555556        0.1689054222        2.6299732359
LA        -0.7864127754       -0.0574643441       -2.5206168299
LA        -0.8249379029       -1.7451414871       -1.7832648336
LA         0.1918516326        1.1106045256        2.5184508504
LA        -0.2830554070       -1.0593269884       -2.4856770273
LA         0.7381518234        1.7785594430        1.7833811746
LA         0.3597961554        2.2058753593       -0.9756167846
LA         0.2564767587       -2.1899224642        0.9498674991
LA        -0.4979312015        2.1669616976        0.3655675931
LA        -2.4840942137        0.1603477767        0.1880013081
LA         0.7025490325        0.1049418717        2.5089561352
LA         0.2897251825       -1.7805653615       -1.8308515846
LA         0.3278258552       -0.1120307167       -2.5599654734
LA        -2.0356106914        1.0277366838        0.7836494959
LA         1.2855310122        2.0394325346       -0.3728672409
LA        -2.0588700247       -0.0151359464        1.2379289291
LA        -2.1931974560        0.2964522918       -0.9110833519
LA        -2.2181683065       -0.7473733795       -0.4570798909
LA         1.1881595406        1.5909999103       -1.4018449381
LA         1.1986311607       -1.6721176425        1.2522079777
LA         1.1001509247       -2.1192901582        0.2223844765
LA        -1.4812264977        1.7014798633        0.0487174398
LA         1.5765066397        1.1811686461        1.3394341767
LA        -1.5800514917        1.2519246533       -0.9893992600
LA        -1.6446770714       -1.4792506441        0.1994330393
LA        -1.5457394176       -1.0298053538        1.2361817496
LA         1.8485658578        1.3132010902        0.2685093152
LA         1.5534884737        0.1552145263        1.7869224159
LA         1.2638459606       -0.2578178999       -1.9657795935
LA         1.2395691986       -1.2823103926       -1.5170871828
LA         1.6927609526        0.5905982658       -1.3893196089
LA         1.8015879308       -0.7304955838        1.1617681453
LA         1.6441286351       -1.4516564428       -0.4951349462
LA         2.0985620457        0.4205111377       -0.3597594642
LA         2.0743178055       -0.5968555618        0.0852230842
LA        -0.6966535433        1.2792010456       -1.6876438046
LA        -0.5804173931       -1.1575586994        1.8031110113
LA        -0.7752682834       -2.0434685376       -0.2396272617
LA         1.0201001066        1.9212875391        0.7083807286
LA        -1.0592327953        1.5190876064        1.0898664964
LA         0.9596005454       -0.7876044316        1.8899159303
LA         0.7658275155        0.7428414306       -1.9918896794
LA         0.7024768701       -1.9606404438       -0.8087336321
LA        -1.0933513630       -0.1653073680        1.8246137993
LA        -1.3104904042        0.3459969354       -1.6285562699
LA        -1.3507476934       -1.3413955327       -0.8928447690
LA         1.8373926338        0.2923034623        0.7175419268
LA         1.6799344320       -0.4321548367       -0.9455282441
LA        -0.6004532508        1.7447376956       -0.6734549312
LA        -0.6797333365       -1.6218698755        0.7912572536
LA        -0.6734529548        0.0630990060        0.0602641826
LA        -0.4796384894        0.7777301569        1.7166537356
LA        -0.7932155337       -0.6603729550       -1.6011006402
LA         0.0671022588        1.4439490227        0.9858781275
LA        -1.5418366056        0.6196474607       -0.0984474526
LA        -1.5659789998       -0.3985793222        0.3439280975
LA         0.6204402409        0.7063983318        1.6000700421
LA         0.3129441419       -0.7048452164       -1.6430282317
LA         0.3365777130        1.5635921935       -0.0829964162
LA        -1.1306943517        0.4448115976        0.9183970197
LA        -1.2845409935       -0.2636224031       -0.7218487381
LA         1.1584771005        0.9652913658       -0.5087957565
LA         1.1108380042       -1.0385890781        0.3689438701
LA         0.0287099734       -0.2211745105        1.7037189695
LA        -0.2234196556       -1.3735564615       -0.9474952129
LA        -0.1853911301        0.2806552461       -1.6697290101
LA         0.2399022412        1.1220782094       -1.0993886044
LA         0.2741499906       -1.0999251621        1.0843861859
LA         0.1769963750       -1.5416505316        0.0662725218
LA        -0.5960195180        1.0986504038        0.2040119494
LA        -0.6913450113        0.6647090280       -0.7971828014
LA        -0.6346395282       -0.5396181036        0.9162365074
LA        -0.7300600744       -0.9734899190       -0.0834891590
LA         0.8997202416        0.8444392709        0.5500917595
LA        -0.0382219278        0.3843322357        0.8220380589
LA        -0.1904680392       -0.3165743244       -0.7819254618
LA         0.8764158557       -0.1679136720        0.9924128312
LA         0.7454613439        0.1312991673       -1.0856433773
LA         0.7214134130       -0.8798349501       -0.6425638976
LA         0.2296964113        0.5099999204       -0.2216480559
LA         1.1474427552       -0.0368087214       -0.0701891714
LA         0.2060887595       -0.4823609577        0.2138411967
          98
Energy of minimum      3=    -543.1654807     first found at step      355 after                71660 function calls
LA        -0.2355158912        0.8527953382       -2.6137358545
LA        -2.4108033485        1.2624432337       -0.2255393517
LA        -2.4956714933       -0.7934364656        0.6974333480
LA         0.7064961612       -1.1678161684       -2.5834240234
LA         1.4134485655        1.0103231960        2.3212530931
LA         2.1285486839        1.3575301255       -0.9226093459
LA         2.0072836770       -1.6842191114        0.4451183764
LA         0.3015679030        2.5000853510        1.0915151570
LA        -0.3663104087       -2.4617222045       -1.1179209317
LA         0.5398064308        2.6162034934        0.0026053467
LA         0.1655163058       -0.8202205256        2.5769268035
LA         0.3617633137       -1.7260664419        1.9450718899
LA         0.0667061066       -2.6327550693       -0.0976697567
LA        -1.9707767794       -0.5669211626       -1.5067741591
LA        -1.4917022627        0.9074854868        1.8286277827
LA        -0.8751832003       -0.0690975220       -2.5248297300
LA        -0.9413427491       -1.7446431254       -1.7673062357
LA        -0.3106998706        0.1990659834        2.6075446506
LA        -0.2421101836        1.8783820657        1.8557534520
LA         0.3942646534        2.1844631576       -1.0272421040
LA        -0.4013421877       -1.0847193081       -2.4949454352
LA         0.3138230664        1.1194020804        2.4653686542
LA         1.1849778578        1.5383284985       -1.4892765675
LA         0.2170206885       -2.1964068280        0.9307640773
LA        -0.7043241615        1.2823495473       -1.7112152781
LA        -2.4701267148        0.2359657026        0.2375612554
LA         0.2355933289       -0.1583873286       -2.6007167348
LA         0.8581100543        1.7561059813        1.7077574490
LA         0.1701042115       -1.8161054752       -1.8524889828
LA         0.7899922654        0.0956710180        2.4510538765
LA        -2.2125513473        0.3516520156       -0.8732925455
LA         1.3356661431        1.9881571883       -0.4613220917
LA        -2.0143071596        0.0571154099        1.2740345820
LA        -2.2557301504       -0.6859504442       -0.4070282211
LA        -1.9718652809        1.0941050568        0.8087273409
LA         1.1850725789       -1.7068441590        1.1953170059
LA         1.0377696719       -2.1599204213        0.1746468574
LA        -1.5715021967        1.2854371444       -0.9824295563
LA        -1.4262459958        1.7407132142        0.0503204944
LA         1.6597102785        0.5175844813       -1.4834026317
LA        -1.6847892977       -1.4304042112        0.2377790075
LA        -1.5362222315       -0.9746488335        1.2657829712
LA         1.1859745722       -0.3246797872       -2.0362802002
LA         1.1458752377       -1.3447028512       -1.5769327382
LA         1.6179247972        0.1102984487        1.7001155243
LA         1.6590159451        1.1301557919        1.2419633357
LA         1.8973392051        1.2458924923        0.1614568552
LA         1.5788190751       -1.5168259692       -0.5680338230
LA         1.8156210760       -0.7874449431        1.0753354521
LA         2.0947548119        0.3425744206       -0.4674943593
LA         2.0543039196       -0.6705234826       -0.0118574333
LA        -0.4221613751        2.1755655573        0.3224795146
LA        -0.5569710220       -1.1293148070        1.8008151156
LA        -0.8494009551       -2.0276264164       -0.2245051812
LA         0.7185465717        0.6922582333       -2.0575298552
LA         1.1064329564        1.8810802449        0.6263383104
LA         0.9966007360       -0.8101246516        1.8323351704
LA         0.6111073371       -1.9983024059       -0.8435170572
LA        -1.3522696366        0.3666744825       -1.6209576727
LA        -0.9672272336        1.5586857654        1.0780209827
LA        -1.0352857869       -0.1195985185        1.8289929844
LA        -1.4240404411       -1.3130280219       -0.8651777691
LA        -0.5715020409        1.7490199579       -0.6989281823
LA         1.6307061549       -0.5020488393       -1.0299556491
LA         1.8687508048        0.2295135069        0.6197295181
LA        -0.7053930912       -1.5997355735        0.7979453256
LA        -0.6692444540        0.0774449287        0.0488473618
LA        -0.8687004643       -0.6596462011       -1.5985107845
LA        -0.3943985813        0.8014361381        1.6908891827
LA         0.2366809541        1.1051881988       -1.1580203382
LA        -1.5240797670        0.6605867799       -0.0863588215
LA        -1.5658744707       -0.3514157155        0.3679533283
LA        -0.2347361218        0.2590472037       -1.6976260575
LA         0.2339176120       -0.7399610772       -1.6770264618
LA         0.6975568189        0.6891671198        1.5387339342
LA        -1.3164940611       -0.2359005565       -0.7089342507
LA         1.1678560916        0.9181725917       -0.5896411581
LA        -1.0829423367        0.4833412314        0.9186018612
LA         0.1461659512        1.4306551087        0.9351987596
LA         1.0882496723       -1.0788100137        0.3088849369
LA        -0.3000733142       -1.3836299555       -0.9571516072
LA         0.0788492165       -0.2154674890        1.6719758002
LA         0.3818057649        1.5458351865       -0.1360893506
LA         0.2743534091       -1.1062865553        1.0527181579
LA         0.1287111343       -1.5540117666        0.0437724033
LA        -0.6958779243        0.6721224928       -0.8141701472
LA        -0.5552675287        1.1103241334        0.1810245201
LA        -0.7643872945       -0.9581700522       -0.0814066398
LA        -0.6211894414       -0.5185184671        0.9096290391
LA        -0.2275424803       -0.3266837062       -0.8039350594
LA         0.7099009438        0.0905326014       -1.1439464295
LA         0.0021668226        0.3806037068        0.7857847191
LA         0.6704072708       -0.9170404643       -0.6901907501
LA         0.9040823996       -0.1970883259        0.9314889203
LA         0.9442432316        0.8097731436        0.4784164836
LA         1.1407286670       -0.0814862596       -0.1417037763
LA         0.2362441880        0.4957616111       -0.2694567196
LA         0.1972474395       -0.4947181688        0.1780968412
          98
Energy of minimum      4=    -543.0573658     first found at step      312 after                62802 function calls
LA        -1.2714206066       -1.1648778673       -2.3706342462
LA        -0.4890272308        1.9649214462        1.8225384973
LA        -2.4751312804        1.0954672990       -0.3444892480
LA        -2.4408688030       -0.9237868876        0.6627894125
LA         1.2125196470        1.2661601685        2.3995847581
LA         2.0716814485        1.5429423450       -0.8188113739
LA         0.9542221209       -1.1558512685       -2.4349018237
LA         2.1267079949       -1.4405323563        0.6750337766
LA         0.2266293119        1.6781528288       -2.0635670025
LA         0.1099030020       -0.6542866732        2.6710224776
LA         0.4127325700       -1.5635360885        2.0898709449
LA        -0.1506162509        0.7717569576       -2.6042629250
LA        -0.0902238630       -2.4743938285       -0.9732029915
LA         0.3009907777       -2.5691356951        0.0749519041
LA        -1.6436868754        0.8988506268        1.7659611080
LA        -0.4512950483        0.3192025283        2.6350248959
LA         0.2818657299        2.2045157419       -1.0702339301
LA        -0.5837838962        2.1996944620        0.2598408513
LA         0.1017024085        1.2825190938        2.4870159338
LA         0.6276759716        1.9396593798        1.7290259673
LA         1.2024824299        2.1255209514       -0.4345730296
LA        -1.8260329352       -0.7403158375       -1.5116054874
LA        -0.7145505732       -0.1971077329       -2.5030141401
LA        -0.6840738190       -1.8314992737       -1.6819505630
LA         0.3608479206       -2.0827574949        1.0906248736
LA         0.9231847386        2.0456634318        0.6511994934
LA        -2.4752028994        0.0857052100        0.1598198136
LA        -0.1576641553       -1.1607203410       -2.4038263961
LA         0.6620140395        0.3058879789        2.5374607904
LA        -2.0817975375        1.0050457928        0.7156624770
LA         1.1508180176        1.6121725220       -1.4419020882
LA        -2.0634620677       -0.0134502372        1.2242443364
LA        -2.1529232658       -0.8411695258       -0.4303626088
LA        -2.1703942310        0.1775010417       -0.9387759404
LA        -1.5455559684        1.6661831188       -0.0454442834
LA         0.4020337010       -0.1921471018       -2.5211586358
LA         0.4319797667       -1.8161483040       -1.7051467697
LA         1.2704813218       -1.5035905827        1.3826988034
LA         1.2148352069       -2.0065004765        0.3762450890
LA         1.5039764142        1.3659966246        1.3290096305
LA         1.7899529601        1.4588123350        0.2561408390
LA        -1.6048598548        1.1524561200       -1.0617718722
LA        -1.5015664192       -1.0017439752        1.2842727879
LA        -1.5568348794       -1.5069712595        0.2693256968
LA         1.5243245586        0.3638033610        1.8287138560
LA         1.7055504638        0.6433403139       -1.3641058402
LA         1.3326934670       -0.2555420384       -1.9022089046
LA         1.3506548789       -1.2556000326       -1.4004181560
LA         1.8284445169       -0.5380714127        1.2545067103
LA         1.7412711842       -1.3505894760       -0.3644446461
LA         2.0969353282        0.5487993243       -0.3198878434
LA         2.1149502115       -0.4450006353        0.1774893108
LA        -0.7106940240        1.1853090962       -1.7461098760
LA        -0.5430765288       -1.0520859896        1.8739181518
LA        -0.6529146487       -2.0483782820       -0.1244865021
LA        -1.1361793309        1.5601925718        1.0112174204
LA         0.9754002031       -0.6015011490        1.9691851086
LA         0.7843263014        0.7128457823       -1.9925815550
LA         0.8315478310       -1.9218921223       -0.6683451694
LA        -1.1049669257       -0.0864394117        1.8342268902
LA        -0.6604407598        1.7085302738       -0.7576574014
LA         1.8214893021        0.4621268835        0.7581338401
LA         1.7351364180       -0.3544761835       -0.8669195992
LA        -1.2768962209        0.2252678079       -1.6473366390
LA        -1.2477443317       -1.4113870651       -0.8266117964
LA        -0.5986985165       -1.5711633271        0.8851960298
LA        -0.6597990897        0.0731114523        0.0692073307
LA        -0.5359871022        0.8773728000        1.6906424473
LA        -0.0096543897        1.5309144369        0.9375369071
LA         0.2768495724        1.6243018710       -0.1364902473
LA        -1.5510621113        0.5763115992       -0.1343345197
LA        -1.5342237454       -0.4177383326        0.3611314334
LA        -0.7033722194       -0.7382456935       -1.5440530616
LA         0.5686276835        0.8557311354        1.5976158282
LA        -1.1526291288        0.4755472802        0.8972287976
LA         1.1342285442        1.0380337406       -0.5144212841
LA         0.4004632880       -0.7323515768       -1.5721981748
LA        -1.2390321767       -0.3251170639       -0.7036116845
LA         1.1698561180       -0.9204142205        0.4668039401
LA         0.0213685740       -0.0934288780        1.7378248398
LA         0.2210353656        1.1120438640       -1.1308451366
LA        -0.1479056359        0.2207682723       -1.6629199076
LA        -0.1182863964       -1.3896986148       -0.8542585356
LA         0.3224272591       -0.9879560457        1.1688608758
LA        -0.6354582713        1.1177743796        0.1574103817
LA         0.2678002608       -1.4844610039        0.1736539121
LA        -0.6919055210        0.6226056415       -0.8221100911
LA        -0.6093797443       -0.4833563783        0.9553891240
LA        -0.6629162478       -0.9713405284       -0.0230685420
LA         0.8607225125        0.9571898739        0.5457031839
LA        -0.0573899271        0.4625867598        0.8250558189
LA        -0.1380033283       -0.3238665010       -0.7403998359
LA         0.8802499701       -0.0323870978        1.0398752647
LA         0.7773591633        0.1536801921       -1.0529099389
LA         0.7952675491       -0.8344421826       -0.5576506984
LA         0.2244694344        0.5538515547       -0.2192313423
LA         1.1645772919        0.0593097927       -0.0236822826
LA         0.2423240316       -0.4186840154        0.2670420057
          98
Energy of minimum      5=    -543.0227829     first found at step      340 after                68901 function calls
LA        -1.4470265810       -0.8959500401       -2.4632584564
LA        -2.2834782794        1.4510849184       -0.3484379119
LA        -2.5623364187       -0.5871891627        0.5796231127
LA         0.7573730871       -1.2137490401       -2.5448082491
LA         1.3840727107        0.9381219498        2.3830678804
LA         2.2792432654        1.2118645508       -0.8227127519
LA         1.8703426509       -1.8041782743        0.5444870205
LA         0.7449422747        2.5893699973        0.0216078827
LA         0.4423817486        2.4962542754        1.0957361848
LA        -0.0041292474       -0.7956737201        2.5824749947
LA         0.1560827208       -1.7172853955        1.9633838775
LA        -0.4752581423       -2.4171242972       -1.1293644462
LA        -0.1063682824       -2.6122311490       -0.0888312742
LA        -1.4922634350        1.0449017394        1.7492357256
LA        -0.7527362643       -0.0177533702       -2.5640572531
LA        -0.1801277715        1.9206862245        1.8349868442
LA        -0.4059116920        0.2556666351        2.5871538791
LA         0.6167419569        2.1631841092       -1.0119125374
LA        -0.5078069279        1.3248357963       -1.7613016689
LA         0.2896933822        1.1274987740        2.4732869747
LA         0.3569232449       -0.1733822753       -2.5915901801
LA         1.3791969160        1.4579322889       -1.4334881181
LA        -1.9267515506       -0.4141333666       -1.5891697096
LA        -0.9647697689       -1.6656504765       -1.8063358348
LA         0.0261731486       -2.1819480110        0.9444737994
LA         0.8761450899        0.6462703391       -2.0260798832
LA        -0.3433312775       -1.0552312780       -2.5059268164
LA        -2.4397722744        0.4349671379        0.1175433643
LA         0.9141340869        1.7182793417        1.7410321662
LA         1.5136318882        1.9015884987       -0.4013000706
LA         0.6905436085        0.0717401079        2.4847134210
LA        -2.0483544907        0.2307272891        1.1744450518
LA        -1.9078590183        1.2589669349        0.7065373280
LA        -2.1253248311        0.5225950833       -0.9786997479
LA        -2.2651663905       -0.5063787064       -0.5109039912
LA         0.1413690794       -1.8171505326       -1.8379087592
LA         1.0136336188       -1.7624923785        1.2542278713
LA        -1.4097449193        1.4037085366       -1.0671780448
LA         0.8828279511       -2.2099067085        0.2288485187
LA         1.2688833519       -0.4027141027       -1.9787122155
LA         1.7761682656        0.4061102889       -1.4048592806
LA        -1.2811182729        1.8581654965       -0.0291896879
LA        -1.6470197662       -0.8345008009        1.1918128540
LA        -1.7787274367       -1.2839826876        0.1578573318
LA         1.1343311621       -1.4151335834       -1.5179299438
LA         1.5525094246        0.0216200809        1.7747433988
LA         1.6901341861        1.0329144410        1.3171825877
LA         1.9887432012        1.1241658743        0.2494626843
LA         1.5046167351       -1.6120726300       -0.4887435463
LA         1.7143640998       -0.8920033717        1.1624154863
LA         2.1493621636        0.2049209835       -0.3681183921
LA         2.0129382672       -0.7994672569        0.0874692593
LA        -0.2623957322        2.2207564488        0.2896084486
LA        -0.7086750914       -1.0563076879        1.7728379003
LA        -0.9687713656       -1.9428286865       -0.2631388303
LA         1.2240337159        1.8181363660        0.6737915651
LA         0.8604417189       -0.8504909886        1.8790534044
LA         0.5190298977       -2.0240310198       -0.8089501589
LA        -1.2357612638        0.4611763647       -1.6860016905
LA        -0.8863061740        1.6507096212        1.0214980073
LA        -1.1129563099       -0.0137894929        1.7748316953
LA        -0.3943520530        1.7963267644       -0.7379201572
LA         1.6518360810       -0.6061491304       -0.9509215674
LA         1.8634246565        0.1154094103        0.7074304566
LA        -1.4592272778       -1.1940746823       -0.9349146439
LA        -0.8426987117       -1.5205605877        0.7644776734
LA        -0.6484116988        0.1446570724        0.0143868892
LA        -0.4011573458        0.8570453291        1.6658914160
LA        -0.1202608360        0.2851770295       -1.7201461919
LA         0.3871697894        1.0960575167       -1.1460822472
LA        -0.8178453794       -0.5868185080       -1.6273994757
LA        -1.4509876990        0.7872572382       -0.1643147221
LA        -1.5882184114       -0.2158607642        0.2928200514
LA         0.2749925402       -0.7463987556       -1.6635380441
LA         0.6855286207        0.6648065841        1.5674988859
LA         1.2743712960        0.8456958213       -0.5348305251
LA        -1.0726090024        0.5855863072        0.8615762708
LA        -1.2824535026       -0.1274529805       -0.7689722944
LA         1.0054700035       -1.1345767780        0.3624267064
LA         0.2187925100        1.4404132463        0.9350423946
LA         0.5151290154        1.5322000098       -0.1223635637
LA        -0.0028169758       -0.1918414829        1.6727556832
LA        -0.3378484425       -1.3453465887       -0.9682087192
LA         0.1570284635       -1.0983284641        1.0661391345
LA         0.0276450202       -1.5403386853        0.0524252127
LA        -0.5909623638        0.7305700357       -0.8540817541
LA        -0.4659686117        1.1672119936        0.1466651547
LA        -0.6853832461       -0.4480636276        0.8778832249
LA        -0.8126557623       -0.8819467682       -0.1190789968
LA         0.7833119167        0.0517278311       -1.1108604000
LA        -0.1943109147       -0.2929985062       -0.8148699572
LA         0.0067192071        0.4028148359        0.7824634961
LA         0.6493744572       -0.9487071832       -0.6562217675
LA         0.9918397363        0.7606377628        0.5208127459
LA         0.8561952214       -0.2379212943        0.9731058474
LA         0.2998025653        0.4944279839       -0.2590640238
LA         1.1521248574       -0.1465411426       -0.0877258569
LA         0.1666526333       -0.4882868453        0.1871925944
