          38
Energy of minimum      1=    -173.9284266     first found at step      219 after                35198 function calls
LA        -0.9365741429       -0.6381982817       -1.3328062883
LA         1.2013245754       -1.1171285330        0.6080165102
LA         0.4180175251        0.7018568336       -1.5470937965
LA        -1.6325208303       -0.6256632682        0.0652835734
LA         0.0801013322        1.7475236036        0.0242046947
LA        -0.0801013416       -1.7475235676       -0.0242049498
LA        -0.9772667648        0.7269884712        1.2558974584
LA         0.9772667524       -0.7269885118       -1.2558973599
LA        -0.4180174632       -0.7018567634        1.5470938592
LA        -1.2013246483        1.1171284653       -0.6080163119
LA         1.6325209827        0.6256630339       -0.0652834966
LA         0.9365740755        0.6381985641        1.3328060660
LA        -1.3383549391       -0.3026317112        1.0853852203
LA         1.0049231301        1.3463533069        0.4881630398
LA        -0.2126384070        1.4260584900       -0.9909504985
LA        -0.0569293302        0.3277634165        1.7176061267
LA         1.5641721181       -0.0824916216        0.7793596826
LA        -1.0049230194       -1.3463532559       -0.4881634002
LA         0.2126383176       -1.4260585290        0.9909504550
LA        -0.9085849718        1.4385937546        0.4071388929
LA         0.9085849652       -1.4385937529       -0.4071388294
LA         0.0569293880       -0.3277631939       -1.7176061857
LA         1.3383549353        0.3026315212       -1.0853850960
LA        -1.5641721654        0.0824915861       -0.7793594504
LA        -0.0130832367       -1.0333824402       -0.8674542352
LA        -0.5709799526        0.3920071173       -1.1579462979
LA         0.0130831961        1.0333825667        0.8674540937
LA         0.7073468034        1.0208774463       -0.5272542361
LA         1.2652435084       -0.4045121067       -0.2367619659
LA         0.5709798837       -0.3920070758        1.1579463479
LA        -1.2652435265        0.4045119573        0.2367621656
LA        -0.7073467524       -1.0208775295        0.5272541892
LA         0.3457637771       -0.0062278539       -0.6946059450
LA         0.2778490572       -0.7098860889        0.1446736788
LA        -0.2778490523        0.7098860875       -0.1446736778
LA         0.6366444386        0.3131960596        0.3141032964
LA        -0.6366444351       -0.3131960606       -0.3141033366
LA        -0.3457637824        0.0062278639        0.6946060069
