          38
Energy of minimum      1=    -173.9284266     first found at step       30 after                 4377 function calls
LA        -0.1706466408       -0.7448891241        1.5738048229
LA         1.1883175792       -0.0320233451        1.2836346482
LA        -0.8337574741        1.5314774442       -0.1423587924
LA         1.6160729320        0.5208458107        0.4217466573
LA         0.3261584017       -1.1439653419       -1.2828892274
LA        -1.6515473143       -0.0473660907        0.5753165953
LA        -1.1084742818       -0.9083579289        1.0035002186
LA        -1.1883166546        0.0320238292       -1.2836350936
LA        -1.0729988806       -1.3818367400        0.0064366034
LA        -0.7981097571        1.0556913485       -1.1442804996
LA         1.6515471475        0.0473662626       -0.5753165311
LA         0.1706456900        0.7448886740       -1.5738050324
LA        -0.2195612662       -0.2787789107       -1.7131597351
LA        -0.3261577663        1.1439646975        1.2828896249
LA         1.0729986966        1.3818368465       -0.0064371824
LA         0.8337572262       -1.5314772735        0.1423593661
LA         1.1084735337        0.9083576225       -1.0035006608
LA        -1.6160725014       -0.5208452007       -0.4217470201
LA         1.2594387626       -0.9812892343       -0.7153499279
LA        -0.0995230101       -1.6941537650       -0.4251803025
LA         0.0995229792        1.6941536201        0.4251804106
LA        -1.2594385054        0.9812891527        0.7153505280
LA         0.2195619207        0.2787778977        1.7131594582
LA         0.7981092735       -1.0556905606        1.1442808043
LA         0.6424492338        0.8279044815        0.8499181419
LA        -0.7132268816        0.1167633326        1.1393864421
LA        -0.1360779036       -1.2144794754        0.5718828005
LA         0.1360775067        1.2144795312       -0.5718828135
LA         1.2195980371       -0.5033383957        0.2824145756
LA        -0.6424489205       -0.8279042924       -0.8499182507
LA         0.7132268750       -0.1167636793       -1.1393862641
LA        -1.2195979857        0.5033386032       -0.2824145467
LA        -0.2874372126        0.6629983399        0.2826336367
LA         0.2521877646       -0.1925257542        0.7080988807
LA         0.6751665757        0.3541692506       -0.1441636944
LA         0.2874373227       -0.6629982976       -0.2826334694
LA        -0.6751666384       -0.3541691520        0.1441637044
LA        -0.2521878631        0.1925258170       -0.7080988756
