          98
Energy of minimum      1=    -543.6653608     first found at step      642 after               150590 function calls
LA         1.5367957073       -2.0919889833        0.1689924158
LA         1.0031374223        1.9837259135       -1.3510231672
LA        -0.1024133367        2.5992424528        0.0129448028
LA         2.1248809727       -0.7408940147        1.3048657816
LA        -0.2237514701       -1.1118046392        2.3410559500
LA        -2.4960624182       -0.5193944835       -0.5163504028
LA         1.4698858697       -0.3762256946        2.1129617752
LA         0.4134240053        0.6288924197       -2.4900385338
LA        -1.2802135903       -0.1066871247       -2.2619433399
LA         1.3095969363        0.0347675741       -2.2473235066
LA        -1.8007364787        1.8616282767        0.2416704747
LA         0.1387644509        2.3697856583        1.0637558005
LA        -0.5721682999       -1.9122745591        1.6680966766
LA         0.5333836657       -2.5277904441        0.3041292269
LA        -2.0889831164       -0.9066892710        1.2572899924
LA        -2.3888232590        0.5105320747       -0.8942021333
LA         1.1285904956       -1.7036225015       -1.6095551175
LA        -1.3874525308       -1.1366135711       -1.8840913817
LA        -1.5595585083        1.6321716303        1.2924813682
LA         1.6513938751        1.3669737162        1.4734295381
LA         1.8993100125        1.3896006759       -1.1083079986
LA         0.1251784390       -2.1394240569       -1.4744180959
LA        -1.7405659827       -0.1062191435        1.9302490366
LA         2.3063887157        1.0023052422        0.6653333924
LA         0.1383912593        1.4900008282       -1.8439737291
LA         1.7384126481       -1.4508728477       -0.7158075563
LA        -0.9800903802        2.1127166740       -0.4640524964
LA        -1.7884331169       -1.3034616835       -0.8613861149
LA        -1.3765924477       -1.6952864466        0.9329994091
LA         1.0301110449        0.6416177745        2.0412468374
LA        -0.5002106499        1.6561589581        1.6267815144
LA        -1.5750556435        0.7458178039       -1.6132107183
LA         1.9215363474        0.3078499801       -1.3610354961
LA        -0.6833352096       -0.1025645182        2.2720088241
LA         2.3333764175       -0.0839753906        0.4333509733
LA        -0.2581100396       -2.3180015362       -0.4469210782
LA         1.8451496043        1.7380183268       -0.0439748695
LA        -2.1236755923        0.6664064542        1.2137227098
LA        -0.3124936540       -1.3409856035       -2.1286906101
LA        -2.3659605291        0.8969160388        0.1580895952
LA        -0.2047625631       -0.3063327457       -2.5082767748
LA         0.4832886539       -2.0980925683        1.3385288941
LA         1.1871490060        2.1043604595        0.7678296932
LA         0.6955231861       -0.9031840476       -2.2644478707
LA         0.9448645056        2.3348703635       -0.2878037988
LA         0.8333044111       -1.2939493869        2.0145765084
LA        -2.4736919054       -0.1377371198        0.5376753706
LA         1.4913054524       -1.6602912413        1.2027720903
LA         1.9320861772       -0.3955508098       -0.5298176326
LA        -0.0494633977        0.7076773391        1.9149073941
LA        -1.1035265278       -1.7139763541       -0.1209893005
LA        -0.7790964396        1.4018501705       -1.2641007663
LA         1.8809984739        0.6626265022       -0.2870270519
LA        -1.0763962828        0.6842964656        1.5597188711
LA        -0.7072208439       -1.5221435755       -1.1146888095
LA         0.5631060017        1.3963635757        1.3389151439
LA        -1.5616622528        1.1459782169       -0.5545815627
LA         1.3117099028       -0.6452824565       -1.3865933098
LA        -0.4914487005        0.5501359405       -1.8749518201
LA        -1.7774346624       -0.9263015323        0.2056810934
LA         0.0778404720        1.8580456449       -0.7753855610
LA        -0.3131536463       -1.8970588468        0.6022594660
LA         0.3878841777       -0.2864612490        1.9562974243
LA         1.7057769679       -1.0201979713        0.3303554817
LA        -0.7357568512        1.8732517138        0.5779134688
LA         1.0238498455        0.8935893106       -1.5929920709
LA        -1.6717614790       -0.2771668248       -1.2299537034
LA         0.7357577129       -1.8732510026       -0.5779133749
LA        -1.0238499788       -0.8935893375        1.5929914986
LA         1.6717607726        0.2771660996        1.2299542168
LA         1.2160647693        1.0278943635        0.5218133168
LA         0.2997826189       -1.0772139053       -1.2479623823
LA        -1.4227497680       -0.1181933816        0.8772017845
LA        -1.3158196999        0.9087622847        0.5004399027
LA         0.9755826788        1.2566893179       -0.5259666342
LA        -0.5938052339       -0.4848027500       -1.4899772327
LA         0.4067123627       -0.0502584442       -1.6247245037
LA        -1.6632321294        0.1106013433       -0.1705778748
LA         0.3224774364        1.6203060743        0.2797983843
LA         0.0404543629       -1.0882371958        1.2734887466
LA         0.6935600584       -1.4518537344        0.4677237836
LA         1.0409720310       -0.6536930450        1.1387418792
LA         0.9072770422       -0.8151769296       -0.3862377488
LA        -0.7387553704       -0.8928754705        0.5420871858
LA         0.5945038911        0.3351188666        1.0821760773
LA        -0.3904516557       -0.0926662406        1.2148271747
LA         1.2492854657       -0.0294308991        0.2743431873
LA        -0.0958082741       -1.2508363569       -0.2511448515
LA        -0.9754971815       -0.6676394335       -0.4893953526
LA        -0.2851846557        0.9183161252        0.8439254690
LA         1.0125437787        0.1958052845       -0.7571395881
LA         0.1166628310        0.7897370193       -0.9997755777
LA        -0.5262840282        1.1476980960       -0.2065433815
LA        -0.8682928338        0.3619517389       -0.8671242008
LA         0.3595968313        0.5585191300        0.0394255743
LA        -0.6295926784        0.1288950781        0.1726470196
LA         0.0161180489       -0.2306046383       -0.6239948595
LA         0.2538774781       -0.4568089890        0.4119217465
