          98
Energy of minimum      1=    -543.6653608     first found at step      526 after               118462 function calls
LA        -1.2235679267       -0.1618299016        2.2898492282
LA        -0.3260833981       -2.2511666198       -1.2619961239
LA        -2.1875879940        1.3457933060        0.4123298501
LA         2.3922354492       -1.0212041773       -0.0326774897
LA         0.8459831486        0.5309492600       -2.4018995297
LA        -0.0009085089        2.0280808426        1.6289886824
LA        -1.4671019618       -0.5929853196       -2.0646298192
LA         0.9162794784       -2.2131289519        1.0144989727
LA         2.0192167792        1.4237993828       -0.8138027549
LA         1.7940937327        0.8160718285        1.6976367386
LA        -1.6416311595       -1.7929188112        0.9258537994
LA        -1.8885858643        1.0977244684       -1.4124306966
LA        -0.8009181773       -1.8572171234        1.6358455042
LA        -1.1209275499        1.8885389179       -1.3941513830
LA         1.7210397742        1.6711839660        1.0059234732
LA         0.0721453833        1.1729684751        2.3207017774
LA        -2.0642808194       -0.0975315560        1.5798572863
LA         2.2689292558        0.4221214916       -1.2002040318
LA        -0.4497312445       -0.8038481081       -2.4327528615
LA         1.0929367215       -2.3596945519       -0.0636158241
LA        -1.4199295741        2.1366077325        0.4306091099
LA        -1.3434538739       -2.0403035044       -0.8938728693
LA         0.5962703892        1.5326268894       -2.0154979013
LA         2.2155776971       -0.8746382366        1.0454371837
LA        -0.4396038288       -0.9345051047        2.1384434541
LA         0.7259064036        2.1173510464        0.7933325128
LA         1.5244321106       -0.1259990388       -1.8165141123
LA        -1.8107339579       -1.0568471999       -1.1152618492
LA        -2.2371474805        0.6536376807       -0.4554343221
LA         1.2976786200       -1.2945798254        1.5098296823
LA         1.0275709453        1.8670729108       -1.0476777649
LA         0.2135627365       -1.4764087163       -1.8477284176
LA         1.6491803228       -1.5862061888       -0.6353316229
LA        -2.1123983981       -0.8065688317        0.7257487450
LA         0.8712645378        0.4159053680        2.1696571356
LA        -0.7097118507        2.2271476216       -0.4190636800
LA        -1.0264357415       -2.3134908513        0.1463201646
LA        -0.4963017357        1.3024521122       -2.1176691576
LA         2.3510748550        0.2312595997        0.9198835495
LA        -1.0791959144        1.7860541609        1.4396412353
LA        -1.8503773908        0.9916107979        1.4212781458
LA        -1.0058065933        0.9270174602        2.1345284695
LA        -0.1818644216       -2.3780841387        0.8595700651
LA         2.2776854465        1.0902959155        0.2249958151
LA        -0.2454430146        0.2961778043       -2.5058442498
LA         2.5285434908        0.0840210382       -0.1631786897
LA        -1.2674828328        0.5080083228       -2.1360323543
LA        -0.0043964739       -2.5253218723       -0.2234925274
LA         1.0919337085       -1.0279229586       -1.3860664838
LA         0.5574923572       -0.5845201240        1.8755434413
LA        -1.9859077110       -0.3899999275       -0.2723882662
LA         0.3364818107        2.0024429116       -0.2170889177
LA         1.4433456486       -0.1781189302        1.3945039718
LA        -1.5025214179       -1.3408799231       -0.0639130511
LA        -0.0773078051        1.6474814786       -1.1573429251
LA         0.5444948430       -1.7651509068       -0.8046004593
LA         0.4251297929       -0.3679596244       -1.9348087332
LA         1.7987929652       -0.4730184195       -0.7747334464
LA        -1.6218867649        0.0563112233       -1.1941216675
LA         0.1890478705       -1.4702518887        1.3646371381
LA         1.2963556834        1.5424229882        0.0027321064
LA        -0.3659539401        1.8869586743        0.6042178515
LA        -1.9105328306        0.2957884090        0.5674393450
LA        -0.2189638064        0.1664166498        1.9959895357
LA         0.7938450239        1.2591094672        1.4727006563
LA         1.2684271153        0.8653693446       -1.4235948779
LA        -1.2684267287       -0.8653693129        1.4235951504
LA        -1.4646833741        1.4318424385       -0.4346534585
LA        -0.7938450951       -1.2591090799       -1.4727008959
LA         1.4646830561       -1.4318427061        0.4346534381
LA         0.1699219845        0.6366563108       -1.5406055850
LA        -0.4762445925       -1.5480407633       -0.4294544777
LA         1.6154188935       -0.3209706754        0.3083342931
LA        -0.6523928138       -1.4018983236        0.6455504298
LA         1.5425754213        0.5316749440       -0.3813833021
LA         0.3620430278       -1.6121534754        0.2784893867
LA         1.3664270866        0.6778177129        0.6936214660
LA        -0.8445141165        0.8469114502       -1.1735448419
LA        -0.5955220517       -0.1518767246       -1.5588320640
LA        -1.1329480941        1.0862126341        0.5867210724
LA        -0.2946604065        1.0221001366        1.2946649954
LA        -1.0601044174        0.2335669593        1.2764387377
LA        -0.2792560475       -0.5093477062        1.1399237005
LA        -1.1196950764       -0.4450705897        0.4301629170
LA         0.8960015773       -0.8628502990       -0.2991916292
LA         0.5746602245        0.9778849463       -0.5919053004
LA         0.0707527816       -0.7997347834       -0.9961241999
LA        -1.1914057059        0.3943129847       -0.2488268153
LA         0.4742821911        0.2669205576        1.1578665063
LA         0.8242911709       -0.0234666928       -0.9781812886
LA        -0.4239972294        1.1848698409       -0.2305537343
LA         0.7194012987       -0.7163326445        0.7785721329
LA         0.4012516788        1.1217545133        0.4663787927
LA        -0.9462866868       -0.5889400774       -0.6281213127
LA        -0.1096465004       -0.6525190658        0.0707409000
LA        -0.1816652769        0.1904726737       -0.6111674682
LA        -0.3558192559        0.3349606536        0.4516658147
LA         0.6471309426        0.1270859499        0.0887608744
