          38
Energy of minimum      1=    -173.9284266     first found at step      281 after                37343 function calls
LA         1.1123691675        1.2700799950        0.4586658608
LA         1.5536015880        0.7046364840       -0.3881387914
LA         1.1054783851       -0.5152371121       -1.2543082549
LA         0.2139397069       -1.1756103709       -1.2778936206
LA        -1.6756776478        0.3906195473        0.3168004442
LA        -1.1123691541       -1.2700797801       -0.4586656574
LA        -0.9834023553       -0.5800191969        1.3256465124
LA         0.4699002865       -1.5829396519        0.5782185733
LA        -0.2139405117        1.1756100136        1.2778933662
LA        -0.1030772664       -1.7081642079       -0.3638568330
LA        -0.7953521604       -0.7375258816       -1.3727025102
LA        -1.3571156608        0.9257682220       -0.6016898483
LA         0.9180228641       -0.3630661726        1.4443881940
LA        -1.1054789965        0.5152364760        1.2543081913
LA        -0.4698998568        1.5829395097       -0.5782187213
LA        -0.9180224963        0.3630665336       -1.4443881125
LA        -1.5536014126       -0.7046361556        0.3881390033
LA         0.0308074177       -1.0202379694        1.4209171301
LA         0.7953515700        0.7375261266        1.3727024442
LA        -0.0308066827        1.0202377608       -1.4209170554
LA         0.9834026823        0.5800185374       -1.3256463295
LA         0.1030771794        1.7081640343        0.3638567949
LA         1.6756773000       -0.3906192312       -0.3168007915
LA         1.3571158815       -0.9257679920        0.6016896146
LA        -0.7833316543        1.0454864156        0.3374575801
LA         0.5397700584        1.1397274296       -0.4797887113
LA        -0.0927308647        0.0771953312        1.3438635645
LA         0.0927307369       -0.0771955784       -1.3438634445
LA         1.2303704737        0.1714368301        0.5266170667
LA         0.7833312881       -1.0454863553       -0.3374576566
LA        -1.2303703547       -0.1714365537       -0.5266169803
LA        -0.5397696079       -1.1397273086        0.4797887110
LA         0.2226386069        0.6060636744        0.4303347957
LA         0.6589435403        0.0469348626       -0.4070128710
LA        -0.3439394199        0.4822374999       -0.5012196945
LA        -0.2226386787       -0.6060636258       -0.4303347729
LA         0.3439395955       -0.4822373849        0.5012198347
LA        -0.6589435473       -0.0469347548        0.4070129750
