          38
Energy of minimum      1=    -173.9284266     first found at step      339 after                43303 function calls
LA        -0.5365664887        0.1257721297        1.6604576314
LA         0.3620495415       -1.1023941162        1.3093850157
LA         1.3210158175        1.0783410364       -0.3910731950
LA         1.2339695007        0.5912164512        1.0902397954
LA        -0.3620497896        1.1023935056       -1.3093852976
LA         0.5365666028       -0.1257721726       -1.6604575633
LA        -1.2339696747       -0.5912166334       -1.0902395184
LA         0.2636110668       -1.6475324237       -0.5262944525
LA        -0.5499356078        0.0719357214       -1.6592883454
LA         1.5379996004       -0.8147822738       -0.1775606863
LA         0.7244523793        0.9046857342       -1.3105547767
LA        -1.3210159680       -1.0783406723        0.3910731883
LA        -0.9443283559        0.9875957548        1.0925837070
LA        -0.8572820668        1.4747196070       -0.3887286555
LA        -1.5379993813        0.8147826020        0.1775607023
LA         0.5499355362       -0.0719364175        1.6592882300
LA         0.8572821501       -1.4747195581        0.3887283529
LA        -0.2636109357        1.6475325437        0.5262942812
LA        -0.7244525510       -0.9046856798        1.3105547047
LA         0.9443286136       -0.9875955107       -1.0925835943
LA        -1.7268008861       -0.2206961115       -0.1740470683
LA        -0.8281848957       -1.4488612583       -0.5251193281
LA         1.7268007571        0.2206964733        0.1740472030
LA         0.8281849275        1.4488612460        0.5251194627
LA         0.1440137686        0.7849924936        1.0879219138
LA        -0.2308496363       -1.2709386860        0.3898083242
LA         0.2308495627        1.2709386068       -0.3898084478
LA        -0.1440137080       -0.7849925699       -1.0879218038
LA         1.0404565933       -0.4402027386        0.7376985632
LA        -1.1272924471       -0.0457432523        0.7400316447
LA        -1.0404565429        0.4402025654       -0.7376985598
LA         1.1272924916        0.0457435451       -0.7400315528
LA        -0.4464549538        0.6101834040        0.1744215172
LA         0.0432468192        0.2420154906       -0.7359533845
LA        -0.6331480208       -0.4137309830       -0.1732595446
LA         0.6331479704        0.4137310709        0.1732596561
LA        -0.0432468483       -0.2420155632        0.7359533801
LA         0.4464550591       -0.6101833609       -0.1744214990
