          98
Energy of minimum      1=    -543.6653608     first found at step      392 after                80677 function calls
LA         2.3374442155       -1.1384127967       -0.0841943209
LA        -0.5503567104        0.0252140139       -2.5422802248
LA         1.1194405580       -2.1881743672        0.8517421091
LA        -0.9398151512        2.3946026907       -0.3864488476
LA         1.8759894796       -0.4340199524       -1.7490013035
LA        -1.7717305355       -1.0274524702       -1.6037543094
LA        -2.1578191966        1.3448409138        0.5494879013
LA        -1.8851799166        0.9286676956        1.5330978108
LA        -0.5633878643       -2.5364480012        0.1254601660
LA         0.6439194551       -1.7978011301        1.7663510406
LA         1.0593019098       -0.0891368860        2.3741630391
LA         1.7809206689        0.5328048964        1.8196583092
LA        -0.1349731797        1.7338776157       -1.9344679310
LA         0.5146246862        1.8979223256        1.7028702369
LA        -2.5743511806       -0.3685508143       -0.0600058520
LA         0.0544425497        2.6003715576        0.0426567767
LA        -0.2069941523        1.2759806861        2.2573750853
LA        -2.3017119231       -0.7847236912        0.9236041409
LA         0.8592845810        1.9396463484       -1.5053623410
LA         2.1220872178        0.5782947593       -1.3888967687
LA         2.5835418761       -0.1260978526        0.2759100816
LA        -1.0235704328       -1.8339983079       -1.5347534466
LA         0.1978034197       -0.7813317618       -2.4732790932
LA        -1.0389089146       -2.1460750847        1.0400691330
LA         1.7411942173       -1.2565640145       -1.0142892808
LA        -1.4452597598       -0.0031268684       -1.8843322969
LA        -1.7147891422       -0.1645915344        1.6345947211
LA         1.4188543770        1.4242821566        1.2640267588
LA        -1.0250181224        1.7255222771       -1.2694109916
LA        -2.2572684421        0.6634819988       -0.3225271643
LA        -0.0169747340        0.1867837255        2.3673434861
LA         0.5089443475       -2.3186039486       -0.0674060984
LA         2.2308633062        0.7576729254       -0.2977774925
LA         0.0433795300       -1.6079383672       -1.7470387943
LA         0.9532900431        2.1349474833       -0.4156053103
LA        -0.4372158229       -1.5418656676        1.7524220954
LA        -1.8506012772       -1.6805002392        0.4223890080
LA         1.2553571845        0.9964341458       -1.9642852348
LA         2.1549475216       -0.3767557163        1.2812011909
LA         1.0081298682       -0.0205262589       -2.3260421511
LA        -1.3728981860       -2.0726648755       -0.4964173519
LA        -0.3136552673        2.2844956952        1.0535272658
LA         1.4300174069       -1.0015517194        1.8382506380
LA        -1.0385856020        1.6596997228        1.6105765018
LA        -2.1244916207       -1.2624175287       -0.5657350219
LA        -1.3124758704        2.0777826339        0.6224524788
LA         0.2565364310        0.7897209931       -2.3953599890
LA         1.9077206366       -1.3937163149        0.9194442887
LA        -1.5240333623        0.7691423284       -1.1206557778
LA         0.7393680810       -1.6708935616       -0.9119076809
LA        -0.6992205611       -0.4899017319        1.8550503335
LA         1.4838853582        1.3916528499        0.1775125772
LA        -0.3096903100       -1.8628977598       -0.7023659816
LA         1.3645467747        1.1901535696       -0.8838324034
LA        -1.8150374553       -0.2400744334       -0.8412002762
LA        -1.2664692470       -1.0774418689        1.1378875140
LA         0.8693817340       -0.8466899701       -1.6083860243
LA        -0.6359652430        0.7761333997       -1.7472206750
LA        -0.8643636506        0.5766071750        1.7262715820
LA         0.5875802377        1.8279947787        0.6105716539
LA        -1.4129315654        1.4139743618       -0.2528162978
LA         0.3580751179       -0.7412301939        1.8390143370
LA         1.8100190517        0.5101573783        0.7233147005
LA         1.3148542225       -1.5266865229       -0.0012386948
LA        -1.9742394967        0.2479645142        0.6521394127
LA         1.9742393966       -0.2479648760       -0.6521390295
LA        -0.6967792846       -0.8007508638       -1.8049073522
LA         0.6967789082        0.8007512448        1.8049070400
LA        -0.0356511317        1.9187768566       -0.8375069493
LA         0.0356514986       -1.9187768539        0.8375069014
LA        -1.5336107603       -0.6590287323        0.1462493262
LA        -1.0594618352       -1.0482755426       -0.7657213516
LA        -0.7876089207       -1.4632481586        0.2150512339
LA         0.3641315040        0.9765797332       -1.3120100566
LA         1.1101332314        0.1723602688       -1.2432079104
LA         0.1187434384       -0.0328147500       -1.6710755849
LA        -0.1404110798        1.1989795678        1.1620683530
LA        -1.1318007571        0.9938042570        0.7342008184
LA        -0.4122637977        1.6139519977        0.1812956528
LA         1.5552782275       -0.5071361565        0.3627578471
LA         1.0811290358       -0.1178889876        1.2747284262
LA         0.8357414003       -1.1272838408        0.9156629657
LA         0.0235477298        0.1307056520        1.2724804291
LA         0.9656880858       -0.6427331045       -0.5396166078
LA         0.2573428127       -1.2532350260        0.0046885717
LA        -1.2249722388        0.3447589763       -0.1320218579
LA         0.7449314545        0.7524449942        0.7181562643
LA        -0.2180232102       -0.8629890742        0.9189997497
LA        -0.7581980931       -0.0384335734       -1.0298078284
LA         0.4773071590        1.1609628646       -0.2473616023
LA        -0.5166268885        0.9552610563       -0.6763272507
LA         1.2117057411        0.3692521979       -0.1796295430
LA        -0.0102816301       -0.8447169218       -0.9608293124
LA        -0.9524218870       -0.0712784487        0.8512679493
LA        -0.4835412089       -0.4534862223       -0.0578446545
LA         0.2278489535        0.1596400871       -0.6044896425
LA        -0.2409317860        0.5444799525        0.2971554244
LA         0.4966237640       -0.2506339776        0.3651786343
