          38
Energy of minimum      1=    -173.9284266     first found at step      134 after                35666 function calls
LA        -0.2613848053       -1.2548169369       -1.1907787489
LA        -0.5302588644       -0.2781359275       -1.6438699259
LA         0.2696385093       -1.7166063439        0.2034672398
LA         1.2666787211       -0.3773566714        1.1462848933
LA         1.7378136878       -0.0593623955        0.1931835847
LA        -0.5343751414        1.2039653361       -1.1514133140
LA        -1.4743602933        0.5695182431        0.7501669878
LA         1.2067901346        0.4024271862       -1.2010619579
LA        -0.2696376340        1.7166065639       -0.2034665415
LA        -0.2020460813       -0.5484721428        1.6489987985
LA         0.2613853860        1.2548168559        1.1907783559
LA         0.5343747191       -1.2039647364        1.1514141961
LA        -1.4702435291       -0.9125835112        0.2577104037
LA         0.2020447073        0.5484725132       -1.6489989524
LA        -0.7384880756        1.4001541309        0.7450130317
LA         0.5302581680        0.2781358318        1.6438699015
LA        -1.2666787878        0.3773568086       -1.1462842056
LA         0.7302358915        1.5712691247        0.2422986461
LA        -0.7302346310       -1.5712697415       -0.2422990067
LA        -1.2067910367       -0.4024271641        1.2010608177
LA        -1.7378134003        0.0593618849       -0.1931832398
LA         1.4702439007        0.9125823791       -0.2577112773
LA         0.7384884131       -1.4001536830       -0.7450126422
LA         1.4743600358       -0.5695176262       -0.7501670894
LA         0.4656633584        1.0549456187       -0.7005534213
LA        -0.4656633895       -1.0549457201        0.7005532593
LA         0.9995087159       -0.8842436000        0.1990550550
LA        -0.9995085840        0.8842438703       -0.1990545269
LA         0.4697695371       -0.4235709779       -1.1918185111
LA        -0.4697699439        0.4235712198        1.1918182704
LA        -0.9954018555       -0.5942729760       -0.6903200303
LA         0.9954021708        0.5942725794        0.6903199375
LA        -0.2638256486        0.2294287615       -0.6926959824
LA         0.0020453051       -0.7363449818       -0.2446644936
LA         0.2638254446       -0.2294286702        0.6926960965
LA         0.7296987864        0.0850144922       -0.2497611348
LA        -0.0020450560        0.7363449799        0.2446645308
LA        -0.7296988348       -0.0850145738        0.2497609957
