       -0.0124142435       -0.8000928916       -0.1681921950
       -1.3841003273       -0.5341357335       -0.1803070628
        1.1031391090        0.6811276677        0.3479985369
        0.2213769045        0.2364996355       -0.8207230248
        0.9067463643       -0.6352639971        0.6681086923
       -1.5931762182       -0.6896469577       -1.7146444653
        0.4812410494       -0.9917912534        0.7005524375
        1.5531503106        1.4065842005        0.0501498729
        0.2565049078        0.1607545001        1.5248218155
        1.3321875166        1.5868520787        1.4743614737
        1.4312353047        1.6041823150       -1.5409938474
       -1.6725016844        0.7760195523       -0.5208208950
       -0.8053758715       -0.1983768239       -1.7072615964
       -0.9464814287       -0.0993036488       -0.4589544565
        1.4083330391        0.3892972030        0.9927861461
       -1.1431274363       -0.2965721397       -1.1318554380
        0.2845270303        0.8981430415       -1.6535252154
        0.2416190779       -1.0766409882       -0.5099649825
        0.6911350132       -0.7940650524       -0.3529488250
       -1.7123779690       -0.4185003795       -1.7086776996
       -0.3437081107        1.4192773994        0.7734517116
       -0.3587548390       -0.3375248221        0.3085657009
       -1.6095990594       -0.6225104634        1.6889630383
        1.6805037813        0.0628362984        0.1045515358
       -0.8399055121        0.4774567005        0.2180347203
        0.2708679486       -0.1320974218       -1.4689361928
       -1.7319887856       -0.0084706189       -0.9087007132
        0.9647498637        1.3617481330        0.8744357803
       -0.6412934139        1.3213790856       -1.3982822512
        0.5871613093        1.4078828073        1.4187605983
       -1.0902509946       -0.6629158943        1.4487978980
        1.2490771191        1.0922208357       -0.7919718916
        0.8253039360        1.6979578551       -0.4613255977
        1.6854991313        1.5758248067       -0.7698602989
        0.0262379999       -0.0778607191       -0.2844875223
        1.5855697513       -0.4177747725        0.3036170969
        0.3277669131       -1.3704450332       -1.3514122461
        1.6122655669       -1.5169401638        0.6480904895
        0.9286696987       -0.4644381881       -1.6334223524
       -1.3951798846        1.1445491209        1.6620778046
        0.0758238603        0.6851908906       -1.2391087912
        0.3542724187       -1.0586944566       -1.3618788584
        0.4839130979        0.6203851826       -1.4445504593
       -1.1316304544        0.7833533944        1.0411586293
       -0.2580335988       -1.5174768270        1.3907486850
        0.7380018130        1.2246503549       -0.8917418701
       -0.9215588514        0.0483871294       -0.4624394225
        1.0315811937        0.5247665570        1.3993891364
        0.8260994079       -1.0754541240       -0.8078346716
        0.1933725535       -1.4647406329       -0.9259354670
       -0.8213963867        0.0339355133       -0.7641350849
        1.1456185742       -0.5831567467       -1.1916878406
       -0.9932821285        1.3714622528        1.0024208144
        0.5909869052       -1.7167506567       -0.0434605538
        1.3295294843       -0.6013812910       -1.0161556520
       -0.8044856301        1.5789219566        0.2808054470
       -1.3713171143       -1.4630962085        0.8953373382
        1.3286505975       -0.3497560249        0.5745548870
        0.9426464898       -0.6130925375        0.2309303259
       -0.7128369855       -1.2297398840       -0.5070800535
       -1.3936850202        1.6762715218       -1.1719726437
       -1.4529379270       -0.4429682551        1.5554426697
       -1.4970240297       -1.2555067197       -1.3495199579
       -1.2499404637       -0.0088547507       -0.1927342635
        0.8569407322       -1.7036289932        1.7228674164
       -1.4371792434        0.2261028510        1.2257377830
       -1.4343211015        1.0039911556        0.8331553147
       -1.2917633738       -0.2720808983        0.1488111530
       -1.2225950761        1.4503969686       -1.4079948756
        0.8913870289       -0.1517778661        1.2374114556
       -1.2351680605        1.4933707950        1.6667504382
        1.0790489645       -0.6976912372       -0.0373863219
       -0.2495263667       -0.0612151752       -1.4416387593
       -1.1151461203        0.5090185924        1.1375842943
       -1.5411497550       -0.0123174866       -0.8980661677
       -0.1227737814       -1.5712703729        0.3200087488
        0.4403849577       -0.4336824515       -1.4585007939
       -0.7073430398       -0.9195453647        0.6251658744
        1.1088662409       -0.4311644297        1.0481386077
        0.2856146423       -0.5950891570       -1.3518067922
        0.1345740628       -0.0052700227       -1.3627663898
        1.3255928363        1.4560279614        0.8041192165
       -0.1126562258        0.5426527943       -1.1960403839
       -0.6184902022       -1.2835782273        0.3868290840
       -0.5870511831       -0.6823171129        1.7277202540
        1.3712711168        1.5194772508       -1.0398147525
        1.4521785014        0.4970472000       -0.8020984322
       -1.2959066983       -1.5273707443       -0.6140390195
       -0.9673952122        1.6945705622       -1.3370381152
       -1.6065420725       -0.3381944062       -1.2419296141
       -0.3203160650       -1.6959318234       -1.1422009938
        0.4822731063        0.7944993645       -1.5408051118
       -1.1775141323        0.7412425511        0.1334743574
        1.6013132572       -0.7324158175        1.4816498764
       -0.6687817720        0.4909861794        1.1541490269
        0.3309398027       -1.5271313299        0.3867368148
        1.2931197456       -1.4945450884       -0.3166892641
       -1.0216156226        1.7044952446        1.2632700943
