          98
Energy of minimum      1=    -543.6653608     first found at step      387 after                79136 function calls
LA        -1.1148713639        1.9673924329       -1.2857466372
LA         0.1285702664        1.0848626718       -2.3607749875
LA         1.8299658595        0.7160367068       -1.7044741770
LA        -0.8579706869       -2.3635632121       -0.6664616171
LA        -0.6534870955        2.4786612011        0.4426165139
LA        -2.0979811064       -1.4834685743        0.4056009038
LA         1.8287799785       -0.6827901722        1.7193245474
LA         2.5813916187        0.1901296839        0.2588116041
LA        -1.0993794250        1.9614910629        1.3079118106
LA         1.0526159823        2.1088153956        1.1007327085
LA        -2.3133761422        0.5773016595        1.0400618632
LA         0.6114243007       -2.0708085781        1.4507333797
LA        -0.5906745856        0.2647865209       -2.5194656261
LA         1.0941232903       -0.1613693542        2.3544786225
LA         2.2926271815        1.2287205391        0.0286704831
LA        -0.1232322094       -1.5493878059        2.0858874449
LA         0.6067237903        1.5916453504        1.9660280524
LA        -0.1032765451       -1.4882285617       -2.1310149490
LA        -1.8246286177       -1.1805625137        1.4295867427
LA         0.9047322471       -1.7067434085       -1.7421829523
LA         2.1187298202       -0.3225542710       -1.4743330167
LA         0.1500381184       -2.5820778548       -0.2776296860
LA        -1.8341160614        1.1473161758       -1.4444371953
LA        -2.5867283433        0.2743956453        0.0160758744
LA        -0.0440032537        1.8099556872       -1.5367551646
LA         1.4904421894       -1.5128330077        1.0627374116
LA        -0.9820095742       -1.5952964521       -1.4595131932
LA         0.0286711105       -0.4753444318        2.3265248411
LA        -1.6926253897       -0.1022052734        1.6625478940
LA        -2.2365237315       -0.7049078814       -0.3749114558
LA        -0.4644292120        1.2981740493        1.9335307972
LA         2.2518565924       -0.6297032973       -0.4148582205
LA         1.6772925548        1.4368159040       -0.8727780553
LA         0.4227776278        2.3272046855        0.2118234976
LA         1.0236596869       -2.0300824287       -0.6858411395
LA        -1.4751086225        0.1782223897       -1.8525071913
LA        -2.1781560851        1.2399360469       -0.3813326392
LA         1.2585269099       -0.7000440594       -2.0864487094
LA         1.4224425343        0.8232302307        1.9303287099
LA         0.2458922188       -0.4805263652       -2.4770650242
LA        -0.9507520321       -1.8826662001        1.4067190704
LA        -0.2127241333       -2.4064798513        0.7686502137
LA         1.8703808990        1.3427736765        1.0610623213
LA        -1.9035495748        1.5442322882        0.6473525442
LA         2.1604707440        0.2994165550        1.2922597953
LA        -1.4556106778        2.0637757967       -0.2219138303
LA         0.9684378331        0.3433133221       -2.3176459700
LA        -1.2253590505       -2.1869625644        0.3780339617
LA         0.6628205317        1.7968995145       -0.7084822429
LA         1.5364162423       -1.3451395875       -0.0122379630
LA        -0.6861333372        0.2323098077        1.9092873916
LA        -1.5131033836       -0.6840695902       -1.1885672429
LA         1.2580406277        1.5645441077        0.1707337098
LA        -1.8361395937        0.2715332451       -0.7838849689
LA         1.3924158106       -1.0200962524       -1.0393249461
LA        -0.8143169011       -0.8159812219        1.6524760517
LA         0.6638602055       -1.8651140778        0.3745044290
LA         0.3608761469        0.5239641019        1.9117647410
LA        -0.6357641977       -0.5804303099       -1.8216802507
LA        -1.2861370472        0.8810004213        1.2764419615
LA        -0.3889722056        1.9215805811       -0.4645889953
LA         0.8114034710        1.0696168843       -1.5023842248
LA        -1.3643198838       -1.4254484684       -0.4078506575
LA         1.8390536364       -0.5251688245        0.6337930774
LA         0.7550478792       -0.9881876793        1.6845716253
LA        -0.7550470748        0.9881880154       -1.6845716566
LA        -1.9529126523       -0.4011610785        0.6399964663
LA         0.0207013991       -1.8019291746       -1.0663096184
LA         1.9529126380        0.4011607600       -0.6399963643
LA        -0.0207022240        1.8019290620        1.0663095854
LA        -0.0774714246       -1.3365538001        1.0076170573
LA         0.3779846212       -0.7941897343       -1.4262049400
LA        -1.5540457457        0.5770642983        0.2441492490
LA         0.8089262963        1.0380011024        1.0372377705
LA        -1.1094395214        1.0927425847       -0.6186499960
LA         1.5414638252        0.5180843978        0.4039159739
LA         1.0951546410        0.0235208902       -1.2679721457
LA         1.0968578340        0.0024062708        1.2667151935
LA         0.0900536072        0.2414052390       -1.6556823779
LA        -1.0825726127       -1.1186697598        0.6199069483
LA        -0.3500354100       -1.6385863957       -0.0134148464
LA        -0.8368760495        1.3947750707        0.4023820497
LA        -0.0568666041        0.9548422102       -0.8496397962
LA         0.9326011250        0.7403469868       -0.4679600084
LA         0.2114574608        1.2521769537        0.1555110903
LA         1.2212714142       -0.2979057504       -0.2378936746
LA        -0.2342897122        0.7351753129        1.0205247128
LA        -0.7758771029        0.1350329019       -1.0082787257
LA         0.7835807886       -0.8055630121        0.6114856786
LA        -0.4924244109       -0.8844544799       -0.7823705869
LA         0.0491633659       -0.2843119501        1.2464329086
LA        -1.2135679688       -0.3726244896       -0.1588993687
LA        -0.9403046742       -0.0698168770        0.8647531203
LA         0.5152562847       -1.1028978999       -0.3936653123
LA         0.4930622226        0.2229120881        0.3873083488
LA        -0.5006590319        0.4383292624        0.0039878665
LA         0.2235845154       -0.0757008851       -0.6221633645
LA        -0.2159876561       -0.5855403300        0.2308670959
