          38
Energy of minimum      1=    -173.9284266     first found at step      185 after                19065 function calls
LA         0.0854668463       -1.5794777599       -0.7475209947
LA         0.4364357571       -1.6671569940        0.3015850194
LA        -1.2547818677        1.0212622951       -0.6658734312
LA         1.5524611396        0.7959158437        0.1312358951
LA        -0.4374856935       -0.4117656462       -1.6431364110
LA         0.6120170590       -0.6739539174        1.4940091039
LA         0.2063303676        1.3198490611       -1.1297199523
LA         0.9065642163        1.1449159901        0.9634054778
LA        -1.7261466875        0.2845406831        0.0171688300
LA         1.3768795089       -0.1972875124       -1.0611884207
LA         0.4374849235        0.4117671277        1.6431361145
LA        -0.5545468167        0.8463283585        1.4272516270
LA        -1.2031940340       -0.8831703581        0.9127838109
LA        -0.0854673924        1.5794773880        0.7475209399
LA        -0.6120166646        0.6739553860       -1.4940082667
LA        -1.3768798655        0.1972860956        1.0611879142
LA        -0.2063286083       -1.3198491931        1.1297200690
LA         0.5545453971       -0.8463287910       -1.4272520228
LA        -1.5524608975       -0.7959157004       -0.1312354866
LA        -0.4364352351        1.6671566180       -0.3015854546
LA         1.2031950811        0.8831690803       -0.9127834886
LA         1.2547814562       -1.0212617853        0.6658738832
LA        -0.9065642888       -1.1449151525       -0.9634056742
LA         1.7261462260       -0.2845406465       -0.0171689375
LA         0.3803666853        0.2359756253       -1.2728568950
LA         0.9020538351       -0.9289112994       -0.3794077710
LA         0.5555233940        1.2267758742       -0.0833167877
LA        -0.5555230606       -1.2267761332        0.0833168251
LA         1.0772105349        0.0618895983        0.8101322556
LA        -0.3803665257       -0.2359758259        1.2728568920
LA        -0.9020541278        0.9289108879        0.3794075446
LA        -1.0772107358       -0.0618889199       -0.8101321104
LA        -0.2598156428        0.5801480633       -0.4449640669
LA         0.7259165124        0.1483454163       -0.2304505202
LA         0.0872330860        0.4934478482        0.5924260407
LA        -0.0872332287       -0.4934478481       -0.5924261494
LA        -0.7259164910       -0.1483456861        0.2304505042
LA         0.2598158378       -0.5801480715        0.4449640943
