          98
Energy of minimum      1=    -543.6653608     first found at step       17 after                 4536 function calls
LA        -0.1411316824       -1.1774616229       -2.3152500016
LA         1.3031567451        2.0124047990        1.0093195350
LA        -1.9011397459        1.2938007806       -1.2159209185
LA         2.0052834974       -1.4057585667       -0.8771525492
LA         0.3758446637        0.9251375712       -2.4019945225
LA        -0.8507832681       -0.6713185728        2.3647866180
LA        -0.1811118390       -2.5911437742       -0.1410275538
LA        -0.8282182485       -2.2662235639       -0.9721117022
LA         0.2078984156        2.5623470898       -0.3973304136
LA         0.9323621450        2.1542656602       -1.1209619221
LA        -1.4073005392       -1.9004468218        1.0837539433
LA         0.6160703019        0.9236426028        2.3524578591
LA        -0.6783332635        0.6050099923       -2.4373230028
LA         2.1562689831       -0.8182785009        1.2031793717
LA         2.5633401106       -0.1732303712        0.4074238850
LA        -2.2604124172        0.9302362602        0.8898937847
LA        -1.1681756270        0.3818106215        2.2926627390
LA         0.9334628818       -0.1294865437        2.4245818998
LA         0.9130462055       -0.8573340142       -2.2799212625
LA        -1.5714253287        2.0220101878       -0.4569609424
LA        -2.0544072678       -1.5755266102        0.2526700734
LA        -2.5901267224        0.2020269714        0.1309336080
LA         2.0276204893        1.6043231132        0.2856880715
LA         1.5982120630       -2.0508068276       -0.0813973016
LA         0.2748315490        2.2615912491        0.6701976272
LA        -1.6393614984       -1.5323524226       -0.7770985673
LA        -0.3517916339       -2.1788569046        0.8765372268
LA         1.7163214447        1.4496180287       -0.7696363248
LA        -0.9442382815       -0.4308555903       -2.1359471210
LA        -0.4202914769        1.1600946789        2.0290462246
LA         0.2112351153       -0.9353520304        2.1725535859
LA        -2.1813469296        0.2659917228       -0.9002587952
LA         1.1532946853        0.2061132438       -2.0656526355
LA        -1.5253032895        1.7149343195        0.6098696594
LA         2.2583066938       -0.3487261572       -0.6464763857
LA         1.4483432996       -1.6322000931        0.9368650882
LA         0.7274360134       -2.3141289825       -0.7367930331
LA        -0.6386697145        2.2187022669       -1.0472254659
LA         1.8153498339        0.0886449765        1.7674465003
LA        -2.3130553413       -0.6412265344        0.8159794180
LA         2.2242889706        0.7366529923        0.9680390536
LA        -1.9818279850        0.0903244076        1.5784227097
LA        -1.6629792111       -0.9676378717        1.6508775696
LA        -0.9698972969        1.4871512380       -1.8096685391
LA         1.1363756812       -1.6661207096       -1.5362001967
LA         0.0891184763        1.8087480987       -1.7741780061
LA         1.4965009034        1.1466073827        1.6949916406
LA         0.0773600527       -1.9877177085       -1.5716912895
LA         1.6531038203        0.4213432845       -1.1224273264
LA        -1.5360900698       -0.5471367883       -1.2293065356
LA        -0.5386088876        1.6559075676        1.0667688849
LA         0.4215949337       -1.5301139448        1.2849645885
LA        -0.6124285279       -1.2452138933        1.4608175986
LA         0.8717503011        1.1066258732       -1.4405016841
LA         0.4714068390        1.3968167712        1.3734239794
LA        -0.7307285589       -1.2582285606       -1.3937398916
LA        -1.2510426145        0.8737510689        1.3156997199
LA        -1.2493246321        0.4625075517       -1.5115850002
LA         1.3903461596       -0.6141102199       -1.3226564373
LA         1.1100211661       -0.7221484267        1.5185419303
LA        -1.9144491953       -0.5914535613       -0.2113782665
LA         1.9290749230        0.5757302512       -0.0825705130
LA        -0.5859180333        1.9277121885        0.0154927073
LA         0.5712921205       -1.9119890217        0.2784558536
LA        -0.1039076682        0.1117042533        2.0883297287
LA        -0.9896667074       -1.8445895323        0.0494241701
LA         0.9896666859        1.8445895994       -0.0494241670
LA         0.1039076936       -0.1117041077       -2.0883293046
LA        -1.8423235544        0.9845835954       -0.1443326627
LA         1.8423234889       -0.9845836552        0.1443325058
LA        -1.5759740612        0.1380478829        0.5521941467
LA        -1.2594973866       -0.9120434139        0.6241099749
LA        -0.9307343108       -0.1859349525        1.3808810703
LA         0.7904490890        0.3367461585        1.4385629024
LA         0.1397984346        1.5104385355       -0.7118301634
LA        -0.1889647279        0.7843300627       -1.4686012080
LA         1.1963458527        0.9799333101        0.6451027726
LA         0.9744899157       -1.2591239103       -0.5221557744
LA         0.3292500340       -0.9351412194       -1.3508426350
LA        -0.0766469493       -1.5783283729       -0.5573825099
LA         1.5128226569       -0.0701581388        0.7170184866
LA        -0.9113385200        1.1912340935       -0.7470568226
LA        -0.4696173152       -0.2216112060       -1.1692704944
LA         0.5842173492        0.0984125630       -1.1339533868
LA         1.2194209728       -0.2205310297       -0.3181559182
LA        -1.1807551659        0.1789638882       -0.4589489979
LA        -0.8692008931       -0.8547942632       -0.3881517684
LA         0.9078667816        0.8132271865       -0.3889531826
LA         0.1836391296        1.2211755447        0.3344430741
LA         0.8124823168       -0.8653688744        0.4773406829
LA        -0.8511482757        0.9069359235        0.2997642885
LA        -0.2223051935       -1.1796084391        0.4426619464
LA         0.1013444705       -0.4647937107        1.1876623683
LA        -0.2159444660        0.5879925609        1.1155619679
LA        -0.1373816098        0.4986052846       -0.4187206175
LA         0.5005525828        0.1782908457        0.4005837658
LA         0.1755118733       -0.5395965579       -0.3476190579
LA        -0.5386828799       -0.1372995055        0.3657559714
