          98
Energy of minimum      1=    -543.6653608     first found at step      575 after               149442 function calls
LA         1.4962133080       -2.0673546018       -0.5040903597
LA        -1.7532946388       -0.6786776170        1.7977962821
LA        -1.7667878950        1.7238802017        0.8206181193
LA         0.0934002204       -1.5634207679       -2.0769469408
LA         1.3228839987        0.7199487093       -2.1209355959
LA        -2.5023811890       -0.2796964703       -0.6531272326
LA         2.3209659632        0.6940602711        0.9476885547
LA         1.0479725385        2.2896766694       -0.6525727902
LA         1.4504163552       -1.0556941924        1.8837512434
LA         0.1771743122        1.9068945603        1.7604196500
LA        -0.6175620002       -2.3309481561        0.9757115187
LA         1.9314145978        1.6317646750       -0.6113082868
LA        -1.2690010262        0.6413313057       -2.1783125940
LA         0.4840296838       -2.5037191890       -0.5136366208
LA        -2.1128300203       -1.2174010169        0.9058701018
LA         1.1055837141       -1.1270559025       -2.0674007031
LA        -2.3736396997        0.8145798443       -0.6848439234
LA         0.4394418077        1.3778606019       -2.1621997299
LA        -1.5359949134        1.1683273651        1.7442612697
LA         1.6683174716        0.7964201857        1.8300679401
LA         2.1030645402       -1.1580543993        1.0013717365
LA        -0.2580264858       -1.7922243059        1.8676373305
LA        -0.0536185746        2.4624470010        0.8367763809
LA        -1.3977421672       -0.4529449559       -2.1465956065
LA        -0.4783174360        1.0642454671        2.0683533675
LA        -1.4135380419       -1.8762791416        0.3478194078
LA        -0.9375343678        2.1696468984        0.2305495216
LA        -0.6981585995       -0.8043623351        2.1225143996
LA         0.1769410945        1.9948553865       -1.2762193578
LA        -0.2990619745       -2.0510709189       -1.1589486045
LA         1.9347554526        0.6857860672       -1.1941149275
LA        -1.5514841724        1.2497113543       -1.2925208616
LA         1.7149136337       -1.1828219963       -1.1399539314
LA         1.0302665288       -0.0592173905        2.1388165195
LA         2.3288631942       -0.2628862737        0.3831168073
LA        -1.8076454158       -0.9276070473       -1.2294122859
LA         0.9902130081        2.2865837977        0.4671539029
LA        -0.3254295405       -0.5902696328       -2.4439511385
LA         0.7972745251       -1.8821540774        1.4996897277
LA        -2.1177014863        0.2886688754        1.3635362726
LA        -2.4788865646       -0.2525267771        0.4675168017
LA        -2.3495539786        0.8467713005        0.4356545011
LA         0.4360891139       -2.4233505378        0.6036708154
LA         0.6913989373       -0.1519023722       -2.4343607997
LA         1.2220652861        1.7284821565        1.3950361724
LA         1.4529178239       -1.9849836975        0.6132607869
LA        -0.1960975329        0.5090286207       -2.4758140921
LA         1.8777091335        1.6256525179        0.5086075419
LA        -0.0471339346        0.0646891892        2.0405191953
LA        -1.1348320097       -1.5651070331       -0.6578154830
LA        -0.7453512440        1.7453962460       -0.7537694877
LA         1.9273176222       -0.2449784348       -0.6289343476
LA         0.3712087568       -0.8996460789        1.7642151340
LA         1.6843801969       -1.1056005097       -0.0111898357
LA        -0.7292995266       -1.0758622293       -1.5395637537
LA         1.8947345479        0.6823668761       -0.0630135633
LA         0.5815628549        0.8883212086        1.7123913776
LA         0.1171913950        2.0061288222       -0.1460393621
LA         1.3072802126       -0.1978686775       -1.5203554906
LA        -0.4702631370        1.1258932413       -1.6033810789
LA        -0.3521996152       -1.9835940453       -0.0303980693
LA        -1.7956799310       -0.9086138617       -0.0978207044
LA        -1.5366432907        1.2931415694       -0.1616377151
LA        -1.0722717532        0.1753335793        1.6967928532
LA        -0.7037236510        1.6073478106        1.1426281955
LA        -1.0495807643       -1.3323644430        1.2278348272
LA         1.0495807149        1.3323644912       -1.2278351174
LA         0.7037235496       -1.6073481626       -1.1426280189
LA         1.6695949082       -0.1600957820        1.2534814759
LA        -1.6695947998        0.1600961406       -1.2534813083
LA         0.0126925363       -1.4365044260        0.8625335569
LA         0.3512624196        1.4412681163        0.7791220047
LA         0.4150058384        0.4596153111       -1.5569824583
LA         1.0020283535        1.3392038235       -0.1007119948
LA         0.2866356433       -0.6315044032       -1.5253566012
LA        -0.5942580095        0.0245098074       -1.5665014655
LA         1.0219564628       -1.0013988977        0.8720526376
LA         0.6634583759       -1.5385689000       -0.0173003686
LA         1.2321561148        0.7852541663        0.8202669536
LA        -1.6598544361        0.1916351481       -0.1258181030
LA        -1.4297266535       -0.3623147362        0.7951607356
LA        -1.3013564278        0.7288049263        0.7635350184
LA        -0.1178577396       -1.1044852727       -0.6348754632
LA         0.1372155068        1.0635829620       -0.6977164668
LA         0.8939963440       -0.6682630724       -0.6253320320
LA         0.5944822876       -0.0371219088        1.1322799165
LA         1.0203699132        0.4058852568       -0.6564659992
LA         1.2469183343       -0.1394482825        0.2501879525
LA        -0.7585017147       -1.0040083869        0.2312734410
LA        -0.9850500920       -0.4586747844       -0.6753804781
LA        -0.8563503991        0.6352451839       -0.7070874238
LA        -0.3990836144       -0.4654599134        1.1229089181
LA        -0.2727101390        0.6086884025        1.0917750363
LA        -0.5034284251        1.1640598776        0.1684325958
LA         0.2428813730       -0.5687574904        0.2456245243
LA         0.0153591430       -0.0210797408       -0.6649267370
LA         0.3697981562        0.5100081938        0.2143567605
LA        -0.6280387759        0.0798290640        0.2049455260
