          38
Energy of minimum      1=    -173.9284266     first found at step      155 after                15703 function calls
LA        -0.7105667104       -1.0080552913       -1.2408711412
LA        -0.0833547777       -1.7474611930       -0.0165179605
LA         1.5757357197        0.6284932629       -0.4276613501
LA         0.0833547806        1.7474612610        0.0165177042
LA         1.1797391475       -0.7459176220       -1.0548283788
LA        -1.1797393596        0.7459175574        1.0548285649
LA         0.7105665548        1.0080551193        1.2408711491
LA        -0.0584555639       -0.7119221196        1.5970570015
LA        -1.5757354668       -0.6284934077        0.4276611512
LA        -1.3159344961        0.7704915189       -0.8576129258
LA         1.3159345338       -0.7704915046        0.8576127904
LA         0.0584557538        0.7119218983       -1.5970568900
LA         0.8267376308       -0.0540025547        1.5409184510
LA        -1.0841549470       -1.3484739469       -0.2589733102
LA        -0.4307417215        1.4284115253       -0.9137522991
LA         0.2902332801       -1.4070432423       -0.9984161019
LA         0.4307416857       -1.4284114848        0.9137520731
LA        -0.8267374131        0.0540023383       -1.5409182574
LA        -0.2902334687        1.4070433175        0.9984160775
LA         1.0641323974        0.3109902252       -1.3534207654
LA         1.0841550006        1.3484737535        0.2589730941
LA         1.6913432290       -0.4284146034       -0.1290694403
LA        -1.0641322332       -0.3109904601        1.3534207464
LA        -1.6913432967        0.4284146346        0.1290693782
LA        -0.8008609186        1.0835657314        0.0709569394
LA         0.5702046770        1.0251377855       -0.6666983745
LA         1.1958992279        0.2875205241        0.5546930479
LA        -0.1751662219        0.3459482513        1.2923483787
LA        -1.1958991619       -0.2875204857       -0.5546930011
LA        -0.5702045652       -1.0251377493        0.6666982354
LA         0.1751661719       -0.3459482849       -1.2923480938
LA         0.8008607178       -1.0835654630       -0.0709569124
LA         0.1967407720        0.6828415204        0.3115922122
LA        -0.3116144245        0.3673553127       -0.6082888997
LA        -0.6828311315        0.0290988681        0.3673741717
LA         0.3116144036       -0.3673550682        0.6082890722
LA         0.6828310877       -0.0290986277       -0.3673740113
LA        -0.1967408934       -0.6828412966       -0.3115921260
