50.000000000000000     50.000000000000000     50.000000000000000
49.392947957350614     49.869540550618979     49.556725222859932
49.350311755884121     50.175629674295372     49.020780536598011
48.933579402154365     50.396757548496737     49.293615653197449
50.697507490970779     49.940448352640573     49.833305118410337
48.473562855447966     50.351281979092093     48.789017124872586
48.055182787983227     49.894799542589233     48.432946063272666
48.578763027900322     49.599752738424087     49.030798951421275
49.408536952022402     49.280710705559905     50.049116012307422
48.624739572136463     49.101439937553273     48.522162978535043
49.918472688737396     49.783145613953899     48.824840070039130
48.714934045697291     49.518070939293160     50.185946715811724
48.956984417371046     50.008268047628896     48.747731872238148
50.721738688973026     49.487335240502709     49.492288420739108
49.257358221076444     49.283852397097405     48.665701195101107
48.656000796320747     49.791420185144375     48.260443363573714
48.236298255847323     49.657567348934819     50.397712963372925
49.463299882514690     49.001438108368980     48.246326050949342
48.342224367694001     49.572724328435697     49.746781272066244
51.028667986050060     49.164165000882939     49.085954777451683
48.408325448994496     50.746347348868497     49.582755380792136
49.491452543260252     49.882828222895974     48.160213455683859
49.149616447848189     48.620233090538072     48.187729798050739
49.942085377204791     50.693578868796379     49.633150423738179
49.005683233938989     48.549776221405516     47.644801521318904
49.662091050802012     49.416244561823774     49.049860772911671
50.051923696285272     50.433275679317553     48.972581925432038
49.433921159295480     48.534595594958802     48.869652815476691
49.971664963005367     49.306739182825595     49.839673131544657
51.206264403672158     49.520350622070985     48.687998438474573
49.435973712317981     50.503933803436055     48.110382630408829
47.445569639106246     49.465021374608966     48.674944569981029
48.101298291901507     49.362602439286185     49.341032215217034
51.090871300505214     50.066516041785739     48.838679384715292
49.058155065212738     48.563271649535821     49.468726331777610
51.382966779098226     49.808720091536237     48.031186237298925
48.419685418484164     48.563876217679827     47.949975800617430
50.484669137044079     48.868265147630886     49.751539023848785
