          98
Energy of minimum      1=    -543.6653608     first found at step      336 after                78861 function calls
LA         0.9864847200        1.6680694943        1.7352545452
LA         2.4434902812        0.6337037890       -0.6280853336
LA         0.7031767761       -2.4799451560        0.3494707150
LA         0.2623348027       -0.1909833790        2.5809730623
LA        -0.2142944974       -1.8286086153        1.8376572057
LA        -2.5196520673        0.3530588361       -0.5416822408
LA        -1.6047120209       -0.2964808184       -2.0257628445
LA        -2.0185846505        0.5050964899        1.5610605891
LA         1.9655417813       -1.0084523869       -1.3734577133
LA         1.3104698599        2.0991759291       -0.8017756997
LA        -0.8456984260        2.3113722182       -0.8420614823
LA         0.3558916477       -1.1806058083       -2.2904645632
LA         0.7684047494        2.4840019553        0.0774826449
LA        -2.2372681395        1.3232862721       -0.1012973353
LA         2.0947458923       -1.4918593038       -0.3912943746
LA        -0.7802629442        0.2889205478       -2.4646360776
LA        -1.1679473749       -1.9306029019        1.2943672656
LA        -0.4685572807       -1.7660071096       -1.8515909209
LA         2.5726943601        0.1502966393        0.3540779669
LA         1.6577541258        0.7998363145        1.8381593133
LA        -2.3009682288       -0.4651310152        1.1206757372
LA        -0.2504762206       -2.5819393648       -0.1938189798
LA        -0.4089347143        0.6772496856        2.4780682490
LA        -0.3036332950        1.9265461771       -1.7213197253
LA         1.8925385376        0.0987506441       -1.4310970575
LA        -0.3322992070        2.3470649284        0.1426706888
LA        -0.1116684642        1.5215888924        1.8198323683
LA         0.7417745207       -1.8627434520        1.2725754822
LA         0.7462660932        1.5813635714       -1.6068190723
LA         1.2239786120       -0.2059639091        2.0245856159
LA        -1.7401451144        1.3474219606        0.8920992149
LA        -2.3020136724       -0.5830720283        0.0158504519
LA        -1.3763723240       -1.2402088844       -1.4855882216
LA         0.2640616078       -0.0754162867       -2.3588293353
LA         2.1496201183       -0.8631006515        0.5231462392
LA        -1.1557407044       -2.0656845546        0.1915735606
LA         2.1402216453        1.0535133392        0.8583600189
LA        -1.5381322951       -0.9805189135        1.7606679697
LA         0.2504474155       -2.2502778844       -1.1405022842
LA        -1.1362163827        1.2026029954       -1.9209315652
LA        -1.2544530039       -0.0058388629        2.2030737339
LA        -1.9644490678        0.6145152157       -1.4800442400
LA         1.4658717453        1.9257310600        0.7549830594
LA         2.0104245782        1.5391390490       -0.1283105244
LA         1.0786798445       -1.6621900786       -1.5813898692
LA        -1.6807691115        1.5891951799       -1.0376383184
LA         1.2084769277       -2.1478155821       -0.5947192806
LA        -0.5801028753       -0.8780563166        2.3064511916
LA        -1.5583920496       -1.2536975981       -0.4120456304
LA         1.3266853122       -0.9451356810        1.2315639383
LA         0.9358056111        0.5173113526       -1.7397647806
LA        -0.7040988115        1.6815218451        0.9202465714
LA         1.7240253712        0.0485160927        1.0416323301
LA         0.3733877214        1.7954582861        0.8345809708
LA         1.4640584190        1.0211630345       -0.9345444278
LA        -0.0941412182        0.8545121586       -1.8222404723
LA        -1.5418768041       -1.1132057711        0.6655843889
LA        -1.1848118336        1.6288073554       -0.0531153892
LA        -0.6561818459       -1.7419835645       -0.7710592025
LA         1.2626304406       -1.5367645458        0.3220752633
LA        -1.7529867525       -0.3233536298       -0.9391988259
LA        -0.9737022070        0.8389551232        1.5516675961
LA         0.3769353993       -0.9079868245        1.7587191647
LA         1.0026633153       -0.5641178753       -1.6541013360
LA         0.2057548607        1.9525545937       -0.7277285117
LA         0.5528537277        0.6539077196        1.9107986888
LA         2.0090821411       -0.3799063522       -0.4512806000
LA        -2.0090821695        0.3799063940        0.4512799276
LA        -0.5528540127       -0.6539077389       -1.9107984387
LA        -0.2057543989       -1.9525541889        0.7277288781
LA         1.0462526970        0.9193188139        0.9316004231
LA         0.9174214338        1.4013315983       -0.0477296360
LA         1.5867542894        0.5356028387        0.0548783241
LA        -0.6396326721        1.2348032141       -0.9347733073
LA        -0.9212021062        0.2673745799       -1.3738879642
LA        -1.2507491036       -0.1381809148        1.1064371542
LA        -1.4617036130        0.6510905955       -0.4971661580
LA         0.1747962834       -1.1502124585       -1.2058723023
LA         1.1256984390       -1.0485124961       -0.6641497283
LA        -0.2998470295       -0.0364809354        1.6481599908
LA         0.3036277295       -1.6322250589       -0.2265422508
LA        -0.5814161535       -1.0039095061        1.2090454500
LA        -0.5901348152       -1.1277189249        0.1297505015
LA         0.3632076336       -1.0257580225        0.6728633782
LA        -1.2490569258       -0.2754558542        0.0287381911
LA        -0.7169623510       -0.6532035823       -0.8343470859
LA         0.1072182008       -0.0679928991       -1.2730774963
LA        -0.9667650102        0.6944555431        0.4689797455
LA         0.6403974000       -0.0733768882        1.1051481214
LA        -0.0306531680        0.7945736344        1.0022766740
LA         1.0433301181        0.0321251614       -0.7397808084
LA         1.1724920526       -0.4511245721        0.2420625668
LA         0.3844081460        0.8843884530       -0.8407928369
LA        -0.1574805191        1.2690891954        0.0381790839
LA         0.2294388149       -0.5479432585       -0.2998730364
LA        -0.3049430899       -0.1685717279        0.5669225135
LA        -0.4323156610        0.3079834899       -0.4013193655
LA         0.5078202043        0.4085318758        0.1342699256
