#nfuncalls success energy rms maxgrad maxgrad_component time
228 1 -164.285083 0.00244917 0.00956405 0.00779284 0.02
258 1 -163.325661 0.00226393 0.00782406 0.00754489 0.03
262 1 -163.815459 0.00196402 0.00956262 0.00924595 0.03
265 1 -164.828645 0.00239415 0.00913857 0.00570855 0.02
328 1 -167.701633 0.00278708 0.00899359 0.0127734 0.03
162 1 -168.289053 0.00204918 0.00895109 0.00464072 0.01
346 1 -169.070948 0.00174626 0.00845003 0.00514837 0.04
505 1 -167.731468 0.00243429 0.00901563 0.00968062 0.05
271 1 -166.691707 0.00222134 0.00818068 0.00707447 0.02
201 1 -163.659062 0.00159956 0.00662212 0.00510613 0.02
178 1 -166.746582 0.00225992 0.00922831 0.00611358 0.02
244 1 -159.088297 0.00222606 0.00849447 0.00691064 0.02
313 1 -170.652339 0.00190164 0.00854119 0.00465986 0.03
222 1 -166.366826 0.00173782 0.00662749 0.00586086 0.02
217 1 -167.564888 0.00240827 0.00959543 0.00757414 0.02
218 1 -167.332812 0.000913739 0.00605131 0.00297349 0.02
275 1 -163.133778 0.00148608 0.00690489 0.00574763 0.03
194 1 -154.607072 0.00212639 0.00672375 0.00658147 0.02
314 1 -166.207809 0.00213466 0.00711357 0.0059383 0.03
255 1 -165.145915 0.00247722 0.0080847 0.00667029 0.03
255 1 -164.749618 0.00134821 0.00812428 0.00508158 0.02
314 1 -163.157211 0.00376026 0.00879051 0.0178061 0.04
213 1 -162.694215 0.00212859 0.00997966 0.00847921 0.02
258 1 -167.877856 0.00223067 0.00862781 0.00651567 0.03
218 1 -161.686936 0.00158055 0.00717336 0.00537328 0.02
307 1 -161.239921 0.002472 0.00739167 0.00626011 0.03
140 1 -164.377018 0.00181799 0.00864571 0.0076174 0.01
238 1 -165.932552 0.00191551 0.00680542 0.00619525 0.03
323 1 -160.881841 0.00258018 0.00943041 0.00798332 0.03
286 1 -165.211035 0.00184896 0.00714741 0.00735974 0.03
181 1 -164.911997 0.00147799 0.00940139 0.00558575 0.02
268 1 -161.701274 0.00205288 0.00700991 0.00704852 0.03
445 1 -166.457835 0.00237041 0.00722637 0.00847967 0.06
330 1 -165.247070 0.00246971 0.00720578 0.00755844 0.03
197 1 -163.592514 0.00240542 0.0084688 0.008307 0.02
309 1 -162.209018 0.00226567 0.00904188 0.00776941 0.03
439 1 -162.982129 0.00207511 0.00960319 0.00559839 0.05
325 1 -164.663225 0.0023232 0.00940949 0.00733542 0.04
273 1 -165.246044 0.000992367 0.00350768 0.00274455 0.03
189 1 -162.906200 0.00243343 0.00947551 0.00845579 0.02
418 1 -166.943296 0.00413542 0.00851953 0.0168613 0.05
243 1 -165.053331 0.00180135 0.00613836 0.00541006 0.03
283 1 -165.561812 0.00200036 0.00746799 0.0064291 0.03
175 1 -167.191464 0.00206659 0.0091763 0.00855731 0.02
181 1 -164.556940 0.00199297 0.00865513 0.00924604 0.02
237 1 -166.987430 0.00215626 0.0076494 0.00605901 0.03
200 1 -166.204392 0.00173398 0.00614699 0.00583148 0.02
269 1 -163.588260 0.00189453 0.00915884 0.0046913 0.03
475 1 -166.942696 0.00235008 0.00920931 0.00766869 0.06
176 1 -158.817673 0.00242392 0.00925667 0.00604568 0.01
198 1 -163.500233 0.00189835 0.00865582 0.00589878 0.02
245 1 -163.156193 0.00162436 0.00749018 0.00446728 0.02
285 1 -164.782657 0.00194329 0.00839393 0.0049001 0.03
260 1 -162.714787 0.00208205 0.00855407 0.00536738 0.03
346 1 -163.966581 0.00239986 0.0092667 0.00688847 0.04
306 1 -167.082982 0.00156899 0.00854921 0.00597174 0.03
279 1 -162.766004 0.00280009 0.00993296 0.0120297 0.03
216 1 -166.789741 0.00210348 0.0077418 0.00729773 0.02
322 1 -161.417575 0.00261496 0.00985968 0.00783778 0.03
200 1 -161.560180 0.00163007 0.00803325 0.00556715 0.02
180 1 -164.265836 0.00331378 0.00748127 0.0143555 0.02
176 1 -158.964472 0.00181225 0.00713461 0.00862789 0.02
281 1 -166.925014 0.00161835 0.00624881 0.0046182 0.03
205 1 -164.707676 0.0031277 0.00934219 0.00923456 0.02
511 1 -166.029622 0.00208319 0.00832529 0.00637104 0.06
269 1 -165.405522 0.00119591 0.00362049 0.00368649 0.03
222 1 -166.647997 0.00224675 0.00795027 0.00717517 0.02
359 1 -165.182445 0.00170744 0.00969899 0.00490235 0.04
188 1 -166.938068 0.00230961 0.00955595 0.00663725 0.02
272 1 -165.740445 0.00228208 0.00926333 0.00691646 0.03
312 1 -164.606168 0.00161464 0.00686367 0.00426973 0.03
405 1 -166.073313 0.00218951 0.00783967 0.00764636 0.05
349 1 -165.500362 0.00198541 0.00880584 0.00625522 0.04
171 1 -166.520254 0.00237038 0.00988883 0.0087761 0.02
424 1 -161.342952 0.00268791 0.00788215 0.00656133 0.05
313 1 -157.769196 0.00181875 0.00727103 0.00557932 0.03
176 1 -162.692434 0.00131822 0.0038579 0.0039622 0.02
297 1 -166.159949 0.00241207 0.0094162 0.00797347 0.04
188 1 -163.901092 0.00245519 0.009467 0.0106906 0.02
225 1 -163.849328 0.0020479 0.00917724 0.0062925 0.03
383 1 -169.424778 0.00233514 0.00730582 0.00804315 0.04
227 1 -165.063926 0.00174086 0.00817774 0.0063046 0.03
315 1 -167.033935 0.00246709 0.00922768 0.00845 0.04
190 1 -160.600500 0.00209019 0.005945 0.00686689 0.03
221 1 -160.535431 0.00126711 0.00671838 0.00347082 0.03
217 1 -160.688292 0.00318729 0.00991776 0.0126063 0.02
237 1 -161.232793 0.00153461 0.00883623 0.0045743 0.03
320 1 -166.070240 0.00192125 0.00748898 0.00495892 0.03
192 1 -164.899574 0.00234217 0.00841583 0.0072069 0.03
212 1 -166.600156 0.00180938 0.00652037 0.00764655 0.02
354 1 -163.685547 0.00374755 0.00896525 0.0178592 0.04
330 1 -162.352853 0.00172222 0.00600499 0.00512423 0.04
510 1 -168.945474 0.00228586 0.00669355 0.00703993 0.06
272 1 -164.367838 0.00330922 0.00985919 0.00993412 0.04
278 1 -162.939988 0.0016275 0.00726283 0.00477904 0.04
141 1 -160.012319 0.00249829 0.00987734 0.0107491 0.02
265 1 -165.910865 0.00287392 0.00911422 0.0119199 0.03
265 1 -168.269359 0.00247577 0.00874693 0.00886659 0.03
261 1 -167.414252 0.0018467 0.00656655 0.00632761 0.03
231 1 -166.267187 0.00215105 0.00903813 0.0103471 0.03
410 1 -164.534629 0.00274393 0.00922033 0.0081692 0.05
376 1 -163.655908 0.00159738 0.00847042 0.00628155 0.05
246 1 -164.978807 0.00257483 0.00852254 0.00641366 0.03
235 1 -160.584994 0.00169563 0.00736344 0.0053058 0.03
237 1 -164.039623 0.00242858 0.00893981 0.00922675 0.03
386 1 -167.003189 0.00197495 0.00602183 0.00651592 0.05
165 1 -162.147055 0.00200852 0.00869885 0.00587859 0.02
213 1 -162.624625 0.0020545 0.00885481 0.00617976 0.03
288 1 -166.186917 0.00280178 0.00832148 0.00830778 0.03
251 1 -161.884362 0.00170944 0.00999891 0.00543156 0.03
498 1 -165.447023 0.00215142 0.00829738 0.00779505 0.07
230 1 -160.073816 0.00228839 0.0079966 0.00785358 0.03
230 1 -164.987951 0.00168968 0.00859958 0.00583225 0.03
206 1 -162.882564 0.00251842 0.00983842 0.0067036 0.03
313 1 -170.724084 0.00137614 0.00805175 0.00346082 0.04
261 1 -164.626593 0.00269571 0.00954268 0.00775922 0.03
265 1 -169.773385 0.00282929 0.00973125 0.0118881 0.03
246 1 -163.113404 0.00164757 0.00844289 0.00588831 0.03
334 1 -165.449425 0.00310102 0.00991717 0.00814937 0.03
256 1 -154.726084 0.00188092 0.00825984 0.00512335 0.03
244 1 -166.234503 0.00232213 0.00978236 0.00812486 0.02
236 1 -163.170830 0.00237984 0.00782265 0.00626805 0.02
276 1 -160.537815 0.00164028 0.00702973 0.00529958 0.03
252 1 -164.864523 0.00111666 0.00462536 0.00312729 0.02
270 1 -161.101294 0.00222853 0.00852555 0.00741355 0.03
259 1 -164.710039 0.0032875 0.00879986 0.00898142 0.03
277 1 -169.547533 0.00255332 0.00898584 0.0078977 0.03
165 1 -165.084639 0.00115472 0.00520511 0.00371568 0.01
259 1 -168.135668 0.00270653 0.00870591 0.00786234 0.03
204 1 -161.118682 0.00198833 0.00720203 0.00576378 0.02
221 1 -167.681001 0.00166842 0.00841881 0.00513135 0.02
311 1 -169.843173 0.00244281 0.00888233 0.00801799 0.03
204 1 -165.550326 0.00265086 0.00869091 0.00696936 0.02
340 1 -164.685810 0.00210415 0.00910502 0.00787684 0.04
156 1 -163.165001 0.00235181 0.00987133 0.00666844 0.02
337 1 -165.632126 0.00235802 0.00971477 0.0082955 0.04
360 1 -165.355438 0.00174611 0.00650466 0.00829779 0.04
343 1 -166.041854 0.00264885 0.00988512 0.00843056 0.04
406 1 -163.950700 0.00210179 0.00782049 0.00763714 0.04
160 1 -164.638115 0.001874 0.00873086 0.00654815 0.02
220 1 -164.602360 0.0012393 0.00820656 0.00473635 0.03
272 1 -164.866853 0.00201189 0.00668353 0.00538384 0.03
273 1 -166.396586 0.00193674 0.0070267 0.00592813 0.03
437 1 -167.522973 0.00209005 0.00941173 0.00585242 0.05
272 1 -158.668695 0.00154401 0.00613435 0.00569131 0.03
231 1 -164.139874 0.00253535 0.00787904 0.00747588 0.02
303 1 -163.370697 0.00103766 0.00716549 0.00374586 0.03
364 1 -166.758048 0.00310733 0.00952042 0.0100512 0.04
288 1 -162.510282 0.00192088 0.00822908 0.00635568 0.03
454 1 -168.708318 0.00303213 0.00937419 0.0098674 0.06
232 1 -160.779031 0.00252168 0.00846913 0.0062108 0.02
226 1 -165.722305 0.0025715 0.00931576 0.00738843 0.02
249 1 -162.687715 0.0019965 0.00602375 0.00950813 0.03
168 1 -162.555339 0.00221884 0.00794059 0.0090716 0.01
236 1 -164.214317 0.00191577 0.0093305 0.00504011 0.02
350 1 -167.213061 0.00224595 0.00951689 0.00759819 0.04
237 1 -162.164955 0.0024033 0.0092423 0.00787648 0.03
201 1 -167.966941 0.00291313 0.00991307 0.00698601 0.03
379 1 -169.378712 0.00318134 0.00949237 0.0111395 0.05
356 1 -167.264377 0.00250269 0.00842701 0.00845919 0.04
220 1 -167.340189 0.00196275 0.00866271 0.00549307 0.03
242 1 -162.079673 0.0025134 0.00812656 0.0114062 0.03
296 1 -161.687712 0.00238716 0.00991917 0.00781101 0.03
186 1 -164.116415 0.00218592 0.00995909 0.00651417 0.02
256 1 -165.715464 0.0024767 0.00988431 0.0117336 0.03
191 1 -164.518022 0.00190472 0.00758347 0.00680445 0.03
302 1 -164.260155 0.00185432 0.00933863 0.00531778 0.04
169 1 -164.471536 0.00121121 0.00814186 0.0042318 0.02
307 1 -166.197717 0.00213484 0.00599447 0.00598123 0.04
137 1 -163.397429 0.00243341 0.00751689 0.00626848 0.02
152 1 -165.510100 0.00231805 0.00904502 0.00616246 0.02
311 1 -165.522027 0.00240868 0.00949445 0.00918994 0.04
323 1 -164.493203 0.00327516 0.00949797 0.00663602 0.04
190 1 -160.661626 0.00155087 0.00876816 0.00424189 0.03
195 1 -162.648681 0.00141443 0.00769853 0.0054477 0.03
311 1 -164.780686 0.00165115 0.00830585 0.00465147 0.03
287 1 -165.909125 0.00226923 0.00772908 0.00695374 0.04
236 1 -159.999839 0.0017671 0.00833362 0.00725378 0.03
186 1 -164.316651 0.00213831 0.0064542 0.00677277 0.02
174 1 -164.343130 0.00139293 0.00555106 0.00386132 0.02
272 1 -162.690947 0.00239748 0.00785344 0.00683769 0.04
311 1 -162.993799 0.00164666 0.00697738 0.00446705 0.04
206 1 -167.947548 0.00196805 0.00597778 0.00506109 0.03
267 1 -162.327298 0.0025592 0.00944667 0.00704673 0.03
347 1 -166.414908 0.00198383 0.00957251 0.00643614 0.04
355 1 -166.749087 0.00235596 0.00681109 0.00716008 0.04
445 1 -165.055671 0.00290019 0.00927951 0.0147028 0.05
197 1 -165.904504 0.00217843 0.00779383 0.00720594 0.02
377 1 -164.854926 0.001394 0.00723245 0.00340157 0.05
309 1 -165.693873 0.0027277 0.00986903 0.00886206 0.04
337 1 -163.742852 0.00236056 0.00987854 0.00789149 0.05
322 1 -166.888357 0.00261838 0.00940712 0.00836213 0.03
224 1 -167.128285 0.00160723 0.00879455 0.00688228 0.02
262 1 -166.049459 0.00237552 0.00890438 0.00597528 0.03
189 1 -156.845387 0.00294199 0.00990538 0.00901626 0.02
178 1 -167.666021 0.0034008 0.00913641 0.0107065 0.02
276 1 -163.379942 0.0024631 0.00854424 0.00749261 0.03
314 1 -163.585728 0.00360151 0.00985158 0.0130529 0.03
205 1 -159.999183 0.00202336 0.00740091 0.00550345 0.01
232 1 -166.091601 0.00203301 0.00941353 0.0070767 0.02
176 1 -168.278862 0.00203304 0.00893355 0.00519582 0.01
255 1 -163.656711 0.00219669 0.00961231 0.0061424 0.03
148 1 -165.820889 0.00184617 0.00687828 0.00654829 0.01
398 1 -168.761593 0.00120902 0.0061156 0.00397194 0.04
269 1 -166.458662 0.00200882 0.0080477 0.00569672 0.02
427 1 -165.919439 0.00253077 0.0083339 0.00727281 0.05
246 1 -167.340603 0.00150661 0.00696974 0.00535293 0.02
238 1 -164.734226 0.00195433 0.00645116 0.00662175 0.03
218 1 -164.591712 0.00361269 0.00936398 0.0159665 0.02
275 1 -166.356783 0.0021038 0.00996186 0.00594214 0.03
232 1 -164.045881 0.0019867 0.00997238 0.00688864 0.02
297 1 -167.810386 0.00158375 0.00956517 0.005235 0.03
227 1 -163.320671 0.00234108 0.00677944 0.00616204 0.02
257 1 -168.221134 0.00200938 0.00665282 0.00694141 0.02
348 1 -167.717058 0.00174728 0.00823166 0.00549167 0.03
308 1 -162.509411 0.00187966 0.0096822 0.00518585 0.03
458 1 -166.643095 0.00220186 0.00922609 0.00902141 0.05
372 1 -168.520697 0.00248594 0.00913523 0.0110046 0.04
287 1 -168.235521 0.00207305 0.00924162 0.00576449 0.03
184 1 -159.174564 0.00210499 0.00840118 0.00772743 0.02
182 1 -166.554955 0.00363443 0.00910534 0.0164515 0.01
146 1 -165.293505 0.00154233 0.00621668 0.00536573 0.01
246 1 -163.058577 0.00181406 0.00650963 0.00694999 0.03
462 1 -166.980800 0.00163214 0.00577757 0.00431251 0.05
161 1 -160.892553 0.00227242 0.00691266 0.00601721 0.01
274 1 -169.878349 0.00308863 0.00926979 0.00932168 0.03
657 1 -169.321681 0.00226768 0.00962249 0.00611455 0.07
176 1 -162.227351 0.00359379 0.00982064 0.00846506 0.02
168 1 -162.697754 0.00251658 0.00900855 0.00628812 0.02
285 1 -162.349152 0.00252323 0.00928918 0.0093493 0.03
327 1 -165.240199 0.00223907 0.00635806 0.00696858 0.04
185 1 -166.355218 0.00274425 0.00958135 0.0105374 0.02
192 1 -160.955050 0.00249904 0.00735654 0.00941624 0.02
220 1 -162.947503 0.00430366 0.00727631 0.0218816 0.03
232 1 -165.963913 0.00156057 0.00684338 0.0059756 0.02
196 1 -161.999368 0.00169195 0.0059823 0.00857102 0.02
307 1 -167.438050 0.00329175 0.00889107 0.0102955 0.03
166 1 -159.526943 0.0025584 0.00975855 0.00987784 0.01
186 1 -163.656937 0.00158165 0.00518896 0.00505897 0.01
238 1 -161.274997 0.00226423 0.00931152 0.0060571 0.02
293 1 -164.865120 0.00154937 0.00890215 0.00754877 0.03
196 1 -158.758100 0.00238559 0.00972495 0.00920872 0.02
273 1 -165.162164 0.00196277 0.00673967 0.00743705 0.03
280 1 -165.164762 0.00235715 0.00735062 0.00805234 0.03
191 1 -162.379088 0.00207844 0.00826682 0.00539427 0.02
446 1 -163.485635 0.00240921 0.00966636 0.00665633 0.05
131 1 -166.280147 0.00167897 0.00932691 0.00437509 0.02
216 1 -156.933608 0.00219185 0.00811626 0.00735354 0.03
192 1 -164.217093 0.00244116 0.00731167 0.0117551 0.02
161 1 -162.755583 0.00252099 0.00807668 0.00896781 0.02
314 1 -165.972203 0.00211121 0.00833875 0.00605847 0.03
525 1 -165.773752 0.00314083 0.00949218 0.0105774 0.06
274 1 -163.024846 0.00206036 0.00817201 0.00983828 0.03
232 1 -166.253193 0.00230778 0.00939371 0.00743313 0.02
413 1 -166.552121 0.00184636 0.00824214 0.00651898 0.05
249 1 -164.739807 0.00197302 0.00876336 0.00599212 0.03
231 1 -167.384696 0.0018045 0.00720245 0.00515617 0.03
324 1 -165.397055 0.00212308 0.00691345 0.00874161 0.03
359 1 -165.771076 0.00237791 0.00992593 0.00726325 0.04
291 1 -164.040347 0.00196157 0.00961686 0.00512807 0.04
179 1 -166.673918 0.00189255 0.0090489 0.00589571 0.02
252 1 -163.343552 0.00270405 0.00850542 0.0119397 0.03
280 1 -164.611610 0.00224971 0.00791763 0.00837119 0.04
352 1 -164.357825 0.00177805 0.00737744 0.00508665 0.04
304 1 -165.954441 0.00279483 0.00950643 0.0120089 0.04
270 1 -165.920064 0.00244485 0.00890458 0.00602753 0.03
263 1 -166.113986 0.0013685 0.00550659 0.00465891 0.03
234 1 -164.544142 0.00218779 0.00931594 0.00731021 0.02
387 1 -155.274649 0.00184634 0.00927266 0.00677778 0.04
299 1 -164.937599 0.00218868 0.00885991 0.00661143 0.03
241 1 -162.563380 0.0024808 0.00995456 0.0074473 0.03
183 1 -160.207736 0.00205633 0.00781421 0.0061433 0.02
319 1 -166.151994 0.00287353 0.00901884 0.0105534 0.04
421 1 -164.854737 0.00235908 0.00993818 0.010707 0.05
316 1 -166.145558 0.00336494 0.00987586 0.00971633 0.04
251 1 -159.247292 0.00279836 0.00791525 0.0072802 0.03
342 1 -166.865633 0.00185885 0.00870899 0.00493345 0.04
152 1 -166.712078 0.00291622 0.00857622 0.0148263 0.02
252 1 -163.292409 0.0027271 0.00943382 0.00718003 0.03
259 1 -162.174369 0.00195891 0.00855822 0.00583109 0.03
258 1 -167.830391 0.00173391 0.0090371 0.0057244 0.03
266 1 -162.427758 0.00251676 0.00855813 0.00974535 0.03
306 1 -164.118573 0.00294729 0.00921662 0.0110219 0.03
275 1 -169.885098 0.00245325 0.00806768 0.00861495 0.03
291 1 -163.897778 0.00169443 0.00514014 0.00471443 0.03
198 1 -162.531289 0.00181855 0.00742083 0.00584506 0.02
253 1 -167.514261 0.000784316 0.00350705 0.00247464 0.03
279 1 -162.514299 0.00191519 0.00710709 0.00619661 0.04
392 1 -163.377130 0.00192751 0.00707875 0.00762317 0.04
209 1 -160.572145 0.00233143 0.00883274 0.00653567 0.03
184 1 -164.924851 0.00329681 0.00936007 0.0134592 0.03
265 1 -162.297338 0.00140859 0.00955343 0.00820208 0.03
341 1 -167.894456 0.00178384 0.0091267 0.00542278 0.04
206 1 -161.932633 0.00191417 0.00785158 0.00461798 0.02
315 1 -165.958080 0.00204102 0.00851263 0.00585334 0.03
251 1 -166.464452 0.00217998 0.00772668 0.00757925 0.03
247 1 -161.308789 0.00371242 0.00945439 0.0138708 0.03
320 1 -168.734591 0.00205439 0.00967054 0.00553171 0.04
294 1 -167.028562 0.00151998 0.00785732 0.00497714 0.04
186 1 -161.479518 0.00381286 0.00963622 0.0139575 0.02
288 1 -162.443469 0.00225764 0.0083976 0.00905636 0.03
187 1 -167.068737 0.00188907 0.00644012 0.00544938 0.03
274 1 -166.766607 0.00255351 0.00948636 0.00948775 0.03
479 1 -167.476134 0.00184377 0.00818376 0.00530012 0.06
307 1 -167.179436 0.00182535 0.00764859 0.00522867 0.04
412 1 -161.426907 0.00255181 0.00873047 0.00775689 0.05
309 1 -166.868272 0.00132604 0.00898593 0.00451769 0.04
218 1 -167.564198 0.00245792 0.00935002 0.00657744 0.02
215 1 -158.929855 0.00223557 0.00671274 0.00612458 0.03
344 1 -164.703321 0.00184132 0.00993669 0.00501702 0.05
256 1 -155.808728 0.00160186 0.00956038 0.0039392 0.03
346 1 -164.083813 0.00212348 0.00886427 0.00535203 0.04
229 1 -162.256256 0.00235716 0.00869867 0.00703791 0.03
193 1 -160.872839 0.00237727 0.00953677 0.00700994 0.03
197 1 -167.262064 0.00254618 0.00985167 0.00654458 0.02
195 1 -161.881041 0.00210264 0.00544312 0.00687865 0.01
328 1 -162.146260 0.00279684 0.00974032 0.00998043 0.03
271 1 -162.778094 0.00204754 0.00672207 0.00581566 0.02
190 1 -161.889713 0.00230399 0.0066366 0.00862728 0.02
269 1 -164.126647 0.00117029 0.00451643 0.00314545 0.03
315 1 -165.198470 0.00232295 0.00997652 0.0105055 0.03
270 1 -166.296742 0.00207544 0.00693865 0.00558269 0.03
439 1 -165.904946 0.00213025 0.00716806 0.00707779 0.05
285 1 -165.227301 0.00197639 0.00805584 0.00602437 0.03
274 1 -161.497594 0.00154115 0.00526592 0.00422501 0.03
235 1 -160.485942 0.00177191 0.00547628 0.0055249 0.02
276 1 -167.197829 0.00152968 0.00643408 0.00410879 0.02
348 1 -166.476404 0.00249699 0.0091872 0.00827762 0.03
228 1 -167.857899 0.00196883 0.00876194 0.00619883 0.02
192 1 -165.263550 0.00214304 0.00936386 0.00714488 0.01
166 1 -161.014739 0.00149108 0.00598893 0.00440138 0.01
267 1 -167.374717 0.00280575 0.00787691 0.00803326 0.03
286 1 -160.405409 0.00200945 0.00923198 0.00591338 0.03
430 1 -165.643599 0.00154624 0.00657791 0.00588421 0.05
405 1 -168.342261 0.00288037 0.00942682 0.00777414 0.04
153 1 -162.642466 0.00286994 0.00989818 0.0139439 0.01
388 1 -164.268843 0.00166124 0.0081915 0.00864608 0.04
260 1 -163.127792 0.00206108 0.00565227 0.0056813 0.03
529 1 -162.692891 0.00152065 0.00687619 0.00454167 0.06
305 1 -164.567123 0.00182644 0.00593352 0.0051524 0.03
267 1 -164.733122 0.00197033 0.00835623 0.00572657 0.02
617 1 -167.788116 0.00210953 0.00683957 0.00576571 0.07
247 1 -161.375674 0.00280826 0.00911119 0.0133315 0.02
193 1 -163.920543 0.00163906 0.00827624 0.00979367 0.02
365 1 -165.412379 0.00295805 0.00993804 0.0114718 0.04
300 1 -162.117188 0.00178642 0.00696485 0.00628626 0.03
299 1 -165.920420 0.00242414 0.00922521 0.00619134 0.03
168 1 -153.398558 0.00236401 0.009602 0.00655354 0.01
181 1 -161.971171 0.00182486 0.00954763 0.00958055 0.02
240 1 -165.109573 0.00261989 0.00997585 0.00790031 0.02
213 1 -163.184529 0.00379038 0.00927197 0.021021 0.02
205 1 -164.302428 0.00190957 0.00590403 0.00615031 0.01
293 1 -156.068012 0.00188032 0.00984543 0.00737409 0.03
198 1 -161.312892 0.00259953 0.00811052 0.00680923 0.02
217 1 -163.866418 0.00266914 0.0097104 0.00813865 0.02
344 1 -164.782956 0.00157089 0.00552827 0.0047451 0.03
292 1 -163.247659 0.00162731 0.00866462 0.0057672 0.03
218 1 -164.693962 0.00142457 0.00615127 0.0043228 0.02
335 1 -169.442938 0.00241188 0.0091873 0.00577951 0.03
218 1 -163.716277 0.00201689 0.00886949 0.00551951 0.02
285 1 -165.723154 0.00286261 0.00782918 0.00966131 0.03
412 1 -169.915636 0.004368 0.00983391 0.021433 0.05
278 1 -162.571805 0.00183461 0.00723586 0.00551615 0.03
269 1 -158.085277 0.00214761 0.00816221 0.00671201 0.02
222 1 -165.090397 0.00116738 0.00528867 0.00353434 0.02
284 1 -165.991897 0.00199935 0.00745656 0.00641746 0.03
294 1 -167.909418 0.00207098 0.00743526 0.00725605 0.03
239 1 -162.638660 0.00212353 0.00676555 0.00630313 0.03
214 1 -166.928419 0.00181747 0.00716256 0.00547893 0.02
162 1 -161.390895 0.00261934 0.009789 0.00672489 0.02
154 1 -170.353801 0.00219879 0.00913306 0.0081301 0.02
217 1 -159.632413 0.00297662 0.00949697 0.0155893 0.02
238 1 -163.367622 0.00230833 0.00994862 0.00686103 0.02
345 1 -163.007302 0.0013843 0.00637422 0.00410388 0.04
392 1 -166.388332 0.00232361 0.0085704 0.00536267 0.04
182 1 -167.709575 0.00250166 0.00885825 0.00890514 0.02
240 1 -164.396921 0.00112136 0.00839579 0.00539451 0.03
305 1 -166.330338 0.00271703 0.00993861 0.0105575 0.03
220 1 -162.307168 0.00194964 0.00838547 0.00503788 0.02
255 1 -162.768907 0.00249205 0.00960049 0.00746584 0.02
220 1 -166.265571 0.00210742 0.00971133 0.00928784 0.02
241 1 -168.342171 0.00198487 0.00600534 0.00711901 0.03
236 1 -165.109593 0.00325705 0.00970951 0.0146395 0.02
198 1 -161.435009 0.00253468 0.00931289 0.00743852 0.02
174 1 -166.117391 0.00230488 0.00929774 0.00654801 0.02
350 1 -164.395863 0.0020374 0.00614278 0.00544126 0.04
210 1 -163.107388 0.00201132 0.00789677 0.00795208 0.02
333 1 -166.928144 0.00217884 0.0091839 0.00660161 0.03
184 1 -164.665768 0.0020554 0.00998187 0.0050214 0.02
184 1 -161.520247 0.00235152 0.00843423 0.0103482 0.02
234 1 -168.231011 0.00121764 0.00931942 0.00608491 0.02
336 1 -162.368269 0.00221204 0.00845333 0.00682483 0.04
317 1 -160.899943 0.00175869 0.00834387 0.0056495 0.03
258 1 -164.721608 0.00200933 0.00933435 0.00471719 0.03
334 1 -165.825375 0.00175993 0.00812645 0.00484084 0.04
423 1 -166.888951 0.00155141 0.00674141 0.00365107 0.05
162 1 -167.656061 0.00198388 0.00794813 0.00583403 0.01
282 1 -157.071674 0.00257459 0.00965327 0.00807667 0.03
190 1 -164.226978 0.00180935 0.00886434 0.00554588 0.02
455 1 -168.671948 0.00271485 0.00891086 0.00987219 0.05
304 1 -165.133457 0.0021648 0.00985013 0.00658514 0.04
275 1 -161.327225 0.00151159 0.00577582 0.0046599 0.03
284 1 -165.088034 0.00193541 0.0062835 0.00662393 0.03
243 1 -164.090558 0.0015581 0.00728946 0.00471002 0.03
166 1 -162.746461 0.00209017 0.00988033 0.00812517 0.02
354 1 -167.809834 0.00169074 0.00757139 0.00545762 0.04
361 1 -165.522348 0.00278146 0.00812493 0.00752928 0.04
175 1 -164.552659 0.00210175 0.00834313 0.00633252 0.02
186 1 -167.226049 0.00174213 0.00769199 0.00509796 0.02
325 1 -165.030796 0.00249973 0.00932386 0.00672897 0.04
202 1 -158.132839 0.00197807 0.00966785 0.0062022 0.02
313 1 -164.311418 0.00222447 0.00752767 0.00654487 0.03
320 1 -165.185728 0.00174612 0.00979046 0.00621575 0.04
254 1 -162.542695 0.00301233 0.00997184 0.00723052 0.03
234 1 -167.639850 0.00199436 0.00987178 0.0055605 0.03
215 1 -156.417581 0.00195694 0.00908929 0.00573079 0.02
269 1 -161.857467 0.00161352 0.00719159 0.00424467 0.04
189 1 -164.498309 0.00270777 0.00989295 0.00865645 0.02
180 1 -166.074682 0.00180335 0.00885061 0.00506492 0.02
353 1 -166.787288 0.00230644 0.00936627 0.008257 0.04
244 1 -166.451344 0.00170401 0.00674683 0.00500422 0.02
198 1 -165.082068 0.00241268 0.0095961 0.0081296 0.03
147 1 -163.576067 0.00296604 0.00948745 0.0102076 0.02
329 1 -167.272765 0.00167008 0.00636542 0.00462773 0.04
177 1 -162.649778 0.00352245 0.0095309 0.014642 0.02
190 1 -163.462171 0.00193779 0.00878256 0.00678098 0.02
194 1 -169.729725 0.00176422 0.00888793 0.00549449 0.03
188 1 -165.342448 0.00173976 0.00798358 0.00446375 0.02
201 1 -167.464023 0.00116802 0.00764015 0.0040449 0.02
136 1 -165.681161 0.00197254 0.00949122 0.00880319 0.02
282 1 -164.731176 0.00237853 0.00908409 0.00750264 0.04
208 1 -164.938645 0.00152193 0.00636242 0.00383433 0.03
184 1 -164.324101 0.00174245 0.00746725 0.00687238 0.02
214 1 -159.838325 0.00210253 0.00893575 0.00611404 0.02
376 1 -168.415682 0.00222952 0.00890168 0.00697088 0.05
249 1 -169.847469 0.00333259 0.00972637 0.00981767 0.03
295 1 -168.538804 0.00189561 0.00971501 0.00613756 0.03
159 1 -160.538833 0.0016748 0.00755771 0.00477845 0.02
199 1 -161.337916 0.00147347 0.00484379 0.00516034 0.02
410 1 -169.326314 0.00184421 0.00766587 0.00665616 0.05
283 1 -166.417660 0.00235144 0.00816001 0.0059463 0.04
207 1 -159.610652 0.00290876 0.00985105 0.0136939 0.03
186 1 -166.140023 0.001265 0.00533664 0.00587167 0.03
236 1 -166.320033 0.00182688 0.00755997 0.00713526 0.03
391 1 -164.390903 0.00255803 0.00832775 0.00750588 0.04
291 1 -166.179477 0.00167274 0.00723278 0.0048963 0.03
285 1 -165.987925 0.0021431 0.00678032 0.0073853 0.03
319 1 -164.997610 0.00184712 0.00824886 0.00733398 0.04
166 1 -156.421817 0.00278634 0.00999178 0.0077073 0.02
183 1 -161.505211 0.00146837 0.00830757 0.00442028 0.02
198 1 -163.435413 0.00284135 0.00885517 0.00825178 0.03
194 1 -147.202726 0.00251087 0.00993028 0.00774215 0.03
215 1 -161.298355 0.00220636 0.00784707 0.00933913 0.02
205 1 -156.990658 0.00190032 0.0086795 0.00710696 0.03
235 1 -163.991227 0.00250879 0.00925827 0.00726975 0.03
231 1 -164.439568 0.00187069 0.00627752 0.00750318 0.03
254 1 -160.660603 0.00257708 0.00936276 0.00772105 0.03
269 1 -164.919288 0.00304424 0.00778431 0.0158251 0.03
308 1 -166.070983 0.00168805 0.00606741 0.00521341 0.03
303 1 -165.386327 0.00157845 0.0091763 0.00555059 0.03
284 1 -159.068130 0.00290633 0.00918057 0.00915592 0.03
405 1 -167.316858 0.00244202 0.00911429 0.00682717 0.04
234 1 -168.554240 0.00160064 0.00948121 0.00530644 0.02
419 1 -165.106516 0.00220914 0.00908463 0.00727938 0.04
263 1 -159.956710 0.00237795 0.00853631 0.00686244 0.03
272 1 -167.151275 0.00323699 0.00963655 0.0112416 0.03
232 1 -162.654430 0.00236851 0.00825871 0.00589711 0.02
533 1 -167.810445 0.00284125 0.00887302 0.00932821 0.06
213 1 -162.462726 0.00209616 0.00651695 0.00548159 0.01
314 1 -160.374935 0.00181186 0.00737519 0.00566255 0.03
249 1 -165.705318 0.00230586 0.00868023 0.00686827 0.02
518 1 -169.747679 0.00229714 0.00900895 0.00711651 0.06
225 1 -166.028384 0.00211099 0.00881619 0.00525912 0.02
372 1 -166.673296 0.00261276 0.00957922 0.00755383 0.04
259 1 -165.777226 0.00187591 0.00919593 0.0060344 0.03
230 1 -166.005997 0.00283821 0.00802517 0.0071902 0.02
147 1 -166.370589 0.00204396 0.00789818 0.00567779 0.01
491 1 -166.286616 0.00233596 0.00977238 0.00672608 0.06
229 1 -164.973965 0.0029191 0.00955405 0.00750859 0.02
279 1 -160.793508 0.00255708 0.00907138 0.0079879 0.03
279 1 -167.427458 0.00255478 0.00935287 0.00771794 0.03
317 1 -165.520119 0.00141082 0.00597327 0.00353882 0.03
176 1 -161.522178 0.00126408 0.00484892 0.00638229 0.02
291 1 -166.636282 0.00247677 0.00695041 0.00701797 0.03
145 1 -159.949350 0.00267398 0.00759287 0.00770961 0.01
527 1 -164.829305 0.00200658 0.00891267 0.00634839 0.06
199 1 -165.465274 0.00225135 0.00671861 0.00600603 0.02
381 1 -166.512993 0.00160937 0.00559827 0.00414972 0.05
243 1 -167.807892 0.00240892 0.0091336 0.0069814 0.02
177 1 -164.430692 0.00124314 0.00746512 0.00358052 0.02
248 1 -158.407516 0.00172521 0.00870523 0.00492839 0.03
200 1 -167.496865 0.00223413 0.00984395 0.0119435 0.02
143 1 -164.511491 0.00284712 0.0095662 0.00949056 0.01
294 1 -163.547385 0.00185264 0.00897599 0.00559275 0.03
298 1 -165.159064 0.00192857 0.00616371 0.00922163 0.03
202 1 -161.779399 0.00224474 0.00880352 0.00833339 0.02
260 1 -167.413398 0.00221317 0.00757429 0.00744257 0.03
331 1 -165.934514 0.00175228 0.00714853 0.00456406 0.04
239 1 -163.006902 0.00255401 0.0087542 0.00734122 0.03
226 1 -162.774526 0.00228649 0.00725282 0.00568964 0.03
167 1 -162.702436 0.00229812 0.00965029 0.00619283 0.02
396 1 -168.439936 0.00167106 0.00530914 0.00551921 0.04
332 1 -169.881910 0.00250031 0.00990702 0.00750145 0.03
181 1 -161.817424 0.00290603 0.00999573 0.0101765 0.02
183 1 -167.804517 0.0023726 0.00938159 0.00691817 0.02
420 1 -165.257718 0.00180845 0.00867458 0.0049286 0.05
281 1 -166.818606 0.00152797 0.0072616 0.00645416 0.03
206 1 -167.891602 0.00291585 0.00882039 0.00907571 0.02
280 1 -166.551457 0.00108251 0.00410859 0.00326687 0.03
453 1 -165.154485 0.00276154 0.00935674 0.00956232 0.06
191 1 -160.468124 0.00155762 0.00555564 0.00394782 0.02
229 1 -164.508643 0.00174504 0.0076215 0.0088666 0.02
176 1 -162.044473 0.00209906 0.00907021 0.00708692 0.02
444 1 -162.715925 0.00208856 0.00818632 0.0070013 0.05
364 1 -166.321212 0.00136221 0.00453443 0.00397493 0.04
203 1 -156.867783 0.00217744 0.00981586 0.00669352 0.02
172 1 -165.694795 0.0020535 0.00920163 0.00723653 0.01
246 1 -166.675817 0.00196531 0.00930666 0.00647444 0.03
395 1 -166.703929 0.00240094 0.00841178 0.00771479 0.05
341 1 -162.731683 0.00205638 0.00842757 0.0062879 0.04
282 1 -166.546894 0.00364535 0.00852678 0.0105151 0.03
294 1 -165.842247 0.00232528 0.00968844 0.00754408 0.03
275 1 -163.543442 0.0026675 0.00997905 0.00929857 0.03
282 1 -169.324483 0.00118688 0.00513026 0.00270146 0.03
168 1 -160.164359 0.00207499 0.00805546 0.00908288 0.02
211 1 -162.613193 0.00189984 0.00960231 0.00608367 0.02
177 1 -161.645691 0.00276324 0.00880857 0.0101283 0.02
181 1 -163.588972 0.00213458 0.00966974 0.0058585 0.02
314 1 -167.205604 0.00166233 0.00929319 0.00554276 0.03
322 1 -167.957526 0.00261358 0.00800508 0.00709712 0.04
342 1 -167.379696 0.00234413 0.00941634 0.0114555 0.04
162 1 -157.593064 0.00387213 0.00740589 0.0115113 0.01
241 1 -161.995480 0.0014494 0.00579181 0.0039465 0.03
288 1 -165.745183 0.00189449 0.00547293 0.00596077 0.03
151 1 -163.891307 0.00209959 0.00853995 0.00602408 0.02
184 1 -163.511123 0.00167612 0.00876088 0.00424706 0.02
197 1 -162.947822 0.00366973 0.00942016 0.0100937 0.02
381 1 -164.022203 0.00175063 0.00815015 0.00846 0.04
160 1 -163.970564 0.00151396 0.00755383 0.00502046 0.01
374 1 -170.290388 0.00281269 0.00960256 0.00768188 0.04
239 1 -162.833247 0.00292015 0.00954981 0.0095239 0.03
388 1 -165.197591 0.00121743 0.00845777 0.00370586 0.05
302 1 -164.757272 0.00177788 0.00942491 0.00477198 0.03
197 1 -161.810272 0.00202057 0.00830137 0.00656542 0.02
472 1 -164.868746 0.00262801 0.00961677 0.00731418 0.06
474 1 -166.329225 0.00239287 0.00794111 0.00928201 0.06
211 1 -166.310253 0.00235628 0.00877012 0.0109885 0.02
167 1 -161.054138 0.00206403 0.00996303 0.00598154 0.02
419 1 -165.297786 0.00247986 0.00974613 0.0061359 0.05
252 1 -169.082275 0.00220518 0.00961 0.0071845 0.03
282 1 -166.613579 0.00264445 0.00892717 0.00990787 0.03
247 1 -165.710108 0.00162904 0.00804153 0.00474079 0.03
283 1 -167.888076 0.00232212 0.00887186 0.00965947 0.04
256 1 -164.469507 0.00234915 0.00953253 0.00685081 0.03
221 1 -163.832173 0.00206749 0.00853117 0.00654263 0.02
239 1 -167.208132 0.00195655 0.00682192 0.00559244 0.03
243 1 -164.259818 0.00327818 0.00947601 0.013527 0.03
306 1 -162.690578 0.00132747 0.00996088 0.00419025 0.04
238 1 -160.173858 0.00252671 0.00991424 0.00899984 0.02
371 1 -167.621964 0.00185209 0.00968274 0.00552574 0.05
297 1 -167.261110 0.00219621 0.00946025 0.0108018 0.04
482 1 -166.110673 0.00183432 0.00953229 0.00579287 0.06
217 1 -155.521479 0.00208468 0.00782331 0.00518323 0.03
292 1 -169.066585 0.00216927 0.00997293 0.00513512 0.03
202 1 -166.637279 0.00194229 0.00865437 0.00529422 0.03
241 1 -166.955519 0.00161661 0.00754877 0.00556452 0.03
221 1 -164.780555 0.00301896 0.00981277 0.0140301 0.03
263 1 -164.372302 0.00232954 0.00898122 0.00656585 0.03
362 1 -161.378616 0.0023162 0.00995784 0.00855523 0.05
302 1 -164.829683 0.00201447 0.00528806 0.00722254 0.04
214 1 -165.782904 0.00215749 0.00730344 0.00609186 0.03
260 1 -163.353853 0.00172417 0.00665354 0.00584616 0.04
288 1 -162.116799 0.00297655 0.00952642 0.008633 0.04
269 1 -164.938940 0.00150539 0.00668255 0.00466996 0.03
433 1 -167.703553 0.00263425 0.00806403 0.00700782 0.05
208 1 -163.245587 0.00222553 0.00696329 0.00614291 0.03
240 1 -166.007395 0.00271486 0.00722765 0.00703875 0.03
194 1 -160.633197 0.00079871 0.00378268 0.00319822 0.02
279 1 -161.700361 0.00158822 0.00602533 0.00415916 0.04
342 1 -159.114790 0.00276415 0.00776776 0.00872042 0.04
400 1 -168.816340 0.00194025 0.00771412 0.00498596 0.05
250 1 -159.339175 0.00219549 0.00841974 0.0103559 0.03
398 1 -167.722231 0.00257916 0.00932325 0.0109018 0.05
261 1 -167.300786 0.00312393 0.00827453 0.00873531 0.03
199 1 -166.382435 0.00184124 0.0092706 0.00630163 0.03
334 1 -167.838599 0.0024595 0.0087331 0.00846293 0.04
249 1 -168.526264 0.00226234 0.00789153 0.00536999 0.04
259 1 -166.345678 0.00226414 0.00831398 0.00705665 0.03
245 1 -162.390688 0.00190368 0.00973444 0.00583223 0.03
295 1 -164.129821 0.00261533 0.0097148 0.00659042 0.03
371 1 -165.270283 0.00198761 0.00860165 0.00571484 0.04
205 1 -163.338426 0.00235667 0.00728366 0.00722329 0.02
161 1 -162.874491 0.00153301 0.00824751 0.00475039 0.01
281 1 -166.536440 0.00186953 0.00761934 0.00484473 0.03
310 1 -163.834897 0.0017188 0.00630643 0.00513011 0.03
181 1 -163.903391 0.00222468 0.00932282 0.00668516 0.02
348 1 -163.102988 0.0022755 0.00763769 0.00700358 0.03
272 1 -165.076904 0.00110135 0.00590963 0.00362258 0.03
222 1 -166.292876 0.00182142 0.0092004 0.0046622 0.02
225 1 -166.709571 0.00326569 0.00970156 0.0114602 0.02
181 1 -161.830078 0.00184339 0.0060558 0.00606206 0.01
315 1 -159.782313 0.00269844 0.0094012 0.0109382 0.03
396 1 -166.742844 0.00209405 0.00907026 0.00657466 0.04
162 1 -165.528914 0.00279048 0.00892809 0.00680656 0.01
266 1 -167.120615 0.00211553 0.0074731 0.00678063 0.02
218 1 -166.577997 0.00259158 0.00842604 0.00686087 0.02
461 1 -166.247141 0.00317786 0.00916052 0.0099846 0.05
227 1 -166.892696 0.00167739 0.00650352 0.00835688 0.02
166 1 -162.084313 0.00186485 0.00635537 0.00661591 0.02
181 1 -159.510749 0.00172054 0.00902697 0.00601789 0.02
299 1 -163.998826 0.00287274 0.00796652 0.00985173 0.03
263 1 -168.864106 0.00117858 0.00485139 0.00330657 0.03
203 1 -164.089305 0.00079453 0.00269746 0.00204612 0.02
223 1 -161.618238 0.00187243 0.00638396 0.00481305 0.02
254 1 -158.545256 0.00201527 0.00895796 0.00596981 0.03
226 1 -166.100400 0.00254108 0.00893535 0.0105909 0.03
246 1 -161.814667 0.00260006 0.0090357 0.00763746 0.03
213 1 -163.611617 0.00213779 0.00908155 0.0068447 0.02
375 1 -164.422775 0.00184394 0.0096502 0.00620255 0.04
252 1 -163.269079 0.00255706 0.00973669 0.00652232 0.03
277 1 -165.469023 0.00230656 0.00777627 0.00589772 0.03
307 1 -167.401765 0.00149268 0.008764 0.00499068 0.03
276 1 -167.188674 0.00197531 0.00832394 0.00564938 0.03
194 1 -159.131598 0.00253736 0.00922008 0.0073785 0.01
197 1 -166.040083 0.0021228 0.00939585 0.00579516 0.01
339 1 -162.542095 0.00104528 0.00385004 0.00341777 0.04
173 1 -161.920965 0.0020886 0.00950621 0.00861664 0.02
425 1 -167.388075 0.00181701 0.00671031 0.00500623 0.04
317 1 -157.886141 0.00251743 0.00853036 0.00643148 0.03
189 1 -163.527035 0.00208086 0.00792495 0.00837037 0.01
260 1 -159.954510 0.00215377 0.00772847 0.00708525 0.02
186 1 -164.338485 0.00144855 0.0090784 0.00498836 0.02
225 1 -160.451075 0.00144751 0.00742153 0.004426 0.02
405 1 -164.995218 0.00291404 0.00841545 0.0165043 0.04
279 1 -167.088131 0.00322085 0.00951842 0.0100724 0.03
310 1 -167.655812 0.00227002 0.00789001 0.00644439 0.04
206 1 -158.387643 0.00247843 0.00901012 0.00677067 0.02
228 1 -163.809886 0.00205864 0.00748511 0.00764254 0.02
204 1 -162.473902 0.00169084 0.00954283 0.00663182 0.03
211 1 -161.308457 0.00201763 0.00902148 0.00584738 0.02
229 1 -165.958331 0.00224056 0.0093184 0.0087571 0.02
213 1 -166.419737 0.00214883 0.00764857 0.0078909 0.02
200 1 -164.856262 0.00281011 0.00674678 0.0137511 0.02
281 1 -166.217590 0.00183192 0.00867552 0.00590906 0.03
269 1 -162.729743 0.00251443 0.00878459 0.00836501 0.03
277 1 -154.010985 0.00228842 0.00850723 0.00582247 0.03
302 1 -166.131502 0.00276696 0.00976896 0.0093639 0.03
238 1 -163.722045 0.00198958 0.0095941 0.00537757 0.02
266 1 -166.553759 0.0023469 0.0097672 0.00787199 0.03
241 1 -160.867310 0.00228718 0.00986378 0.00852136 0.03
377 1 -168.468329 0.00173689 0.00946659 0.00456258 0.04
281 1 -166.718204 0.0028432 0.00999738 0.00982753 0.03
241 1 -166.931509 0.00184113 0.00716891 0.0045551 0.03
288 1 -166.932992 0.00147963 0.00913124 0.00538098 0.03
210 1 -166.102144 0.00202543 0.00994979 0.00732893 0.03
226 1 -163.587522 0.00346495 0.00883657 0.0175263 0.02
322 1 -166.108518 0.0019365 0.00667922 0.00801337 0.04
316 1 -165.996300 0.00255286 0.00803556 0.0114483 0.04
225 1 -162.764619 0.00212732 0.0079402 0.00721618 0.03
364 1 -158.300163 0.00287321 0.00798057 0.0111451 0.05
330 1 -164.034459 0.00204877 0.0079294 0.00821287 0.04
266 1 -165.103324 0.00237386 0.00951326 0.0154368 0.03
177 1 -164.328529 0.00268177 0.00967205 0.00781196 0.01
327 1 -164.399196 0.0015813 0.00927532 0.00544541 0.04
217 1 -166.354726 0.0016415 0.0086014 0.00817161 0.03
368 1 -166.251297 0.0016929 0.00785831 0.00471235 0.05
202 1 -159.809035 0.00251492 0.00971681 0.00835338 0.02
197 1 -164.784890 0.00206189 0.00831037 0.00723562 0.02
295 1 -162.964858 0.00250371 0.00794814 0.00628373 0.03
198 1 -161.650072 0.00261124 0.00900415 0.00914935 0.03
171 1 -163.141928 0.00326435 0.009105 0.0130089 0.02
178 1 -165.631811 0.00163343 0.00901894 0.00591901 0.02
245 1 -162.693628 0.00206764 0.00676772 0.0063916 0.02
284 1 -164.587211 0.00237814 0.00974184 0.00786987 0.04
170 1 -165.216622 0.00186381 0.00932568 0.00732158 0.02
292 1 -166.803566 0.00222054 0.00974133 0.00684302 0.03
261 1 -166.634490 0.00224644 0.00912312 0.00674452 0.03
701 1 -169.675894 0.00295271 0.00955229 0.00869311 0.09
222 1 -164.308686 0.00216278 0.00750404 0.00694632 0.03
172 1 -164.154658 0.00220404 0.00893282 0.00780027 0.02
283 1 -162.969045 0.00153519 0.00567506 0.00420026 0.04
340 1 -167.747206 0.00102967 0.00350738 0.00292124 0.04
248 1 -163.336306 0.00275619 0.00892353 0.00980736 0.03
474 1 -165.295364 0.00212013 0.00767423 0.00612256 0.06
164 1 -161.624544 0.00218972 0.00862105 0.00550817 0.02
262 1 -160.375373 0.00303736 0.00968336 0.0121437 0.03
626 1 -168.727757 0.00203649 0.00869788 0.00561779 0.07
265 1 -153.897780 0.00198936 0.00929636 0.0055677 0.03
222 1 -154.480529 0.00272655 0.00942147 0.00815556 0.03
461 1 -165.384834 0.00225659 0.0089976 0.00819115 0.05
298 1 -166.809941 0.00241313 0.00996131 0.00792438 0.04
199 1 -159.965058 0.00378573 0.00842673 0.0127448 0.03
226 1 -166.023401 0.00165258 0.00571467 0.00535074 0.03
265 1 -163.169995 0.00251062 0.00993827 0.00742351 0.04
222 1 -153.344537 0.00182104 0.00890125 0.00542288 0.03
172 1 -163.939213 0.00234645 0.00928995 0.00805154 0.02
258 1 -164.426949 0.00272415 0.00899377 0.0101697 0.03
206 1 -164.086971 0.00113342 0.00499059 0.00321528 0.03
237 1 -164.035900 0.00209813 0.00794684 0.00624278 0.03
237 1 -159.827020 0.0021561 0.00900483 0.00635152 0.03
414 1 -163.788114 0.00143088 0.00732481 0.00394485 0.05
307 1 -166.199238 0.00197781 0.00799487 0.00639726 0.04
167 1 -160.770536 0.00218128 0.00981478 0.00673207 0.02
198 1 -162.015597 0.00179304 0.00672688 0.00690172 0.03
237 1 -161.365761 0.00249582 0.00967737 0.00638236 0.03
246 1 -159.649740 0.0018812 0.00758682 0.00686854 0.03
216 1 -168.052606 0.00170216 0.00635329 0.00525651 0.03
211 1 -164.289043 0.00165085 0.00782312 0.00546921 0.02
227 1 -165.328827 0.00166744 0.0058774 0.00567884 0.02
223 1 -165.376842 0.00243 0.00868355 0.00764565 0.03
253 1 -166.778804 0.00234053 0.00676625 0.0090081 0.03
402 1 -161.593108 0.00173393 0.00522431 0.00404 0.05
289 1 -162.479416 0.00178086 0.00925605 0.00523549 0.03
371 1 -163.259868 0.00205861 0.00875384 0.00647602 0.04
571 1 -167.353538 0.00164693 0.00620481 0.00600399 0.07
332 1 -163.460438 0.00168047 0.00525873 0.00425155 0.04
245 1 -164.552105 0.00227013 0.00858988 0.0067194 0.03
395 1 -165.964737 0.00181635 0.0076146 0.00483475 0.05
320 1 -166.016015 0.00214634 0.00880033 0.00697134 0.04
205 1 -166.177264 0.00192551 0.00896796 0.00564272 0.02
216 1 -161.807144 0.00267225 0.00982594 0.00949549 0.02
253 1 -165.190829 0.00196776 0.00680407 0.00498927 0.03
254 1 -163.502465 0.00237777 0.00702108 0.00534175 0.03
217 1 -167.803969 0.00198717 0.00828226 0.00541621 0.02
508 1 -166.777754 0.00213256 0.00790584 0.00710831 0.06
171 1 -163.539104 0.0018595 0.00774368 0.00555735 0.01
234 1 -161.940741 0.00211595 0.00968494 0.00864969 0.02
261 1 -164.864005 0.00285461 0.00997539 0.0116711 0.03
225 1 -164.366271 0.0019131 0.00853665 0.00621859 0.01
255 1 -167.814984 0.00205044 0.00957022 0.00576614 0.02
371 1 -166.065174 0.00244894 0.00963827 0.00686793 0.04
395 1 -166.781880 0.00137421 0.00836864 0.00468949 0.04
182 1 -166.300758 0.00224476 0.00899156 0.00881619 0.02
232 1 -166.036549 0.00189098 0.00797817 0.00620342 0.02
310 1 -165.423651 0.00190215 0.00842697 0.00749732 0.03
284 1 -162.843067 0.00207166 0.00834685 0.00664944 0.03
304 1 -163.375173 0.00182076 0.00767645 0.00706155 0.03
286 1 -164.974575 0.00256984 0.00966878 0.0110346 0.03
318 1 -161.093030 0.00155201 0.00666038 0.00409062 0.03
275 1 -163.115320 0.00273664 0.00998288 0.00746368 0.03
170 1 -166.243973 0.00104092 0.0045633 0.00359153 0.01
283 1 -162.327680 0.00202317 0.00880054 0.00610693 0.03
387 1 -165.575118 0.00170493 0.00553543 0.00425356 0.04
258 1 -164.279247 0.00277277 0.00977905 0.00941998 0.02
513 1 -168.861470 0.00203042 0.00826372 0.0069311 0.06
189 1 -163.826814 0.00170714 0.00719331 0.0052339 0.01
238 1 -160.506923 0.00239983 0.0095836 0.00929272 0.02
152 1 -155.996085 0.00182251 0.00912255 0.00503885 0.02
321 1 -165.692274 0.00113579 0.00463465 0.0043931 0.04
241 1 -164.014871 0.00202697 0.0078181 0.00694346 0.03
394 1 -167.780737 0.00250794 0.00800248 0.00837455 0.04
202 1 -159.913349 0.00135534 0.00677377 0.00600173 0.02
320 1 -164.677421 0.00210703 0.00813513 0.0101641 0.04
191 1 -163.483245 0.00229029 0.0088822 0.00628274 0.02
255 1 -165.043054 0.00245521 0.00903165 0.00708862 0.03
328 1 -160.688556 0.00229493 0.00912352 0.00645673 0.04
225 1 -164.706209 0.00166398 0.00995436 0.00525916 0.02
206 1 -164.863448 0.00212944 0.00832237 0.00678895 0.02
293 1 -167.239305 0.00203444 0.00677467 0.0056333 0.03
267 1 -165.687459 0.0015961 0.00808276 0.00709942 0.03
292 1 -166.736507 0.00214928 0.0093678 0.00885895 0.03
246 1 -166.924948 0.0027201 0.00964533 0.00833192 0.03
368 1 -165.444603 0.00264337 0.00965296 0.0088263 0.04
260 1 -163.529118 0.00237819 0.00864411 0.00786116 0.03
217 1 -163.716826 0.00282816 0.00904345 0.0081169 0.02
270 1 -163.177157 0.00133291 0.0064583 0.00422336 0.02
250 1 -164.360226 0.00179878 0.00731506 0.00665008 0.02
236 1 -161.037876 0.00202897 0.00742155 0.00572331 0.02
164 1 -158.684154 0.00201383 0.00992062 0.00604581 0.02
199 1 -158.893943 0.00124768 0.00444352 0.00341358 0.02
197 1 -158.072221 0.00206947 0.00890192 0.00546027 0.02
238 1 -165.308402 0.00173726 0.00727469 0.00535127 0.03
528 1 -165.352689 0.00204361 0.00722391 0.00612395 0.07
363 1 -162.831619 0.00206676 0.00817541 0.00562757 0.04
266 1 -165.594127 0.00198995 0.00964721 0.00641415 0.03
277 1 -164.394283 0.00195202 0.00792972 0.00608313 0.03
446 1 -167.690437 0.00210192 0.00919141 0.00684986 0.05
232 1 -168.201701 0.00147961 0.00582814 0.00458352 0.03
306 1 -165.062592 0.00206542 0.00882764 0.00553957 0.03
364 1 -162.814974 0.00258599 0.00966485 0.00706274 0.04
247 1 -164.658161 0.0019659 0.00914299 0.00553033 0.03
180 1 -162.063421 0.00128457 0.00488322 0.00420955 0.02
181 1 -161.651868 0.00205397 0.00961206 0.00563419 0.02
195 1 -163.588450 0.0019712 0.00771805 0.00603483 0.02
223 1 -166.624970 0.002119 0.0078527 0.00675852 0.03
193 1 -165.113256 0.00192985 0.00962825 0.00756106 0.02
243 1 -165.279237 0.00197578 0.00976707 0.00702886 0.03
251 1 -165.110897 0.00199999 0.00980767 0.00816128 0.02
247 1 -162.401787 0.00225575 0.00999746 0.0063021 0.02
300 1 -166.838867 0.00226011 0.00643933 0.0082157 0.03
402 1 -167.872948 0.00249791 0.00967956 0.00865635 0.05
264 1 -164.826326 0.00231243 0.00996338 0.00620968 0.03
249 1 -167.352417 0.00252561 0.00824304 0.00946466 0.03
283 1 -163.523276 0.00273595 0.00986221 0.0105138 0.03
195 1 -163.275101 0.00365139 0.00954484 0.0141355 0.02
224 1 -161.293197 0.00258018 0.00922308 0.0078252 0.02
315 1 -166.322590 0.00216292 0.00727012 0.00575546 0.03
321 1 -163.289080 0.00149962 0.00494761 0.00405107 0.04
310 1 -169.162138 0.00226087 0.00651417 0.00893209 0.03
243 1 -167.589461 0.00177401 0.00814193 0.00579087 0.03
239 1 -161.351474 0.00176059 0.00882883 0.00701032 0.03
278 1 -165.009303 0.00200046 0.00972838 0.00691263 0.03
350 1 -165.284060 0.00205183 0.00669729 0.0051988 0.04
252 1 -165.410020 0.0025864 0.00619522 0.00980883 0.03
219 1 -163.397123 0.00270611 0.00792729 0.00788966 0.03
191 1 -152.669764 0.00225982 0.00737731 0.00684735 0.03
262 1 -164.099922 0.00280479 0.00945735 0.00831856 0.03
182 1 -161.275331 0.00465517 0.00923313 0.0163309 0.02
307 1 -164.473390 0.00208464 0.00998861 0.00511141 0.03
221 1 -163.614515 0.00183115 0.00985195 0.00428583 0.03
394 1 -166.625481 0.00195057 0.00969244 0.00639697 0.05
251 1 -166.886391 0.00224254 0.0093463 0.00771533 0.03
468 1 -153.971857 0.00185751 0.0069768 0.00740041 0.05
394 1 -163.329784 0.00125096 0.00694215 0.00450454 0.05
422 1 -163.801398 0.00161157 0.00645513 0.00498506 0.05
187 1 -162.130387 0.00171691 0.00851725 0.00499169 0.02
299 1 -165.186307 0.00182864 0.00853352 0.00881678 0.04
279 1 -163.747792 0.00162791 0.0087162 0.00444019 0.03
297 1 -163.772370 0.00306058 0.0096587 0.0114254 0.03
219 1 -162.016869 0.0012235 0.00790677 0.00613792 0.03
221 1 -161.870920 0.00180874 0.00562235 0.00525032 0.03
305 1 -163.187391 0.00270908 0.00773122 0.00733561 0.04
271 1 -162.776698 0.00125638 0.00674401 0.00351565 0.04
313 1 -164.487836 0.00226625 0.00994888 0.00861941 0.04
188 1 -160.954093 0.00196476 0.00995965 0.00602484 0.02
419 1 -166.817449 0.00213344 0.00860392 0.00738953 0.05
249 1 -166.971551 0.0019221 0.00910694 0.00583271 0.04
205 1 -163.274956 0.00339019 0.00981499 0.0096684 0.02
221 1 -165.612856 0.00173897 0.00795042 0.00434421 0.03
203 1 -163.003947 0.00220897 0.00975542 0.00721908 0.02
205 1 -164.676834 0.00265745 0.00907104 0.0124923 0.03
341 1 -162.118633 0.00296464 0.009401 0.00813232 0.04
236 1 -161.360167 0.00352769 0.00957099 0.00981968 0.03
266 1 -164.458894 0.0021149 0.00678312 0.0065674 0.04
452 1 -164.484015 0.00160918 0.00886788 0.00595154 0.05
419 1 -166.861529 0.00247107 0.00969284 0.00638929 0.06
263 1 -163.548669 0.00246799 0.00981776 0.00625097 0.03
373 1 -168.341766 0.00206855 0.00795424 0.00721306 0.05
271 1 -162.866694 0.00165438 0.00663438 0.00574323 0.03
206 1 -158.735723 0.00203204 0.00776434 0.0059648 0.03
328 1 -166.197805 0.00169463 0.00949835 0.00575878 0.04
300 1 -160.418692 0.00261929 0.0090217 0.00883425 0.04
354 1 -166.802775 0.00180127 0.00884424 0.00647098 0.05
483 1 -170.713087 0.00208175 0.00829117 0.00781925 0.06
357 1 -163.355192 0.00175037 0.00879687 0.00530004 0.05
375 1 -167.216313 0.0017256 0.00801871 0.00738799 0.04
395 1 -164.059371 0.00238384 0.00749438 0.00893363 0.04
343 1 -166.963242 0.00249293 0.00955809 0.00695557 0.03
252 1 -165.740370 0.00168477 0.00643931 0.00371882 0.03
336 1 -167.238679 0.00127685 0.00648774 0.00445699 0.03
150 1 -166.723115 0.00120704 0.00721235 0.00366589 0.01
188 1 -165.909407 0.00357792 0.00966015 0.0103117 0.01
318 1 -167.595923 0.00150189 0.00746743 0.00460657 0.03
291 1 -166.175176 0.00227078 0.00735582 0.00611399 0.03
199 1 -166.443036 0.00295702 0.0086107 0.00980291 0.01
257 1 -167.488527 0.00191135 0.00748002 0.00565862 0.02
311 1 -164.565207 0.00220162 0.00896863 0.00627102 0.03
255 1 -164.839144 0.00299353 0.00816548 0.00848253 0.02
227 1 -163.013625 0.0037719 0.00994025 0.0169634 0.02
276 1 -158.777791 0.00337655 0.00963362 0.0115189 0.02
252 1 -169.144557 0.00192959 0.00709385 0.00666355 0.02
285 1 -164.552176 0.00238634 0.00724117 0.00902636 0.03
404 1 -167.348340 0.00282718 0.00736916 0.0103021 0.04
178 1 -160.108993 0.00145139 0.00713955 0.00534586 0.01
296 1 -168.650807 0.00265656 0.0096769 0.00763708 0.02
451 1 -167.570383 0.00198605 0.00749678 0.00521426 0.05
232 1 -162.218591 0.00154232 0.00592028 0.00381717 0.02
216 1 -163.718307 0.00144871 0.00586736 0.00388423 0.02
308 1 -163.909824 0.00172451 0.00812237 0.00616558 0.03
362 1 -167.571962 0.002896 0.00952802 0.00995598 0.03
250 1 -163.458464 0.00198354 0.00789195 0.0063512 0.02
270 1 -163.358537 0.00180035 0.00867553 0.00706224 0.03
360 1 -167.414516 0.00217098 0.00876919 0.00621292 0.03
218 1 -162.996247 0.00266789 0.00882384 0.00944742 0.02
449 1 -161.123900 0.00221993 0.00965084 0.00753779 0.05
204 1 -162.418317 0.0022764 0.00696518 0.00735289 0.02
228 1 -160.165309 0.00257731 0.00972552 0.00853437 0.02
150 1 -157.185270 0.00240972 0.00976974 0.00609432 0.01
243 1 -165.580146 0.00150693 0.00786796 0.00478209 0.03
253 1 -167.671940 0.00225399 0.00828437 0.00613344 0.02
315 1 -161.133643 0.00183838 0.0098201 0.00560477 0.03
279 1 -160.765771 0.00280667 0.0092693 0.00734393 0.03
168 1 -164.767118 0.00185584 0.0063584 0.00615746 0.02
146 1 -160.867215 0.00196919 0.00817918 0.00611713 0.01
213 1 -165.773392 0.0030841 0.00986762 0.0103821 0.02
212 1 -164.807470 0.00161047 0.00691412 0.00480162 0.02
212 1 -167.399840 0.00140681 0.00684329 0.00735919 0.02
269 1 -167.294867 0.00127861 0.0045307 0.00390482 0.03
188 1 -167.226213 0.00294585 0.00974599 0.008725 0.02
405 1 -162.879613 0.00206739 0.00781991 0.00497834 0.05
181 1 -158.012020 0.00157854 0.00644664 0.00453592 0.02
662 1 -165.637742 0.00162225 0.00488205 0.0043296 0.08
339 1 -163.961377 0.00117478 0.00747948 0.00386579 0.03
214 1 -167.926211 0.00176143 0.00934048 0.0056133 0.02
292 1 -160.559690 0.00222132 0.00969674 0.00778526 0.03
261 1 -166.721492 0.00234582 0.00835283 0.00831942 0.02
294 1 -166.148273 0.00310781 0.00895917 0.00807073 0.03
205 1 -167.111058 0.00189497 0.00838746 0.00779728 0.03
151 1 -159.736587 0.00244835 0.00952312 0.00731982 0.01
524 1 -165.589389 0.00153838 0.00534018 0.00385637 0.06
160 1 -167.703063 0.00215154 0.00945672 0.006433 0.01
186 1 -164.321057 0.00161791 0.00999099 0.00560833 0.02
267 1 -160.734114 0.0020568 0.00893194 0.00569299 0.03
207 1 -160.037080 0.00155785 0.00702195 0.00651231 0.02
427 1 -168.500152 0.00154319 0.00527464 0.00440507 0.05
163 1 -165.264310 0.00249641 0.00807901 0.00740496 0.02
216 1 -155.631208 0.00127214 0.00554014 0.00395513 0.02
365 1 -167.720653 0.00168218 0.0094387 0.00575276 0.04
579 1 -170.159082 0.00265859 0.00678876 0.0110798 0.07
306 1 -166.906640 0.00234853 0.00856522 0.00728151 0.03
379 1 -167.293358 0.00277246 0.0097336 0.00807668 0.05
388 1 -167.592035 0.0014781 0.00680778 0.00410098 0.05
319 1 -163.716200 0.00265741 0.00829095 0.00754536 0.04
301 1 -166.668824 0.00261759 0.00925767 0.00672791 0.03
268 1 -166.085648 0.00159579 0.00623689 0.00463538 0.03
249 1 -163.439663 0.00257539 0.00990306 0.00812165 0.03
182 1 -165.561776 0.00191299 0.00560178 0.00611682 0.02
260 1 -164.974582 0.00191597 0.00785749 0.00829413 0.03
181 1 -162.342265 0.00163519 0.00882136 0.00621493 0.02
265 1 -163.784197 0.0017549 0.0089366 0.00619766 0.03
356 1 -162.472504 0.00281136 0.0097304 0.0113709 0.04
197 1 -163.826864 0.00267716 0.0097369 0.0101031 0.03
423 1 -165.358342 0.0015446 0.00527355 0.00503732 0.05
324 1 -157.852982 0.00116761 0.0068686 0.00335599 0.04
161 1 -154.965713 0.00274185 0.00868264 0.00777234 0.01
315 1 -165.082187 0.00307623 0.00938983 0.00917309 0.04
205 1 -163.798119 0.00266259 0.00931618 0.00730045 0.02
222 1 -166.481706 0.00174792 0.00559139 0.00364702 0.03
209 1 -162.179431 0.00273578 0.0089156 0.00960526 0.02
203 1 -163.716586 0.00206138 0.00922032 0.0062333 0.02
298 1 -163.551447 0.00214175 0.00999205 0.00639119 0.04
322 1 -166.535605 0.00218185 0.00939053 0.0106749 0.04
445 1 -170.891430 0.00249954 0.00755971 0.00708974 0.05
183 1 -165.741344 0.00240922 0.00981372 0.00900201 0.02
340 1 -167.177655 0.0028288 0.00984443 0.00719532 0.04
261 1 -158.504546 0.00288001 0.00732875 0.00982461 0.03
208 1 -167.046844 0.0021815 0.00723788 0.0046349 0.02
260 1 -163.861431 0.00178511 0.00633368 0.00641959 0.03
251 1 -164.370162 0.00142351 0.0076789 0.00436526 0.03
227 1 -162.930394 0.00179037 0.00693582 0.00422665 0.02
201 1 -165.175690 0.00199718 0.00845226 0.00737115 0.02
297 1 -165.504461 0.00200879 0.00968137 0.0063903 0.04
244 1 -162.993961 0.00150693 0.00681044 0.00611978 0.03
213 1 -162.096250 0.00154114 0.00920115 0.00556825 0.02
279 1 -160.836308 0.00215516 0.00921402 0.00959683 0.03
259 1 -166.094919 0.00239679 0.00904135 0.00822172 0.03
323 1 -166.061795 0.00242695 0.00873051 0.00848709 0.04
219 1 -165.090910 0.00188336 0.00806706 0.00573409 0.03
186 1 -161.076822 0.00194452 0.00714642 0.00569345 0.03
373 1 -163.467594 0.00314996 0.00967261 0.012837 0.05
217 1 -167.334741 0.001749 0.00623239 0.00561691 0.02
249 1 -162.361376 0.00278931 0.009793 0.0114243 0.03
181 1 -164.094673 0.00211046 0.0075885 0.00593214 0.02
206 1 -160.705657 0.00301076 0.00976294 0.00966277 0.02
459 1 -167.848221 0.00230075 0.00677522 0.00636758 0.06
452 1 -168.212462 0.00173653 0.00829804 0.00800358 0.05
174 1 -155.511493 0.00163966 0.00802699 0.00635158 0.02
290 1 -160.238166 0.00222944 0.00850769 0.0083572 0.04
301 1 -164.147854 0.00292933 0.00960826 0.00867117 0.03
370 1 -166.538896 0.00315496 0.00932132 0.0129477 0.04
360 1 -165.709269 0.00193052 0.00838888 0.00489237 0.04
282 1 -163.640578 0.00126168 0.00945077 0.00425317 0.03
266 1 -164.767122 0.00164887 0.00863267 0.00588647 0.03
255 1 -162.912439 0.00174225 0.00534522 0.00685445 0.03
362 1 -166.595141 0.00147973 0.00760313 0.00473696 0.05
283 1 -163.346954 0.00186728 0.00776759 0.00572442 0.04
254 1 -163.680001 0.00246122 0.00928335 0.010451 0.03
242 1 -162.712787 0.00215895 0.00994746 0.00811886 0.03
215 1 -160.242936 0.00210679 0.0082419 0.00601073 0.03
206 1 -164.169199 0.00228451 0.00897837 0.00824666 0.03
217 1 -158.632591 0.00195228 0.00679387 0.0070299 0.03
223 1 -166.553953 0.00216615 0.0094005 0.00694884 0.02
244 1 -165.010198 0.00158843 0.00645878 0.00629187 0.03
414 1 -169.810095 0.00220542 0.00853522 0.00729911 0.05
175 1 -167.212948 0.00134899 0.00610092 0.0041614 0.02
396 1 -162.646054 0.00242515 0.00803413 0.00737947 0.05
266 1 -161.973583 0.00171558 0.00858123 0.00669246 0.04
446 1 -166.120448 0.00217094 0.00905087 0.00710517 0.06
270 1 -163.418121 0.00251789 0.0092054 0.00733767 0.03
235 1 -167.509430 0.00203718 0.00825297 0.00570203 0.03
403 1 -163.662353 0.00186239 0.00998671 0.00583375 0.04
231 1 -165.880326 0.00246096 0.00947416 0.0121938 0.02
227 1 -163.387025 0.00172473 0.00742461 0.00439179 0.02
221 1 -169.829550 0.00174402 0.00580165 0.00453395 0.02
306 1 -165.132434 0.00231418 0.00992869 0.00619948 0.03
162 1 -160.656840 0.00274054 0.00868797 0.00742281 0.02
205 1 -166.089443 0.00200987 0.00704556 0.00672267 0.02
335 1 -167.502058 0.00252347 0.00969193 0.00641272 0.03
350 1 -166.937645 0.00202313 0.00796224 0.0058448 0.04
208 1 -166.647651 0.00214964 0.00961807 0.00575127 0.02
216 1 -162.218629 0.00246412 0.00918471 0.0125255 0.02
206 1 -165.021148 0.00170314 0.00681212 0.00546782 0.02
652 1 -167.581774 0.00160434 0.00621138 0.00646024 0.08
542 1 -167.451119 0.00219313 0.00744442 0.00738071 0.05
210 1 -165.473057 0.00195628 0.00928865 0.00478357 0.02
446 1 -159.198286 0.00276537 0.00864253 0.00869449 0.05
285 1 -164.432704 0.00275638 0.00906329 0.0127206 0.03
439 1 -163.581239 0.00219576 0.00726225 0.00621614 0.04
199 1 -167.393499 0.00134265 0.00566791 0.00398454 0.02
235 1 -161.454573 0.00196796 0.0062805 0.00526997 0.02
