          38
Energy of minimum      1=    -173.9284266     first found at step       92 after                10680 function calls
LA        -1.3357820721       -0.3875602546       -1.0612843408
LA        -1.6766134571       -0.2118505033        0.4526896168
LA        -0.2138249134       -0.5852584808        1.6348065097
LA        -0.4694977340        0.9375333228        1.4005155927
LA         0.4949728858        1.6759891069       -0.0830827691
LA         1.0075648689       -1.3770121686        0.3866406466
LA         1.6766134278        0.2118507484       -0.4526889595
LA         0.4694984656       -0.9375328965       -1.4005156040
LA        -0.4096068043       -0.3256261497       -1.6694403421
LA         1.3357822384        0.3875598608        1.0612841426
LA         0.2138246258        0.5852581163       -1.6348066365
LA        -1.0075652398        1.3770117388       -0.3866407080
LA        -0.4949729319       -1.6759889942        0.0830824297
LA         1.3783615247        1.0611006308        0.1871522031
LA         1.0929300587       -0.0266486630       -1.3658822373
LA         1.6340344356       -0.4616899229        0.4214429555
LA         0.0858804033       -1.4386463002        0.9918476058
LA        -1.0929297222        0.0266493391        1.3658826279
LA         0.4267116972       -1.6143553700       -0.5221245138
LA         0.4096069535        0.3256255842        1.6694402074
LA        -0.4267115011        1.6143553942        0.5221242489
LA        -0.0858808723        1.4386459805       -0.9918478577
LA        -1.6340347222        0.4616893491       -0.4214428746
LA        -1.3783613965       -1.0611001999       -0.1871520951
LA         0.4519211355        0.9963232913        0.7897055123
LA        -1.0469828062        0.6980693865        0.4868817914
LA        -0.7069759585        0.5227846527       -1.0234298074
LA         0.7919278001        0.8210389616       -0.7206059546
LA         0.7069756831       -0.5227850097        1.0234296679
LA        -0.7919279007       -0.8210386860        0.7206059879
LA        -0.4519207492       -0.9963231506       -0.7897055212
LA         1.0469827191       -0.6980691819       -0.4868816173
LA        -0.1270249035        0.7565607008       -0.1164015784
LA        -0.7464983279       -0.1485391887       -0.1508151609
LA        -0.1693334855        0.0872969265        0.7521797300
LA         0.1693334874       -0.0872967238       -0.7521797064
LA         0.7464982743        0.1485393645        0.1508152336
LA         0.1270248134       -0.7565606113        0.1164015750
