          38
Energy of minimum      1=    -173.9284266     first found at step       18 after                 3188 function calls
LA        -1.5272655348        0.6809878517       -0.5143514853
LA        -1.5908962109       -0.4096232973        0.6017472024
LA        -0.0002018012       -0.5384241657        1.6646143474
LA        -0.1273699108       -1.6481103497        0.5730188089
LA        -0.7138600276        1.1609437254       -1.0970210569
LA         1.5908966345        0.4096226448       -0.6017466182
LA         0.6501683102       -1.1800652757       -1.1160499017
LA         1.4954971767       -0.6905253027       -0.5894951316
LA         0.8414319969        1.0255908604       -1.1406125439
LA         0.9051238230        1.0447126472        1.0724582872
LA         1.5272654221       -0.6809877116        0.5143511140
LA        -0.9051240199       -1.0447125355       -1.0724581008
LA         1.6226650390        0.4191603054        0.5020996074
LA         0.1273699177        1.6481100976       -0.5730193673
LA        -0.6501685403        1.1800653225        1.1160497734
LA        -0.8414312770       -1.0255912756        1.1406127967
LA        -0.1592932327       -1.6576940377       -0.5362057023
LA         0.0002019197        0.5384243358       -1.6646139916
LA         0.0956622737        0.5670841453        1.6523027747
LA        -0.0956623957       -0.5670840637       -1.6523027793
LA         0.1592931969        1.6576941153        0.5362053838
LA         0.7138596378       -1.1609437188        1.0970208355
LA        -1.6226650628       -0.4191600764       -0.5020990581
LA        -1.4954971797        0.6905247674        0.5894947425
LA        -0.6805966977        1.1650001425        0.0095211998
LA        -0.8074570632        0.0579980945       -1.0794335034
LA         0.8709341008        1.0299747071       -0.0339649717
LA        -0.7440735550        0.0770271960        1.1229197210
LA         0.8074569463       -0.0579981155        1.0794335058
LA        -0.8709339044       -1.0299745701        0.0339650045
LA         0.7440736167       -0.0770272611       -1.1229195768
LA         0.6805964942       -1.1649998136       -0.0095213604
LA        -0.7727081323        0.0672466983        0.0216574021
LA        -0.0631802651       -0.5513195161       -0.5423316258
LA         0.0316134035        0.5418427098       -0.5545053027
LA         0.0631802023        0.5513197272        0.5423316125
LA        -0.0316134391       -0.5418424877        0.5545053667
LA         0.7727081383       -0.0672465198       -0.0216574083
