50.000000000000000     50.000000000000000     50.000000000000000
49.483703613115395     50.490980178191336     50.206624256504846
49.231280268997601     50.380736420687796     49.584415116696334
50.073856369099083     49.240585550702285     49.752554714427454
50.570005796953595     49.960312293979648     49.473575750378835
51.119492309887782     50.152764097899983     49.452098248674815
50.873875627798306     50.247840900054243     48.786414969815858
49.490390593584713     49.970110255637259     50.654885091882974
51.513302732915264     50.495138982498077     49.852376099462646
51.471759060851369     50.607140544116000     48.909568959709851
50.474768345686897     48.941269813629631     50.147226617622060
51.729695910891515     49.887557252895370     48.930586297153987
49.925989204293245     49.216798703303596     50.428348644545750
51.931842674299645     50.076296512744761     50.083776683093888
51.110461538696725     51.051470008053798     50.053981850217156
51.599828075821968     49.700606585086533     50.104459776502708
49.142737168796884     50.580550458349549     48.848952867867020
49.962349556070464     50.579749630218672     50.789058599504891
51.393330530782379     49.285941203766377     49.537961108188355
49.681367964769464     51.020452625989059     50.571207660374519
50.013314929712870     48.757937429230516     50.143032345487313
50.593554933848750     50.214449051006383     48.366223148279786
50.945334132945234     49.855465349939280     47.930269974461083
49.657047266493642     50.860425767523097     51.392889205878866
51.183992390810580     49.351446675501997     47.698656956102234
51.953897212910441     50.163339362745901     48.284469050769324
50.678146863277910     49.434219491612815     47.816417173789354
52.494280372852636     50.388383660127026     48.600757856234011
49.815962790302351     49.712632631752463     51.213917622817007
50.977811698724913     48.957429104195754     48.318122792635457
51.380187774829601     51.164088969273585     48.986218292729419
52.003541046011762     50.453094385711964     49.183872442143958
49.641017181300469     49.512360912309383     49.467148360133464
49.952118298798382     51.572048457731071     50.676415687084230
50.428066041395383     50.975290343382582     49.969838128183270
52.044978367651183     50.881442474999929     49.544396206448134
50.244927513564662     49.612169297282897     48.545638662141755
48.715753202750470     50.424472669453394     50.255898661843688
