          98
Energy of minimum      1=    -543.6653608     first found at step      413 after                78597 function calls
LA         2.0814244414       -1.1654474867       -1.0373623537
LA         2.3489228799       -0.8107971744        0.7693409717
LA         0.5040769671       -1.9852971771       -1.6035015791
LA         1.0398139887       -1.2750155323        2.0149039523
LA        -1.3145283031        1.5399541300       -1.6331787015
LA        -0.8014201927       -2.4482339492       -0.3613755111
LA        -0.8885477047        2.1047203976        1.2439255886
LA        -0.5331815903       -2.0926025704        1.4503267805
LA         0.2584666627        2.3575417861       -1.0686010309
LA        -1.5185808280        0.2167534683        2.1008677759
LA         0.4169487357        2.5676578679        0.0017986890
LA        -2.0543178655       -0.4935278668       -1.5175386003
LA        -1.4850085235       -1.5376039386        1.4823087145
LA        -0.5866440055        0.7011409284        2.4353573461
LA        -1.8204844340        1.6203328248        0.9094359471
LA        -1.7532471020       -1.8932352500       -0.3293937439
LA         1.0199238884       -0.2356293017        2.3813754887
LA         0.3257047846       -1.1560270494       -2.3074299567
LA        -2.0879828884        1.2656827399       -0.8972684065
LA         2.3290325593        0.2285891466        1.1358123425
LA        -1.2808631174       -0.2192566141       -2.2534487427
LA         1.9030520542       -0.3361772678       -1.7412906055
LA         2.0279609434        1.6282967908       -0.0523323470
LA         1.8694788696        1.4181806562       -1.1227319642
LA         1.2494589453       -1.8588696843       -0.7892707292
LA         1.5200861863       -1.5000712817        1.0385646047
LA        -0.7308133638        0.7388838570       -2.1352878780
LA        -0.1448489421        1.5157571719        1.8223585866
LA        -1.9991548831        0.5519548908        1.1568134033
LA        -2.2697821111        0.1931567379       -0.6710225477
LA         0.8605798737        1.5660343528       -1.5641068548
LA         1.1759170324        1.9841094232        0.5657034900
LA        -1.9651898512       -1.2229220360        0.5310193479
LA         1.4805098495        0.5680303311        1.7677451962
LA        -0.0713078766       -2.3272213816        0.4673838836
LA         0.8945454842       -0.2088431005       -2.1899004123
LA         2.3015674803        0.3923802818       -0.9879497074
LA        -1.6160523222        1.9481035344       -0.1431356086
LA         2.4607768756        0.6034606692        0.0873620982
LA        -0.7734188835       -1.2058897059       -2.0916196758
LA        -0.0912872271       -0.3015177848        2.5155463082
LA        -1.5504232128       -1.4814197343       -1.3523324407
LA        -1.0275008994       -0.7881282325        2.1795218133
LA        -0.0713058330       -1.3456739767        2.1473930469
LA        -0.6798389098        2.4347141555        0.1928889786
LA        -0.5942281593       -2.0389655818       -1.3844609104
LA        -0.8390483309        2.2236338320       -0.8824230907
LA         2.4807585889       -0.4406956955       -0.2807910338
LA         0.8698386614       -1.8330649842        0.2310375594
LA         0.8096649737        1.3113800616        1.3397200505
LA         0.3302106030        0.6757179291       -1.8985497323
LA        -2.0097141429       -0.1540332104        0.3277921485
LA         1.3050421940        0.5325996553       -1.4397279572
LA         1.6239185645        0.9553670403        0.7139862729
LA         0.4001706017       -1.5840864104        1.1790452109
LA        -0.2176742002       -0.2588549048       -1.9862593257
LA        -1.7739157676       -0.8107070847       -0.5055599407
LA         0.1412223314       -1.9274006501       -0.5699094534
LA         0.3601504021        0.5072266571        1.9164098705
LA        -1.5149675012       -0.4673929157        1.2433950612
LA        -1.8064148799        0.8875742748        0.0932276934
LA         1.6639391075       -1.1359461771       -0.0233781992
LA         0.0687027235        1.8621939672        0.7662425305
LA        -0.2501736448        1.4394266864       -1.3874717799
LA         1.0656387443       -1.0277193385       -1.4807432544
LA         1.4913921559       -0.4632541384        1.3948256361
LA        -1.0656384048        1.0277189920        1.4807436424
LA        -1.4913918200        0.4632540243       -1.3948259304
LA        -1.0122044798       -1.7645347572        0.4962383124
LA         1.0122039193        1.7645349782       -0.4962383762
LA         1.4603224216        0.7380650780       -0.3610934825
LA        -0.9905229885       -0.5357979997       -1.2407477079
LA         0.3753410719       -0.5366239251        1.5423437323
LA        -0.0414417595       -1.0891957539       -1.2726372389
LA        -0.5737401638        0.0167737538        1.5742334787
LA        -0.5539073917       -1.0196142135        1.2088191988
LA         1.4801555208       -0.2983230228       -0.7265076723
LA        -0.8126653213       -1.3626760726       -0.5388500807
LA         1.6381804586       -0.0888130380        0.3408041006
LA        -0.8649734053        1.3707448718        0.4249116638
LA        -1.0229983484        1.1612349715       -0.6424003164
LA        -0.0937501339        1.6442254262       -0.3088756843
LA         0.6768049037       -0.9812370811       -0.4647084225
LA         0.8323719370       -0.7749858312        0.5860024657
LA        -0.0824230505       -1.2504638133        0.2576655273
LA        -1.0339399866       -0.6956460501        0.2896370341
LA         0.8124882212        0.2640618563        0.9523545666
LA         0.4984906933       -0.1522370432       -1.1684074236
LA        -0.1218310898        0.8088519341        0.9837483959
LA        -0.4358286430        0.3925530532       -1.1370139204
LA        -1.0534643840        0.3246220055        0.6493677675
LA        -1.2090314280        0.1183708034       -0.4013433513
LA         0.4789661999        0.8680311724       -0.8086768880
LA         0.6373966956        1.0780788381        0.2613742692
LA        -0.1076028769       -0.2201906415        0.6186643681
LA        -0.2638386419       -0.4273284586       -0.4365632344
LA         0.6548886130        0.0501934970       -0.1068148667
LA        -0.2834469943        0.5973253886       -0.0752862395
