       -1.5092963488       -0.4441004838        1.3994547218
        1.2779454310        0.9988445196       -1.6774182329
        1.5291748089        0.6711309815       -1.2253721211
       -0.9129629537        1.6856556776        1.4086135665
       -0.7394489587       -0.7063449402        1.1294170081
        0.5434139669       -0.7451373876       -1.1651962770
        1.6820146557        0.0613639270        0.6176264543
       -1.5398990152        1.1421500699       -0.8873979504
       -1.4656491475        0.7986403646        0.8723934530
        0.5835467551        1.0723033338       -1.7283800933
        1.0719158176        0.0465395159        0.2976875728
       -1.5634130241       -1.5185724899        1.1239993861
        0.8528622622        0.7756989636       -0.1081804934
       -1.4647229001       -1.5354781540        1.3115751146
       -0.4196657944       -0.2616772533        0.8567863829
        0.4637960541       -0.7967346667       -0.0631756732
        0.7916466555        1.6914022490       -1.0793837372
        1.3919652658       -1.4526685090       -0.4089644360
       -0.0114471122        1.3263077194        0.8736476141
       -1.7059981680       -0.6973208409       -0.7795824503
        1.6963695246        1.1089101640        1.5643733610
       -1.1033531930       -1.2099337100        0.2196267432
       -1.5061897188       -0.9312957707       -0.3964421303
       -1.4769209634       -1.1966843585       -0.8808905113
       -0.1000354195        1.1415414802       -0.3871951959
       -1.2060115993        0.1284943254       -1.0719447179
        0.5864367670       -0.3421409021       -1.6087879276
       -0.6876715450       -1.0088311368       -0.0758015560
        1.2891187738       -0.4121180168       -0.9797352056
        0.0368910379       -0.4762052074       -0.6451512894
       -0.6144578604       -0.3841167919        0.2019754520
        0.2753593120        0.4434789071        0.9797448293
       -0.8156081571        1.3524891988        1.6929139057
       -0.1488349236       -1.6917051985        1.3596519024
       -1.5036365040       -0.9783995878       -0.2181612646
        1.5980764696        1.4572767590       -0.9587595226
        1.4688211595        1.0059810814        1.0500629481
       -0.8285865211       -1.1897601094        1.2520697579
        1.1086811783        1.7277298180       -0.9974409808
        0.9234157949       -1.3266533257       -1.6623087777
        0.2313210441       -0.4614827489        1.2222132719
        1.5800251478        0.8073952524       -0.2400529227
        0.6740298493       -0.7211680802        1.2871631747
        0.1355449139       -0.5872366862        1.2344884929
       -0.0256963667       -0.0465150404       -0.5188956190
        1.2531607881       -1.4487825994        0.6332268446
        0.7926432484       -1.3736865585        0.7239744014
       -1.7242606604       -1.5512099521       -1.5346232798
       -0.4112753005        1.5435276825       -1.2754944060
       -1.5855928105       -1.4212540397        1.3160475595
        1.0907752112       -0.3203219496        0.6872764102
       -0.4505162746        1.0672547467       -0.3651671811
        1.4280931559        1.0966654434       -0.3204951140
        0.1166299814        1.1338664551        0.5863004118
        0.5225195389       -0.0170447058        1.5291983779
       -0.7984206203        1.0232498490       -1.4688429718
        1.5726475473       -1.0008167658        1.0774966545
        1.6116546834        1.5852288682        1.2651104407
        0.2323650008       -0.3569090758       -1.6557182915
        0.6991028383       -0.4814162092        0.9791442810
       -0.4824297478        1.1590580116        0.8859942035
       -0.8369722547        0.9500598559        0.1906090472
       -0.5475832687        0.8705251645        0.6439842469
       -1.2682659670        0.8742917468       -0.2908320611
       -1.4180738202        1.2697358945        0.3367257821
        1.4973008164       -0.5290511421        1.0500798776
        1.6446193174       -0.4370965686        1.7282951686
        0.8611003457        0.4882954319       -1.1288686209
       -1.5043075899        0.1960726214        1.5897914965
        0.0554637984       -1.6168652917       -0.4976636374
       -0.5030371233       -1.6741968503       -1.4112678757
        1.6739108045        1.3271106535        0.3920033782
       -1.4025882082        0.3245974610       -0.9918200536
        0.5360650843        1.5172874025        1.6602646663
        1.5129484705       -0.0885247456       -0.0103650799
        1.5999469084        1.0268541616        0.9648551652
       -0.5715149941        1.0099248576        0.1391015273
        1.4496749523        0.0557450695        0.7297370698
       -0.4754282958        0.6709559749       -0.3579605092
       -0.2626689311        0.5012727554        0.8502675086
       -0.6015466964       -1.4167008286       -1.5090521258
        0.6286657116       -0.1670711548       -1.2028479625
        1.4215111159       -1.3334016535        1.3855565483
        1.6190878859       -1.5332488138       -1.6928863427
        1.1063121567       -0.9052266130       -0.7559485964
        1.0251928207       -1.7204246794        1.3378514989
        0.8270183237       -0.9872401764       -0.1056841709
       -1.5131494738        0.4746882323        0.6421820309
        0.2591001760        1.3578506430       -1.3834705867
       -0.4824558138        0.9022273863       -0.3892211906
       -1.6394327298       -0.9556112666        1.4934094723
       -0.2799269619       -0.4816423688       -0.9307979735
       -1.1369550312       -1.6667171923        0.0842316062
       -1.2082419009        0.2242317267       -0.6472787786
        0.5010923837       -1.4813448025       -1.6102244995
        0.9380891475       -0.0386464999        0.7651930191
       -0.9401106658       -1.4824052289       -1.5851136962
        1.3996302543       -1.5353600671       -0.1131567120
