          98
Energy of minimum      1=    -543.6653608     first found at step      550 after                96131 function calls
LA         0.0264415368        1.9811114829        1.6855901286
LA        -1.2987590949       -1.1631507197       -1.9305493523
LA        -1.6056107269       -2.0239318546       -0.3040224815
LA         1.8862311927        1.6827359803        0.6142046333
LA         0.2077371675        2.4896828012        0.7245969378
LA         2.1281665803       -1.2643503198        0.7994005998
LA         2.4341716014       -0.4059438766       -0.8226386119
LA         1.1248656318        0.5024502923       -2.2910557751
LA         1.7049355535        1.1741646106        1.5751977747
LA        -0.5489974076        1.3071706584       -2.1809683179
LA        -0.6139141471       -2.5006965831       -0.3692451855
LA        -1.4954959176        0.9351817580        1.9119735770
LA        -1.4506843421        0.6874992923       -2.0468453431
LA         0.3307133394       -1.7253085385        1.9185032440
LA        -1.3431497248       -0.9205881176        2.0285912074
LA        -2.0635410452       -1.0316882113        1.2017212070
LA        -0.3070624910       -1.6399153841       -1.9957720376
LA        -1.0081952360        2.3021593678       -0.6710591420
LA        -1.9098820855        1.6824879390       -0.5369361208
LA         0.6020185648       -2.3131733348        1.0264106263
LA         2.3441618667        0.6904920839       -0.8915388781
LA        -2.2158871089        0.8240816291        1.0851034759
LA         1.8568612297       -0.6764855777        1.6914932240
LA         1.2148752448       -0.5939856617       -2.2221555060
LA        -1.8384049142       -1.1573576544       -0.9593134768
LA         0.6714336747        1.1257143602        1.9802616362
LA         1.0321637321        2.1376358205        0.0681412255
LA        -0.8683047981        0.0675512134        2.2092929910
LA         0.1348071146       -2.1059922932       -1.0890891639
LA        -0.1979905562        1.9479191287       -1.3438387933
LA        -1.9921073211        0.7149380540       -1.0769697568
LA         1.4954505722        1.1337863767       -1.4552138656
LA         1.3649616854       -1.9162757751        0.3228906615
LA        -2.3016915145       -0.1535084816        0.5640417753
LA         0.8251363801       -0.7465815231        2.0979173663
LA         1.6745458717       -1.0478291152       -1.3181205547
LA         0.1189077279       -0.6997995439       -2.4337956903
LA        -1.7725307294        1.7188509858        0.5752444846
LA        -0.4792894329       -2.3778639933        0.7370646484
LA        -0.8667058463        2.3413661561        0.4405058976
LA         2.2233352267        0.2573446268        1.1907030251
LA         2.4054628633        0.7682498558        0.2252998637
LA        -1.0488335031        1.8304609426        1.4059092772
LA        -0.7518397811       -1.7873014904        1.6332513139
LA         2.4958857688       -0.3332178857        0.2945163918
LA        -1.4755370739       -1.8989113548        0.8025867001
LA        -0.8773399120       -0.2208469455       -2.3682737745
LA         0.0284850127        0.4016681444       -2.5030123426
LA         1.0233133865       -1.6344625100       -0.6719282327
LA         0.7510076875        1.6825745407       -0.8803719985
LA         0.2025357210        0.1439988619        2.0269109742
LA        -1.9768567056       -0.1921110370       -0.4746108026
LA        -1.8674523257        0.7549861165        0.0472461194
LA        -0.0531992987        2.0018055022       -0.2226182860
LA        -0.2709083452       -0.8129695790        1.8235413229
LA        -0.4179780464        0.9785267592        1.7109628905
LA         0.5711998022       -1.1648234077       -1.5416003441
LA         0.3900943294        1.0412775249       -1.6802325193
LA         1.7482664576       -0.9832941955       -0.1905550390
LA         1.2023821745        0.1995280514        1.6043938112
LA         1.5671608856        1.2228067783       -0.3291871170
LA         0.2749758090       -1.9957918532        0.0285924758
LA        -1.7203826865       -1.0365101156        0.1598248212
LA        -1.4241586913       -0.2055416836       -1.4103681774
LA         0.8467423553        1.6219893971        1.0181217229
LA        -0.8467425374       -1.6219891981       -1.0181215559
LA        -1.0885486811        1.3235251726       -1.2032192856
LA        -1.5755895473       -0.0427235052        1.3784360780
LA         1.0885487399       -1.3235251813        1.2032189406
LA         1.5755895532        0.0427234982       -1.3784358253
LA        -0.9563062026        1.3733535673       -0.0839589325
LA        -0.2379930766        1.4841331656        0.7405259731
LA        -1.1370789105        0.8662493319        0.8742621711
LA         1.3811759198        0.7057071360        0.6340353617
LA        -0.4235883579       -0.6797413324       -1.4717999000
LA        -0.9901173614       -0.9239300062        0.9867579913
LA        -0.7195945787       -1.5100988768        0.0972386602
LA         0.4754974881       -0.0618575729       -1.6055360889
LA        -0.0012814097       -1.3993193647        0.9217234027
LA        -0.5133384501        0.4135317919       -1.5405017000
LA         1.4709261259       -0.3875660396        0.7027369839
LA         1.6516988120        0.1195382024       -0.2554839216
LA         0.0287496559       -1.1327528154       -0.5940451959
LA         0.7358901495       -1.0236963620        0.2176155357
LA         0.9138511119       -0.5244796151       -0.7257012687
LA         0.3763188428        0.6402453866        1.0417846548
LA         0.5575554602        1.1486510600        0.0811044798
LA        -0.5087826310        0.0319721126        1.1734407426
LA        -0.1495850272        1.0395945460       -0.7305564058
LA        -1.0509782609        0.4201250031       -0.5964770203
LA        -1.2289392459       -0.0790917654        0.3468399733
LA        -0.9626241004       -0.6561433675       -0.5288437797
LA         0.8238706461        0.5715993869       -0.7945792374
LA         0.4646730585       -0.4360230316        1.1094177421
LA        -0.3334585464        0.5326084854        0.2189555505
LA        -0.2447245684       -0.5482863121        0.2868794656
LA        -0.0659986083       -0.0469236230       -0.6604923766
LA         0.6441815986        0.0626016471        0.1546574415
