          98
Energy of minimum      1=    -543.6653608     first found at step     1428 after               336839 function calls
LA        -2.4365882491       -0.3549277870       -0.8389159634
LA         0.2754310762       -1.7201054169       -1.9318622281
LA         0.9161738646       -0.0414939547       -2.4342594609
LA        -1.6340746360        1.6052523446        1.2327536743
LA         1.7186880745        1.9186860044       -0.3625899416
LA        -1.4786342718       -2.1391051155       -0.0677174926
LA        -1.4990448215        2.0483194917       -0.5691816771
LA         2.1965345980        0.5753468433        1.2692231644
LA        -0.4693481266        0.3261263694        2.5377291317
LA         0.0604020391       -2.4256721055        0.9376475892
LA        -1.3986344782       -1.8766060265       -1.1352918637
LA        -0.1189161119        1.4759861666       -2.1387004878
LA        -2.0126418973        0.6134861537        1.5295825383
LA         0.5657421568       -1.1913532869        2.2421706309
LA         1.8279910474       -0.2112730890       -1.8386210709
LA         2.3319373432        1.0196400665       -0.5376970660
LA         1.0522188568       -2.3329516883        0.4657120339
LA         1.1872481997       -1.8898847264       -1.3362235267
LA        -1.7976127884        1.3190527190       -1.3399267210
LA         1.5832852005        1.4743927567        1.4443300785
LA         1.5575588747       -1.0986332001        1.7702347640
LA        -0.0907806084        1.3178924677        2.2409001675
LA         0.1796518925        2.2052527191       -1.3679551367
LA        -2.5165879579       -0.6174269176        0.2286583870
LA         0.0296111958       -0.6912214016       -2.2717454949
LA        -1.6640344427       -0.8495525495       -1.4658585825
LA         2.3537251927        0.2162733326        0.2295560793
LA        -0.5601240453        1.8468044718        1.3838592269
LA         1.8438846179       -1.0290369262       -1.0865838074
LA        -1.3133722858       -0.1265459503        1.9744696880
LA        -1.8232126168       -1.3718560916        0.6583298635
LA        -0.4235149732        2.2950538500       -0.4391519136
LA         1.1335221351        2.0051351848        0.5779724191
LA        -0.2661751706       -1.6617749345        1.6754542850
LA         1.7072759432       -1.4772862469        0.7364277743
LA        -1.0175855657        0.8440074196       -1.9727295840
LA         0.5794098774       -2.4064268051       -0.5482830923
LA         0.9484901130        0.9030083667        2.1707514324
LA         1.8285171558        0.8659709914       -1.5276904785
LA        -2.4404151877        0.4668890163        0.5035942888
LA         1.2124537008        1.7691428882       -1.3517799402
LA        -0.4169587160       -2.4995723260       -0.0741816531
LA        -2.3600486326        0.7305929448       -0.5688792471
LA        -0.3365917449       -2.2358683415       -1.1466551453
LA         0.5681852908       -0.0933089988        2.4689427405
LA        -2.0601105313        1.4632064961        0.2054029371
LA         1.5645536761       -0.0001634862        1.9948410992
LA         0.9125155430        1.0365295152       -2.1260623565
LA        -0.8549360287       -0.2246186900       -1.8408572883
LA         0.0483182844        1.9816246911        0.4908708065
LA        -1.0969578024       -1.0187557129        1.3888646231
LA         1.9035756024       -0.7382502600       -0.0388781702
LA        -0.7556628930       -1.7478103865        0.6585947775
LA        -0.2678249010       -0.5562417939        1.9179360875
LA         1.2399374209       -1.5612512698       -0.2909710228
LA        -1.5967032705        0.2493313724       -1.2033231642
LA         0.4938774487        1.4392565373        1.3206966661
LA         0.6245908973        1.8681616032       -0.4236417399
LA         1.7277753444       -0.3696827352        0.9683703140
LA         0.0238526547        0.4008295137       -1.9744317641
LA         1.8584885461        0.0592223653       -0.7759682918
LA        -0.9959652754        1.7166636560        0.3474667489
LA        -0.5946984595       -1.2196443421       -1.4894346661
LA        -1.7576675410       -0.2788347136        0.9447060357
LA        -1.7332733291       -1.1041111177       -0.4013676300
LA         0.9311872211       -0.8550234744       -1.6691969036
LA         0.7162731256       -1.5602137995        1.1987825770
LA        -0.9311874493        0.8550234399        1.6691967811
LA         1.7332733070        1.1041109726        0.4013674105
LA        -0.7162729810        1.5602138179       -1.1987822692
LA         0.1157778651        0.4385800321        1.6130447117
LA        -0.6694080865       -1.4792754912       -0.4138927625
LA         1.1047335580        0.5310327065        1.1424702704
LA         0.2397788495       -1.6485650829        0.1800275317
LA         0.7272581531       -0.4578724648        1.4384431152
LA         0.9376440060        0.2324595138       -1.3691078530
LA        -1.2932008427        0.9775254671       -0.4239644209
LA        -1.6706761675       -0.0113798033       -0.1279917061
LA         1.2353507661        0.9596225073       -0.6005859147
LA         0.3195476133       -1.3868228653       -0.8844672159
LA         0.3261638611        1.1289121389       -1.1945061437
LA        -1.3729695621        0.7157832284        0.6405302801
LA        -0.3242824138        0.9672254084        0.7721146289
LA        -0.9158290960       -0.4776565602       -0.7549479485
LA         0.6492910463        1.0582400450        0.3088595298
LA         0.0577442702       -0.3866418610       -1.2182030500
LA        -0.5442250083        0.4958673389       -1.0463171528
LA        -0.2457543833        1.2248965256       -0.2758229081
LA        -0.9958025712       -0.7400705494        0.3122786361
LA        -0.1007571103       -0.9067270204        0.8969611778
LA         1.2623407203        0.1594868230        0.1338097159
LA         0.9692645923       -0.5563658848       -0.6227585734
LA         0.8907366081       -0.8140370280        0.4251790816
LA        -0.7027264737       -0.0242178234        1.0688469493
LA         0.2785908295        0.0731945271        0.5998646251
LA        -0.0157450619       -0.6457353783       -0.1599558383
LA        -0.6203020725        0.2405673810        0.0126688600
LA         0.3574563830        0.3319732894       -0.4525776053
