50.000000000000000     50.000000000000000     50.000000000000000
49.974328708501005     50.353289723415706     50.428856492904707
49.692613477535019     50.795338324079616     50.498263621660314
49.461664104971689     50.622874852448888     49.779242189168684
49.617621601115694     50.480514478772008     49.147617479058141
49.174385521001227     50.987767209315777     48.988728907478958
49.831661131134105     50.995683426448338     48.853725217467961
48.429393886383004     50.965681656038754     49.099055951977235
50.330230605743971     50.856930262772863     49.051151490523516
48.798331352486628     51.480999157695642     49.036927600099219
50.682087276182791     50.285008457154404     49.103339048124809
47.826741290399134     51.112869301282537     49.117191718379331
50.165048034288979     49.603022482693355     50.301346701758142
49.878682967144179     51.303898916384661     48.212356874583563
49.788768345060603     50.971801442615750     51.067764100198438
50.328906735834607     50.796590423361685     49.983998179797993
49.533767703119757     50.126916533663440     50.466964934198735
47.990441938591047     50.781434806036131     49.628529927433298
50.356240353092204     49.322809448474707     49.787359987523566
48.323002479139845     50.833705537100769     48.385027862282335
50.741911216914723     49.647889717085278     49.806429646281892
50.642944496593657     48.835310964521852     49.657684958491402
49.120588559178458     50.867008818194144     51.060382638769326
51.125489227858061     49.359371674473245     49.441351461614460
48.570467821746711     50.435753558440396     49.969069900720861
47.762391902733377     50.851882120740768     48.436503705131585
49.219559763907334     51.304005316437184     51.544232410146101
49.898799137428803     51.327910537313116     47.481226095488395
50.068165743629571     51.280257579107705     49.432889413738295
50.762945116014592     51.404515562477428     50.055130008522937
48.320028188452582     50.194849228633920     49.323821633149791
50.028130661912257     51.462644501840643     48.800969909294466
48.076455142079183     51.543081453340655     49.815577721804850
47.933062386043204     51.218951919525765     50.277259754036685
50.273449279872452     50.798689920910263     51.426909426337680
51.492527646070165     49.504588702953775     50.096979229993522
48.377288215369298     52.113769253124268     48.770507531114063
48.994894932276090     51.987637320753052     48.465425537497751
