50.000000000000000     50.000000000000000     50.000000000000000
49.321699807418689     50.242250822452647     50.319277363159770
49.082989511189957     50.030831459436719     50.934594527849043
49.820306893655122     50.435576601039251     50.454417946284437
49.637864788044560     50.318227002360203     49.766550099507150
50.241104888202962     50.070909152984534     49.256638560221113
49.627438023193598     49.419925318110813     49.684952714788508
50.617813007428595     50.032530077522715     50.486989612428914
50.905328447689357     49.787726539871656     49.105694969441188
49.159108344824247     49.086978841166918     49.509050709589822
49.346344025713471     49.100782834583953     50.142273122731225
49.904708800851594     49.154772950327569     50.089003892574617
49.814619790414596     50.937251191410454     50.572440574010685
50.016576706023635     50.761345900876940     49.360281524459616
49.827806840364332     49.773623787630427     50.600553113117108
49.873367705001201     50.329555180825110     51.239027896215418
49.779408062992204     49.766903770750631     49.251402195678374
49.100607532648368     49.339516262165709     50.910747026919260
48.901446114597434     49.538250627281954     49.423240431893241
49.218148742614943     49.953660044028503     49.636948975151888
49.682625137085097     50.010991858953901     48.813855449637622
48.710953688421625     49.201973035902725     51.589737480257980
49.993457936849076     49.025676923360059     50.750941855042328
51.478366568448024     50.136612922968979     48.855897434242856
49.573033966393623     50.941887405524270     51.094976022258798
48.276001885212885     49.730955791953157     51.373311161018485
50.545054206490704     49.286499510652568     50.361554259423002
48.765544948344541     49.636896080588258     48.945462266453312
49.181193032825483     48.572912258382459     51.659383457964175
48.828542553509706     50.486003807017809     50.331784342608152
48.783480957117369     48.571031535006085     51.961627177857665
48.797664477205501     50.589605815013194     50.906658363134397
50.328480745430909     48.670757138495112     50.546540968149550
50.243075242502250     51.380063833153507     51.137533884996600
48.191253637462630     50.607284783616691     50.686145253580356
49.971114797659524     49.558516649304806     51.283131784040116
49.653830553564930     51.581099200820141     51.615187130303021
48.518290056022899     49.345653639669280     49.901721876855568
