          38
Energy of minimum      1=    -173.9284266     first found at step      205 after                29919 function calls
LA         1.7274085518        0.2765868186       -0.0200194503
LA        -0.8523302377        0.9874482658        1.1658987053
LA         1.2362568548       -1.0123158541        0.7125493674
LA        -1.5383028551        0.7688688655        0.3214135463
LA        -0.4358782159       -1.6930463503        0.0666739995
LA         1.2314632918        1.1085571612       -0.5616413747
LA        -0.5488173773       -0.8910367267        1.4020320915
LA        -0.1323608302       -1.4484138430       -0.9723268120
LA         0.6259022316        0.6204773293        1.5113222907
LA         0.5488169632        0.8910378001       -1.4020316908
LA        -0.6259010203       -0.6204779128       -1.5113226854
LA        -1.4253631264       -0.0331407843       -1.0139438604
LA         0.3587901725       -0.1595116864       -1.7048946573
LA        -1.2362577813        1.0123147366       -0.7125493636
LA        -0.2467686739        1.4755269244       -0.9070644410
LA         0.4358777430        1.6930462787       -0.0666739746
LA        -1.7274083033       -0.2765866619        0.0200191534
LA         0.2467674159       -1.4755269945        0.9070647929
LA         0.8523304574       -0.9874476849       -1.1658986747
LA        -1.2314632042       -1.1085564769        0.5616414987
LA        -0.3587895695        0.1595125917        1.7048946393
LA         1.4253635688        0.0331395404        1.0139432265
LA         0.1323614390        1.4484132829        0.9723267776
LA         1.5383024010       -0.7688686824       -0.3214131931
LA         0.4360136751       -0.4258991864        1.2037565135
LA         0.9259771594        0.8598854799        0.4729595449
LA         0.5486794965       -1.2259685333       -0.1283716022
LA        -1.0386429158       -0.0598158614        0.8591682142
LA        -0.5486799490        1.2259683070        0.1283716628
LA         1.0386429251        0.0598165897       -0.8591681138
LA        -0.4360137025        0.4258989550       -1.2037564478
LA        -0.9259766728       -0.8598857406       -0.4729597896
LA        -0.0561108243        0.3984581710        0.6634390665
LA         0.7344225309       -0.1823201601        0.1716151232
LA        -0.2440162187       -0.6403586645        0.3639584569
LA         0.2440161712        0.6403588564       -0.3639583282
LA        -0.7344226432        0.1823200739       -0.1716150810
LA         0.0561110726       -0.3984582241       -0.6634391306
