50.000000000000000     50.000000000000000     50.000000000000000
50.337932375404250     50.690737135141575     50.097492932610706
50.617846111362148     51.304322592650266     50.388866965871024
50.654766024452677     50.077947728975005     49.852377867278008
51.000603340895033     50.690764323963329     50.121115428382865
50.509779074679990     51.159906927769107     51.127199827994900
50.599887827015756     51.664152018354045     51.563827442860799
50.924466349786400     49.829536991166734     50.526886048903414
51.164130988681094     51.040315960800037     50.910477775025292
50.773680388813275     49.576483075071778     51.048311293941296
50.056158981840987     49.706841343124644     51.134291586052854
51.939303725165054     51.114231973047985     51.059048017510143
50.491097604956984     50.051883722400760     51.687027247583316
51.126656720931393     51.238321656166846     51.637609861898248
50.198998662599386     51.837244064398547     50.338755487471389
49.595631976584258     50.308714916586460     51.335151024421819
52.093488895706379     51.349409095451719     51.814172653148844
50.135856428677407     50.883217392891922     51.347816930467779
51.508887925045876     49.756907878483631     51.092130431957266
50.574520401922868     49.387943534764027     52.086385130731117
49.927196018240316     51.051004507085580     51.776792413336203
51.862644206768657     51.107324297456316     52.413523307538334
49.794425155457233     51.507937001211161     49.759585367974879
51.614622077695884     50.188253432477701     51.571013736193002
51.069120826406632     49.449133594007719     49.893631779348731
50.306594669462335     49.207926595072969     50.867268265967446
50.894031656627789     49.152234736228294     49.422359086752920
50.851517967869604     50.183188975704191     51.226621854547119
49.452551593745412     49.350651163734263     50.868243138189264
51.613686200867008     49.049445953050537     51.428898806027703
49.633452891338379     50.992458402616670     49.955122442990735
49.715474098166915     51.880168264030985     50.080429860562099
49.302769998826562     51.778306153392826     49.347861996623500
51.806878566084734     50.615829286009813     52.705501956784815
52.449929236388201     51.420251583953750     52.474727854068149
51.846335806608991     50.655343619166452     51.747737158272784
51.291481099600851     49.882963803099074     52.241197249724181
49.499559039188973     48.863635319964644     50.461328434217265
