          38
Energy of minimum      1=    -173.9284266     first found at step       31 after                 5665 function calls
LA        -0.3475769342        1.6753340556       -0.3650857041
LA        -0.9963190174        1.0953997536        0.9318201099
LA         0.3475768125       -1.6753339900        0.3650856527
LA         0.9963190436       -1.0953996618       -0.9318201024
LA        -1.2766141507       -0.8009521436        0.8885792265
LA        -0.3151651151       -1.2723469390        1.1587259823
LA         0.0240307623        0.3617416650       -1.7115509656
LA        -0.9854799657        0.1096529923        1.4414044241
LA        -0.0240307909       -0.3617416514        1.7115509696
LA         1.2766142038        0.8009522266       -0.8885790885
LA         0.9204771797        1.1312805336        0.9663158552
LA         1.5907922826       -0.2507197294        0.6836373294
LA         0.9854800293       -0.1096529028       -1.4414044038
LA         0.3151650237        1.2723468472       -1.1587258131
LA        -0.9312639416       -0.1503134471       -1.4734293247
LA        -1.5907922298        0.2507196722       -0.6836372239
LA        -1.5800057484       -0.7302473698       -0.1765238382
LA        -0.9204772995       -1.1312804477       -0.9663158168
LA        -0.0456565509        1.6049720827        0.6948529036
LA         1.5800057899        0.7302474304        0.1765240613
LA         0.9312638325        0.1503134708        1.4734292178
LA         1.2982394470       -1.1657617926        0.1281185376
LA        -1.2982394687        1.1657618176       -0.1281185075
LA         0.0456564904       -1.6049720559       -0.6948530571
LA         0.0331564917       -0.6191372268       -1.1983728089
LA         1.2827105426       -0.1809890149       -0.3773912819
LA        -0.6140166151       -1.1976687910        0.0953964657
LA        -0.6355373428        0.7595205231       -0.9163777673
LA         0.6140165442        1.1976687326       -0.0953963807
LA         0.6355373177       -0.7595206006        0.9163777709
LA        -1.2827103295        0.1809890026        0.3773913307
LA        -0.0331565009        0.6191371886        1.1983725501
LA         0.3223113580        0.2881257461       -0.6443352853
LA         0.3330293432       -0.6866123226       -0.1404418537
LA        -0.6223147113       -0.2182107656       -0.4088730005
LA         0.6223147856        0.2182106937        0.4088729137
LA        -0.3330292448        0.6866123028        0.1404417090
LA        -0.3223113230       -0.2881258845        0.6443352140
