          98
Energy of minimum      1=    -543.6653608     first found at step      794 after               149037 function calls
LA         1.7459757708        1.5840021627        1.0996461171
LA         1.7345839262       -0.0832768235        1.9367496836
LA         0.1446890019        2.4766126929        0.7824137447
LA         0.1219367152       -0.8533466746        2.4543120245
LA        -2.5034193625        0.3165067930       -0.6320052387
LA        -0.2641401971       -1.7361907876        1.9190070048
LA         0.6968556002       -2.4562551196        0.4979141889
LA        -2.5101499950       -0.6685637748       -0.1374232652
LA        -0.2346572909        2.5788387676       -0.2474730432
LA         0.7263385371        1.8587731622       -1.6685652751
LA        -1.8698582574       -0.8411103477        1.6008992222
LA        -1.8517672001        1.8066401084        0.2715228117
LA        -1.5397640606       -0.4055505642       -2.0570295825
LA        -1.5464947049       -1.3906209754       -1.5624476774
LA         1.0215832626       -0.1643181988       -2.3866467906
LA         1.0102228104       -1.8269972082       -1.5518526975
LA         0.0728843169        0.3645174302       -2.5745933529
LA         0.0547932212       -2.2832316909       -1.2452175385
LA        -1.4837810086        0.0417338684        2.1362037870
LA        -1.4724205766        1.7044135746        1.3014094163
LA         2.3039363437       -0.5098861887        1.0948097611
LA         2.3153281849        1.1573927563        0.2577062055
LA         1.6750374111        1.3299377507       -1.4806181271
LA         1.6522850926       -2.0000202274        0.1912795548
LA         1.2371773768        0.9027714534        1.8149075505
LA        -0.1654013726        1.2807377318       -1.9929490438
LA        -0.1902868450       -2.3614164268       -0.1643046469
LA        -1.7969117330        0.5016627406       -1.4693311990
LA        -1.1625230305       -1.6329296410        1.2734097574
LA        -1.8103038906       -1.4583650393       -0.4852449386
LA        -1.1376375873        2.0092252797       -0.5552349696
LA         1.7222568517        0.2284954834       -1.6189849686
LA         1.7107635280       -1.4536307331       -0.7744268706
LA        -0.3943321475        0.1236949478        2.3385236143
LA        -0.3828388433        1.8058221845        1.4939650712
LA         2.3700367215        0.0539322154        0.1396710231
LA         1.7111495741       -1.4585096171        1.1712969874
LA         1.7333575973        1.7917954218       -0.4606087062
LA        -1.9911091414        0.7149868272        1.3969598168
LA        -0.5003445871       -1.5795352139       -1.9188388898
LA        -0.4935830495       -0.5899442135       -2.4156904713
LA         0.4594696496       -1.1212070284       -2.2268816065
LA        -2.3789583209       -0.1719088581        0.8591987217
LA         0.7803051954        2.3230579475       -0.6494184577
LA        -2.3721968185        0.8176825257        0.3623469626
LA         0.7513356678       -1.9168384644        1.4793389519
LA         1.1391843657       -1.0299426555        2.0171007797
LA         1.1613924036        2.2203628086        0.3851949086
LA        -0.9993403477        1.2223176919       -1.2951383781
LA        -1.0197024225       -1.7578067470        0.2011156368
LA         0.1482934370        0.9130533268        1.8205679861
LA         1.8707490377       -0.3775642101       -0.7265451260
LA        -0.9117439481        0.8111737096        1.6032262470
LA        -0.7582775885       -1.6622155252       -0.8495109665
LA        -0.7447351213        0.3198108213       -1.8446422026
LA         1.7839344496       -0.9112718932        0.2162784535
LA         1.7949317551        0.6982616287       -0.5918324341
LA        -0.1139125863        1.7623137971       -0.9699938670
LA        -0.1384523302       -1.8292463434        0.8332483642
LA        -1.6885569289       -0.9651667185        0.5261581597
LA        -1.6750144791        1.0168600137       -0.4689732401
LA         0.6383600723       -0.0529059510        1.9103170703
LA         0.6493573773        1.5566280757        1.1022059461
LA         1.1641094144       -0.7442416292       -1.4664815584
LA         1.7929006212        0.4755122836        0.9714879728
LA        -1.7929014089       -0.4755115542       -0.9714866832
LA         0.7738069313        0.7501370393       -1.7952466141
LA         0.7557255100       -1.8962002869       -0.4665796271
LA        -0.7738066686       -0.7501379118        1.7952462622
LA        -0.7557252740        1.8962004886        0.4665788029
LA        -0.7454960249       -0.6692613189       -1.3431287924
LA        -1.2968389280       -0.0746564763        1.0584445411
LA        -1.2901277344        0.9075727022        0.5652891908
LA         0.8375360340        1.2270996072       -0.7748741993
LA         0.8198356190       -1.3634794924        0.5257977924
LA         1.2047990170       -0.4831819049        1.0595587120
LA         1.2157882374        1.1251684054        0.2520418993
LA        -1.6750915625        0.0272752148        0.0315288650
LA         0.2004662265       -1.1965717691       -1.1557246549
LA         0.2071774372       -0.2143429177       -1.6488798649
LA         0.2698262962        1.6524787457        0.0646370403
LA         0.2521258809       -0.9381008934        1.3653092825
LA        -0.9853334709        0.2301533339       -0.7829382572
LA        -0.9920618984       -0.7545964825       -0.2885173358
LA        -0.6196926318       -0.8549427294        0.7224256353
LA        -0.6063573988        1.0967586434       -0.2574800867
LA        -0.2271342774        0.9945655774        0.7720712976
LA        -0.2337410806        0.0276140279        1.2575560971
LA         0.7041142270        0.4754570693        0.9565611330
LA        -0.0474779921        0.6779959881       -1.0839338127
LA        -0.0608132309       -1.2737052721       -0.1040281324
LA         0.9009120469        0.1493323313       -0.8960482962
LA         0.8943052352       -0.8176190426       -0.4105635679
LA         1.2732810675        0.0489864423        0.1148951090
LA        -0.6096050243        0.1230337072        0.2367532203
LA         0.3322818472        0.5728015773       -0.0655359470
LA         0.3256466410       -0.3983063753        0.4220356974
LA        -0.0483231655       -0.2975289663       -0.5932530804
