          38
Energy of minimum      1=    -173.9284266     first found at step       25 after                 5226 function calls
LA         1.1961902852       -1.2268694218        0.3532167262
LA         0.8096389887       -0.2717880380        1.5269111108
LA        -0.9551145540        0.4654181913        1.3899582483
LA         0.1801298180        1.4493948315        0.9631453460
LA         0.6377694990        1.3601269814       -0.8967419406
LA        -1.6382475544       -0.6126187793       -0.0410379611
LA         1.6382476939        0.6126179476        0.0410383767
LA        -0.1801296248       -1.4493945528       -0.9631458163
LA         0.9551139830       -0.4654179987       -1.3899582813
LA        -0.8096396361        0.2717889878       -1.5269105180
LA        -0.6377688255       -1.3601268141        0.8967420836
LA        -0.4352939261        1.2413167751       -1.1534700996
LA        -1.1961900530        1.2268689048       -0.3532169962
LA         0.8877308214       -1.3311603483       -0.7076633615
LA        -1.5705362728        0.2573413527       -0.7266579045
LA        -1.3312839016       -0.5088336835        1.0146979721
LA         0.9447340063        1.4639121904        0.1589937704
LA         0.1127455773        0.5836536283        1.6454414371
LA        -0.9447334502       -1.4639125983       -0.1589937144
LA        -0.1127462984       -0.5836526480       -1.6454415635
LA         1.3312840369        0.5088334592       -1.0146977640
LA        -0.8877306163        1.3311602518        0.7076630416
LA         0.4352944634       -1.2413160666        1.1534701595
LA         1.5705357190       -0.2573420528        0.7266585134
LA        -0.8724699986       -0.5943330569       -0.8402929308
LA         0.2600275969        0.3872632727       -1.2660728818
LA         0.1255883571       -1.3400330548        0.0952184709
LA         1.2580855189       -0.3584372365       -0.3305614174
LA        -1.2580855521        0.3584368784        0.3305614605
LA        -0.1255879693        1.3400329039       -0.0952186596
LA         0.8724696605        0.5943328692        0.8402928312
LA        -0.2600276751       -0.3872627330        1.2660727503
LA         0.1920480041       -0.4745076241       -0.5831201013
LA         0.4970623277       -0.3713807183        0.4659123175
LA        -0.5640171562       -0.4888638524        0.2120508869
LA        -0.1920481122        0.4745076194        0.5831199027
LA        -0.4970623830        0.3713805705       -0.4659124492
LA         0.5640172025        0.4888636623       -0.2120510449
