          98
Energy of minimum      1=    -543.6653608     first found at step     1397 after               261577 function calls
LA        -0.2376095232        2.5693880410        0.3293971715
LA        -2.4856165105        0.6416100763        0.4204316636
LA        -0.2894609487       -2.5467781743       -0.4436762193
LA         2.5377566775       -0.1222982467       -0.5581661670
LA         0.6944791944        1.9809838646       -1.5362673504
LA        -0.1674079448       -2.0035937569        1.6505460512
LA        -2.1327390343       -0.4434965376       -1.4217773411
LA         2.0805987344       -0.0758160123        1.5595116129
LA         1.3051199965        2.1584698786       -0.6359132582
LA         0.7440760764       -2.2463742035        1.0802169659
LA        -2.3584485884       -0.9832226248       -0.4875547173
LA        -0.8482502836        2.3919020609       -0.5709568577
LA         2.1557323685       -1.0358085959        1.0230510638
LA        -2.2599069960        1.1813361277       -0.5137909064
LA         0.8212960352        0.3606338918       -2.4417477373
LA        -0.5942656874       -0.8532807505       -2.3844236715
LA         2.4626232047        0.8376944533       -0.0217057510
LA        -1.2009451121       -2.3039978503        0.1266527505
LA        -1.4549300170        0.9411852494        1.9401198340
LA         0.5421251529        0.3339683035        2.5221581342
LA        -0.6185800862        1.6583970169        1.9062512979
LA        -0.2942248519       -0.3832435335        2.5560266622
LA         0.0915085558       -1.6357870720       -2.0205302232
LA         1.5070702554       -0.4218724437       -2.0778542821
LA         0.8109706313        2.2030590626        0.3582591241
LA        -2.2813111862       -0.4487266290        0.4834830525
LA        -0.4040415076        1.8499092666       -1.4332055252
LA        -1.8322094372        0.6251841520       -1.3753709446
LA         0.7033408765       -2.2680184434       -0.0299282555
LA         2.1315082841       -1.0432937479       -0.0877627859
LA        -1.1102693759       -1.7849498349        1.1048744719
LA         1.9820121765        0.8668356573        0.9796505765
LA        -1.2385695847       -0.1456474455        2.0209462270
LA         0.4255440755        1.2814129779        1.9535568728
LA        -0.2757414936        0.2106070558       -2.3492769853
LA         1.0887666911       -1.3463722605       -1.6252261508
LA        -1.6484464590        1.9251398560        0.0606698791
LA        -1.6272821680       -1.7846207575       -0.7709090436
LA         1.9724968740        1.3023690282       -0.9166843752
LA         0.3875649749       -1.1989934120        2.1998698889
LA         1.2277531734       -0.4784901454        2.1658459469
LA        -1.0350035677        2.1034403937        0.9651558027
LA        -1.8751917971        1.3829371214        0.9991797784
LA         2.0479755831        0.3379710502       -1.4556068202
LA        -0.7116154169       -2.0285156303       -1.3438554403
LA         1.3032317592       -1.4428881334        1.6269233642
LA        -1.4005368387       -1.2424180298       -1.7094188877
LA         1.3590540022        1.1240685076       -1.8211702667
LA         1.2648677430       -1.5015116284       -0.5618694965
LA        -0.8097986424        0.8657974393       -1.6627526972
LA         1.0375662412        1.4027442622        1.0610801326
LA        -1.4926355409       -0.7670298289        1.1635422628
LA         1.6473967360       -0.5843638914       -1.0021061743
LA         0.2808625259       -1.7562350196       -0.9467675151
LA        -1.6758661733        0.3008128433        1.0773107752
LA         0.0069248179        1.7438899628        1.0091650768
LA        -1.2217238323        1.3867764462       -0.8024064145
LA         1.1274296295        0.4653319710        1.6037402271
LA        -0.5553612864       -0.9777450996        1.6718859100
LA        -1.0989602572       -0.1817810110       -1.6789447553
LA         0.2675740470        0.9900901880       -1.7342834307
LA         1.2786038408       -1.4662356483        0.5243460932
LA        -1.5531026271       -1.2677446923        0.2007722958
LA         1.4962227750        1.3472037209        0.0772879301
LA         0.2022567800        2.0144547414       -0.5342827188
LA        -2.0445511719        0.0877050248       -0.4432967895
LA        -0.2022564981       -2.0144547396        0.5342826474
LA         2.0445511192       -0.0877052778        0.4432967619
LA        -0.4040996856        0.5645118036        1.9754552244
LA         0.4040994988       -0.5645115986       -1.9754550919
LA        -0.6075686798        1.5580502890        0.1049297039
LA        -1.4415061489        0.8429073706        0.1387005390
LA        -0.8326272018        1.0198815162        1.0364575663
LA         0.3619711146       -1.2149597721        1.0956823332
LA         1.1959084712       -0.4998169348        1.0619115189
LA        -0.6350367225       -1.5047461014       -0.3743497284
LA         1.5644304142        0.3814065100       -0.4634185396
LA         0.8806343769        1.1616557397       -0.8262622662
LA        -1.3188329065       -0.7244969897       -0.7371934406
LA         0.2870539976       -0.2577366157        1.6305957718
LA        -0.4099784014       -0.9665773576       -1.3058775391
LA         0.9555515292        0.2044325455       -1.3611755356
LA         1.0899157004        0.4314747865        0.5125996519
LA        -0.5671281800       -0.9895228925        0.5797026933
LA        -0.1199342652        0.0798251046       -1.2712546421
LA        -0.1936861493        1.0221596839       -0.7446613529
LA         0.5656166656       -0.7024264155       -0.9074797702
LA        -1.0146524848        0.3181401621       -0.7114157943
LA        -1.2402885087       -0.2214098644        0.2225027321
LA         0.4167555050        1.1995879204        0.1553996779
LA         0.3440587781       -1.2322244600        0.0095591621
LA         1.1650250577       -0.5282049771       -0.0236863833
LA        -0.6408801278       -0.0471882993        1.1062961127
LA         0.1951974781        0.6697899048        1.0724386174
LA         0.2638820409       -0.2821298536        0.5418272643
LA        -0.4121718097        0.4892849664        0.1830918235
LA        -0.3381028911       -0.4571002563       -0.3457650999
LA         0.4863923720        0.2499455004       -0.3791535589
