          98
Energy of minimum      1=    -543.6653608     first found at step       27 after                 6874 function calls
LA         0.7363708694       -0.4074585762       -2.4613922346
LA         1.1830243561        0.5765086467       -2.2438376572
LA        -1.5255836560        1.3867903162        1.5862293217
LA         1.3358563445       -1.9055101677        1.1624262796
LA         2.0897529729       -0.2446934774        1.5296318675
LA        -2.2815660290       -0.2786212436        1.2180077963
LA         1.3927153849        1.7909395551        1.2726334872
LA        -0.5638170309       -2.5192557814        0.3196518309
LA        -2.3862663209       -0.8849981731       -0.5377988053
LA        -0.8763873014        2.4412301461        0.1976283402
LA         2.3696750621       -0.2263569099       -1.0488654327
LA         1.9230216045       -1.2103240715       -1.2664199945
LA        -1.5804627893       -0.7529743505        1.9240277075
LA        -0.8244805262        0.9124369636        2.2922491727
LA         2.4743757359        0.3800196976        0.7069413775
LA         1.2738257054       -2.2647640441        0.1221812542
LA         1.0080923175        1.1662263342        2.0953238127
LA        -0.5017865385       -2.1600015961        1.3598967701
LA        -1.0962017768       -0.6612484216       -2.2644662514
LA         0.1043484702        1.9835358199       -1.6797060017
LA         0.2093385735        2.5915901351        0.0809580233
LA        -1.7471939116       -1.7186053616       -0.8720236813
LA        -0.9813773758        1.8331756756       -1.5630355890
LA        -1.7352740688        0.1723588102       -1.9302412339
LA        -2.0807656284        0.7541848030        0.8608786370
LA         1.9335471649        1.3101189682        0.4295066103
LA         0.4055358561       -1.6131361085        1.6949406989
LA         1.1682503011        0.0671060308        2.0664412475
LA         0.2821112772       -2.3279558190       -0.3748695868
LA        -0.9151066996       -1.5179408203       -1.5804831853
LA         0.7363292782        2.1201341784       -0.7761069324
LA        -1.4239761035        1.8209577740       -0.5439638986
LA        -2.1866906019        0.1407154922       -0.9154644932
LA         0.9389003641       -1.2611825938       -1.7797123071
LA         1.8276217298        0.6966498731       -1.3468366950
LA        -0.6857570098       -0.1896517440        2.2656699190
LA        -0.9214894621        0.9009933173       -2.1831827880
LA         2.0338520896       -1.5015991243       -0.1893830176
LA         2.4825553096       -0.5131163860        0.0291699330
LA        -1.5485718377       -1.9977222896        0.1955792635
LA         0.3738940754        2.2374253442        1.1319679264
LA        -0.0124940006        1.6098451514        1.9584336415
LA        -1.4862565645       -1.6368194321        1.2405980006
LA        -2.1905771582       -1.1602894671        0.5313379693
LA        -0.7168144970        2.0863753496        1.2491736705
LA         2.0961675299       -1.1406965757        0.8556359067
LA         0.1692189235        1.0520434927       -2.3003888045
LA        -0.2794843638        0.0635606106       -2.5189417913
LA         0.0986155358       -1.6463844203       -1.2040840725
LA         1.4498719714        1.3304020349       -0.5459183341
LA        -1.8347640689        0.8755192808       -0.1929562303
LA         0.2862766281       -0.5595369277        1.9429586552
LA        -1.3748831591        0.8844918896       -1.1777029764
LA         1.0565239276       -1.5678388678       -0.6966008681
LA         1.9552199400        0.4119675132       -0.2588668422
LA         0.1371361209        0.5170568387        1.9425394546
LA        -0.5926630604       -1.0906737527        1.5870711624
LA        -0.7174729530       -1.8135165041       -0.5059696546
LA         1.1813339713       -0.8449965091        1.3964401046
LA         0.9110224487        1.7740209342        0.2872327699
LA        -2.0033285962       -0.1362441624        0.1665129245
LA        -1.2735292831        1.4714867288        0.5219812897
LA         0.8096684158        1.1870261891       -1.4124517271
LA        -0.0890276524       -0.7927803187       -1.8501857852
LA         1.5416925394        0.6845248540        1.2405659158
LA         0.3417826264       -1.9588487226        0.6561175721
LA        -1.3750502512        0.2805910028        1.5539945939
LA        -0.3417824543        1.9588487944       -0.6561173676
LA        -1.5416924988       -0.6845250910       -1.2405657903
LA         1.3750498702       -0.2805907798       -1.5539948325
LA        -0.2813591641        1.0290346998       -1.2921279844
LA        -0.7267242471        0.0479057974       -1.5090550123
LA         1.5005790553       -0.5766566301       -0.4726521788
LA        -1.3547076024       -0.9720799072       -0.1658271404
LA        -0.1800797357        1.6155979278        0.4063069148
LA        -1.2928558345       -0.6138621208        0.8714169715
LA        -0.5635930939        0.9926867053        1.2266239761
LA         0.5190009720        1.1426129887        1.1102901485
LA        -0.6556268483       -1.4450647343        0.5381561214
LA         1.1170659794       -1.1995679122        0.3476650897
LA         1.5624310305       -0.2184390813        0.5645920965
LA         0.3558696528        0.1978322057       -1.6253890557
LA         0.5350190785       -0.6465556089       -0.9656942195
LA         0.9815271166        0.3370912018       -0.7482104868
LA        -0.4078357793       -0.0823671086        1.2098472627
LA        -1.1087106847        0.3918316585        0.5040573406
LA         1.0424171011        0.6897371102        0.2729004575
LA         0.1574711504       -1.2597782030       -0.1581362339
LA        -0.5307362134       -0.7941501089       -0.8511697549
LA         0.3542097716        1.1553652848       -0.4201330434
LA         0.2194817574       -0.9006411936        0.8817699469
LA         0.6579196238        0.0652272122        1.0953228844
LA        -1.1696004944        0.0391856504       -0.5170535442
LA        -0.7311625779        1.0050541706       -0.3035005778
LA        -0.0932866323        0.1823316161       -0.6331355426
LA         0.5978790589       -0.2852980709        0.0628770276
LA        -0.4724575234       -0.4335269061        0.1778937850
LA        -0.0321349790        0.5364934019        0.3923647056
