          98
Energy of minimum      1=    -543.6653608     first found at step    71222 after              9660617 function calls
LA        -0.7893285994       -0.6666632396        2.3873074932
LA         1.2692068102       -1.1764895594        1.9420871608
LA         0.0801417871        1.8862931471       -1.7894670739
LA        -1.9671060385        1.6892156840       -0.2091892699
LA         0.3206777030        2.4777157738        0.7244348993
LA         1.5711529673        1.3704393762        1.5556639672
LA        -0.5600203407       -0.0431402791       -2.5399274724
LA        -1.3582273213       -2.1882588036        0.3653177044
LA        -1.4805842458        2.0119195499        0.7257864432
LA         2.5776420482       -0.3252049824       -0.1293021524
LA        -0.5370386635       -1.6435741612        1.9434429619
LA        -2.0363536535        0.4375582526        1.5583716146
LA        -2.5228756677        0.1148544081        0.6233960308
LA         0.9013313330        2.4309777314       -0.2113416386
LA        -0.9870336123        1.6103275699       -1.7886660941
LA         1.7541804954       -0.8713966356       -1.7117927658
LA         0.5071551362        0.2328249414       -2.5407286865
LA        -1.1142565614       -1.6131581076       -1.7096397262
LA         1.4258175905       -1.8015691526       -1.2198803960
LA         1.0169166334       -0.1995787195        2.3859514752
LA         2.2492791859       -1.2553775762        0.3626103049
LA        -0.3754442621       -2.2673652154       -1.2185285399
LA         2.1518063380        1.3237011862        0.6198871736
LA        -2.0970399060       -1.5340518418       -0.1257931298
LA        -2.2669442054        0.6261000635       -0.3293249079
LA         0.5234348189        1.7394391902        1.5296599467
LA         0.8479859940        1.0953871678       -1.9288699760
LA         1.4562422606       -1.8725453659       -0.1114639779
LA        -0.0372839410        0.1510577677        2.3696588596
LA         0.4647062803       -1.7927344230        1.4864869777
LA        -1.2754087794        0.5462894126       -1.9272758666
LA         2.1095967956       -0.0217497011       -1.0902385697
LA        -0.3660875241       -2.3437896488       -0.1100964162
LA        -1.2988950413        1.2681948628        1.5310274048
LA        -1.8361276943       -1.0420920525       -1.0872766380
LA         1.6787804497        1.6464426698       -0.3322865276
LA        -2.2059011371       -0.9424309189        0.8203923738
LA        -1.1224462096        2.1267346091       -0.8027045000
LA         1.8040686894        0.2923202321        1.7570157696
LA         0.7820757497       -0.8194148465       -2.2680688300
LA         2.0575168494       -0.6890737588        1.3111144256
LA        -0.0503732673        2.4039665430       -0.8035088848
LA        -0.6336915251        2.4509192081        0.1365620543
LA        -1.4636983122       -1.5996403643        1.3137570063
LA         2.3873867080        0.2453676273        0.8169446612
LA         0.4522058349       -1.7538559801       -1.7738991086
LA        -0.2899970775       -1.0966465756       -2.2672642190
LA        -1.7171463268       -0.6182463760        1.7596586806
LA         0.5012453009       -1.9371616605        0.4077781875
LA        -1.7338768301        0.0420044160       -1.0779757956
LA         1.4946383092        0.8768804705       -1.0803992926
LA        -0.2620067804        1.0182768290        1.7505969002
LA         1.2698174464       -1.3110571905        0.8534091736
LA        -1.0116628903       -0.5220240656       -1.6624207923
LA        -0.9814940573        0.2036436713        1.7478021534
LA         0.7233396104        1.6294376595       -0.9387904201
LA        -1.4238870428        1.0741767586       -0.9371787865
LA         0.7621925173        0.6545512462        1.7464934603
LA         1.9305051313        0.5605111233       -0.1363506106
LA         1.1355638165        0.0332366413       -1.6640326528
LA        -0.4738691192       -1.7619646694        0.8547178222
LA         0.4748761708       -1.8383314239       -0.6742729014
LA        -0.4449733142        1.7234778384        0.9440535429
LA        -1.9604080219       -0.4456574460       -0.1334299664
LA        -1.7723360629        0.9415252148        0.5972844935
LA         0.2124425624       -0.8159658183        1.9166277306
LA         1.7723360207       -0.9415252299       -0.5972846087
LA         1.0945714682        1.6828914363        0.5951329349
LA        -0.2124427289        0.8159657517       -1.9166277025
LA        -1.0945713144       -1.6828913306       -0.5951327412
LA         0.1357489835        1.6701023436        0.0008180617
LA         1.0146114117       -0.3255277924        1.2931611559
LA         0.7992328949       -0.8990177656       -1.1664750231
LA         1.5935898646       -0.3721310582        0.3600838597
LA         0.0625516515       -0.2466979335       -1.6561696371
LA        -0.9283480171        1.3949329231        0.0016165698
LA         1.3420270273        0.6019616635        0.8026679863
LA        -1.4644745577       -0.1237839334        0.8047744909
LA        -0.2648639795       -1.1741871960       -1.1656763683
LA        -1.2129117834       -1.0978766514        0.3621904067
LA        -0.3493695267        1.3483296053       -0.9314606762
LA        -0.7277933829       -0.7761038796        1.2944690394
LA         0.2432560148       -0.9382617043        0.8350668744
LA        -0.9728886994       -0.6010356122       -0.5736623423
LA        -0.2343168679       -1.2550295802       -0.0827110531
LA        -0.7341752648        0.6805046699        0.7967089463
LA        -0.6505657031        0.3120275659       -1.0565264853
LA         0.8938350422        0.9046712734       -0.1395492558
LA        -0.0089523031        0.0383309410        1.2787867978
LA        -1.2205387434        0.3579060767       -0.1379622578
LA         1.1414850350       -0.0542704264       -0.5752494602
LA         0.8132291127       -0.9841401366       -0.0834972935
LA         0.3133707253        0.9513941874        0.7959227824
LA         0.4162621554        0.5879032864       -1.0573272838
LA         0.0853779884       -0.3318171862       -0.5704522250
LA        -0.4870450955       -0.2857415463        0.3520605761
LA         0.5650038200       -0.0136876094        0.3512708844
LA        -0.1633365397        0.6312465638       -0.1328792206
          98
Energy of minimum      2=    -543.6429572     first found at step    15962 after              2137318 function calls
LA        -2.4354502267       -1.1394781491        0.5435720896
LA         1.8423735853       -0.6081669161        2.1547786095
LA         0.1341448405        0.6708634361       -2.8176631443
LA         2.0483322419        1.6719100603       -0.2736275265
LA         1.8553252076       -1.5680540039       -1.0407174714
LA         0.6938927529        1.2968083648        2.3163514130
LA        -0.5948541746        2.2617520692       -1.4350287661
LA        -0.8061415812       -1.2766275830       -2.2708476727
LA         0.4815881653       -2.2408110693        1.4775750530
LA         0.0461466010        2.5973603631       -0.5760189254
LA         0.7588031641        2.0637610740        1.4984372572
LA         0.4828341531       -2.5628778751        0.4022659196
LA        -0.2293025133       -2.0296674117       -1.6706764490
LA        -2.2603124218        0.4081164615       -1.1250721253
LA        -1.0960822766       -0.4635969640        2.2638552001
LA        -1.2986908462        1.4649889574       -1.8070272022
LA         0.2272745478        0.3224287169        2.6348670041
LA        -1.4061475817       -0.3249535570       -2.2292692191
LA         0.1190874164       -1.4669675605        2.2105001251
LA        -2.3919142397       -0.0459145043        0.8099068821
LA         0.7981491326       -0.6376545748        2.5408672562
LA        -0.9303533879        0.6565550330       -2.4905881650
LA        -2.3101453237        0.7381965717       -0.0364235950
LA        -1.7183676498        0.2951050330        1.6861666611
LA        -1.2440691844        1.2951324251        1.3830970940
LA        -1.6052931499        1.5655976103        0.3316187593
LA         0.4069038878        2.3487184963        0.4643582209
LA         0.1286121834       -2.3140660405       -0.6394164624
LA        -2.3718079101       -0.3696438542       -0.2916990368
LA        -1.7849644076       -0.8090412343        1.4165283659
LA        -0.2306128747        1.4669837647       -2.1282251267
LA         1.2691176143        0.3440662754        2.2373029857
LA        -0.3364912554       -0.3025946398       -2.5464222193
LA         1.1628863584       -1.4252485518        1.8180804586
LA         1.0479840925        2.1359420390       -0.4240271943
LA         1.4038971445        1.8694533721        0.6119920751
LA         1.1692523354       -2.0667369253       -0.3202587995
LA         0.8135593253       -1.8004126590       -1.3556376943
LA        -1.4176164208       -1.6026206474        0.6920914075
LA        -1.7757916076       -1.3344378414       -0.3505119710
LA         1.8529850494       -0.9324023192        1.0906554179
LA         0.7116689921       -0.0778456412       -2.2315743616
LA         0.7765505381        1.0093268720       -1.9743555285
LA         1.9179470639        0.1547103130        1.3481079395
LA         1.4138638766        1.3430604275       -1.1269074887
LA         1.9863347649        0.9144248767        0.5394846475
LA         1.8570916896       -1.2523996541        0.0263917962
LA         1.2846988464       -0.8238222018       -1.6397733587
LA         1.9896774416        0.5915715327       -0.5313658539
LA         1.9253755429       -0.4875064580       -0.7868399747
LA        -0.1734924983        1.4946865524        1.6625407935
LA        -0.8804643648        2.0240295996       -0.3953673233
LA        -0.3842326954       -2.0263698142        0.8265666794
LA        -1.0896546629       -1.4981872236       -1.2268291125
LA        -1.5836387366        1.2324957982       -0.7604278681
LA        -0.6428251048        0.5280646531        1.9781639397
LA         1.3469151493        1.1128943694        1.4310216762
LA         0.4142360704        1.8112343043       -1.2838912877
LA         0.2433044808       -1.0571041222       -1.9624848548
LA         1.1756991951       -1.7552319158        0.7516015098
LA        -1.6893139682       -0.5570273361       -1.1814849552
LA        -0.7502100355       -1.2601782856        1.5521285817
LA         1.9338259411       -0.1695212108        0.2820183976
LA         1.3594336755        0.2605530400       -1.3899663891
LA        -0.5272182077        1.7830482542        0.6397626538
LA        -0.7399301652       -1.7848143639       -0.2049019446
LA        -0.6714434227        0.0008642347        0.2308895224
LA        -0.0549012704       -0.4312582190        1.8839507375
LA        -1.2014137884        0.4271885602       -1.4534038588
LA        -1.4849007563        0.5267262293        0.6456085053
LA        -1.5369186500       -0.5595278763        0.3840681900
LA        -1.4576962175        0.1989507758       -0.4259230675
LA        -0.8903209388       -0.2258695993        1.2256352451
LA         0.9794920501       -0.3992041697        1.4913443516
LA        -0.1406224703        0.4394774967       -1.7691697502
LA         0.4112611250        0.5434523802        1.5780852335
LA        -0.5052321772        1.2296731341       -1.0897124823
LA         1.1156932891        1.0966142521       -0.1012092843
LA         0.9889504774       -1.0293356408       -0.6045127861
LA        -0.6095980308       -0.5244053595       -1.5043227742
LA         0.3064733374       -1.2103105919        1.1622475163
LA         0.4782583776        1.2973778620        0.7759924524
LA         0.1263148497        1.5608943956       -0.2484719115
LA         0.3100770508       -1.5278829152        0.1064422456
LA        -0.0415166986       -1.2646281147       -0.9170037690
LA        -0.7795197329        0.9962267960       -0.0718496719
LA        -0.4337717433        0.7373491253        0.9345800557
LA        -0.5358948622       -0.9981730702        0.5221908059
LA        -0.8810309550       -0.7397534836       -0.4824574925
LA         0.1417066668       -0.1979322879        0.8547989436
LA        -0.4120448767        0.2166870531       -0.7571029699
LA         1.0597063585        0.3521059717        0.6999667707
LA         0.4948995486        0.7750030300       -0.9441157685
LA         0.9956345378       -0.7206617765        0.4458957026
LA         0.4309096076       -0.2978258768       -1.1979487157
LA         1.0642349005        0.0338667910       -0.3568950134
LA         0.2109352725        0.5426281560        0.0671122379
LA         0.1478955474       -0.5101748708       -0.1820370035
          98
Energy of minimum      3=    -543.5467256     first found at step     1825 after               249634 function calls
LA        -2.0957854454       -1.0798152160       -1.3439329864
LA        -0.2603579446       -2.3874719836       -1.2635925446
LA        -0.3548582750       -0.3231641449        2.8470191479
LA        -0.3404370762        2.4604013450        1.0044173718
LA         2.3748791336        0.5258654655        1.1232719397
LA        -0.8203359597        1.8758291096       -1.8437947761
LA         2.1441874070       -0.2362562644       -1.7140316989
LA         0.8140900720       -1.8888706751        1.7708787254
LA        -2.1502401043        0.2230762876        1.6411246233
LA         2.4658952685       -0.6914647555       -0.7394029094
LA        -1.4110913258        2.0707069454       -0.9091063689
LA        -2.1460699826        1.1568172508        1.0183872368
LA         1.7302605807       -1.6048874656        1.1880610199
LA         0.8863327719        1.0979343771       -2.3783764440
LA        -0.2282103687       -0.4737102252       -2.4967086162
LA        -1.4269242221       -1.9632005451        0.6450531919
LA        -0.2372278115        1.1071944879       -2.4248872140
LA         1.2628575461        0.0384532992       -2.3592254203
LA        -0.3115459476       -1.9174381824        1.7667351770
LA        -1.8112053875       -0.8490006200        1.7010924955
LA        -0.9004952405       -1.1228897569        2.2957468807
LA         0.2969505181        1.8745367001       -1.8120539813
LA         1.7780790208        0.8193011461       -1.7472219782
LA         0.8291529763        2.0747437842       -0.8522649398
LA         1.7384705273        1.4268972875       -0.8124623544
LA        -1.7919395833        1.6270895490        0.0559113062
LA         2.1149256383       -1.1563691882        0.2269224586
LA        -1.1863230688       -1.7457716549       -1.3126561419
LA        -1.2533441651       -0.0504946529        2.2461729859
LA         0.2293268616       -1.1068284775        2.3110719127
LA        -1.1741155929       -0.7858994639       -1.9380143276
LA        -0.2479454346       -1.4457527041       -1.8974740196
LA        -1.7783808957       -1.5367153554       -0.3543858968
LA        -0.8521769392       -2.1965927124       -0.3138439464
LA         2.4220196814       -0.0834609265        0.1929511135
LA        -0.8769779599        2.2669205961        0.0485476150
LA        -1.2441716574        1.8102851131        1.0114680726
LA         2.0544463493       -0.5398260522        1.1558547458
LA        -1.7690346482        0.0009229287       -1.3710286387
LA         0.6552088915       -1.7262377254       -1.2649146060
LA        -2.1388245837       -0.4587254425       -0.4016165963
LA         0.2852585922       -2.1857719106       -0.2955096883
LA         0.2445261690        2.2715060187        0.0759497699
LA         2.0603404185        0.9778230579        0.1554313530
LA         0.5595708164       -0.0396004004        2.2795718871
LA        -0.3514099431        0.6094307355        2.2396966008
LA         1.4690439595        0.2428806560        1.7053926065
LA        -0.3469827459        1.5367148194        1.6259018576
LA         0.5681340661        1.8200664636        1.0477328525
LA         1.4726909227        1.1756120563        1.0873268907
LA         1.5439790747       -1.0348316863       -1.2424260194
LA        -1.4064762781        1.0672304040       -1.3715736432
LA         0.8150817126       -1.9402287789        0.6675475421
LA        -2.1350546494        0.1616058810        0.5384145777
LA        -0.2911828843        2.0841118918       -0.8839684724
LA         2.1131908568        0.3711075619       -0.7787243068
LA        -1.2536367939        0.8872354916        1.6396088367
LA         1.1497751829       -0.8250832092        1.7448104332
LA         0.6665726969       -0.7674672703       -1.8820583027
LA        -0.8318987154        0.3001238868       -1.9476493606
LA        -1.8008108701       -0.9040258976        0.5922011414
LA        -0.3025551278       -1.9714633617        0.6577824800
LA         1.1592078665        1.6344284414        0.1198423905
LA         0.5658153437        0.8970703243        1.6747090538
LA        -1.7907453300        0.6272011707       -0.4180958146
LA         1.1981772272       -1.5022667943       -0.2872647486
LA        -0.3119218430       -0.4605437558       -0.3699635349
LA         0.2982860342        0.3018908200       -1.9008326360
LA        -0.8851930137       -1.1687001768        1.2005171086
LA         0.8187594009        1.0698303220       -1.2920511250
LA        -1.1887748196       -0.7638513924       -0.8481360777
LA        -0.2855772028       -1.4073377218       -0.8086012018
LA        -0.3394918257       -0.3695917760        1.7402739518
LA        -0.2769652143       -0.4756245093       -1.4140290020
LA        -0.8619187850       -1.2024909344        0.1188010933
LA         1.1836038380        0.0260639889       -1.2671619732
LA        -0.2865044260        1.0734478861       -1.3315116851
LA         1.4519066251        0.1875665689        0.6107857530
LA        -0.3301464245        1.4571961982        0.5327819775
LA        -1.2323539818       -0.1023172674        1.1478692866
LA         0.2372839717       -1.1493657189        1.2121980088
LA         1.5024869278       -0.4186959940       -0.3094240028
LA        -0.8654990608        1.2683836202       -0.4130753954
LA        -1.2284591032        0.8170425910        0.5387891114
LA         1.1391767553       -0.8697874549        0.6424249328
LA         0.5983712131       -0.7501330210       -0.8000727910
LA        -0.8561249326        0.2861277771       -0.8637389924
LA         0.2416848249       -1.1931985692        0.1345403856
LA        -1.2126615622       -0.1570445101        0.0708809563
LA         0.2445768127        0.2923908587       -0.8284355082
LA         1.1463878732        0.6353286100       -0.3411820109
LA         0.2470047758        1.2760972034       -0.3805497739
LA        -0.3279063900       -0.4190065745        0.6712947441
LA         0.5627604888       -0.0896747625        1.1876288722
LA        -0.3363874165        0.5509260829        1.1482714991
LA         0.5671179914        0.8315574289        0.5786289261
LA         0.5598625583       -0.1425337415        0.1136923567
LA        -0.3230592809        0.4865068908        0.0750452150
          98
Energy of minimum      4=    -543.4923253     first found at step    15839 after              2121398 function calls
LA         2.6299012700        0.2787458473       -0.5977272073
LA         1.9268608203       -1.8513731087       -0.3662162370
LA        -0.4108786303        0.4633139490        2.8500954775
LA        -1.5910605372        0.2791398105       -2.4284011650
LA        -2.4631436423       -0.8716592889        0.5811305349
LA         0.1420145434        1.6618837786       -2.1813468281
LA         1.0317497987        1.8007326666        1.7980971698
LA         0.6930212080        2.4097769407        0.9176750788
LA         0.2009789242        2.3329905609       -1.2830406888
LA        -0.1039600076       -1.6396750449        2.1718906484
LA        -0.9936219070       -1.7785118780       -1.8072245802
LA        -1.2829091505       -2.1659941050       -0.7942830378
LA        -0.7908704835       -2.0892089486        1.4064144329
LA         2.0053847391       -0.4858251373        1.4540144987
LA         1.2033525440       -0.6109871946       -2.1331640953
LA         1.3541692959        0.7794497686        2.1461845216
LA         0.3008565935        0.6150737738       -2.5648770984
LA         0.7796218361       -0.9610133326        2.3351979687
LA        -0.2736175051       -1.1253771939       -2.3755346687
LA         0.6258244922        0.1006351870        2.6628172517
LA        -0.5679085693       -0.0856537344       -2.6762888027
LA        -0.3677709086        2.3470461982        0.5769094736
LA        -0.6130358290        2.3087709692       -0.5200663560
LA         0.4509040589        2.3899362271       -0.1842029332
LA        -1.0900360619        1.6814767489        1.1131654239
LA        -1.4848432049        1.6198647438       -0.6526547254
LA        -1.7758710865        1.2340713450        0.3539961008
LA        -1.0460165017       -2.1439569786        0.3086769058
LA         2.2942325383       -0.7919130481       -0.4853206152
LA         0.3106989981        1.1323982252        2.3264804940
LA        -0.7253044380        0.9707237639       -2.3071627838
LA        -0.2573428699       -0.5883396381        2.5133827140
LA        -1.2932862967       -0.7500045313       -2.1199915997
LA         2.3408117234       -0.1053901382        0.4307120630
LA         1.9365270345       -0.1684813699       -1.3774966124
LA         1.9860274232       -1.1803115235        0.5475272908
LA         1.5817484506       -1.2434019135       -1.2606544501
LA        -1.6283527624       -1.4819173831        0.9936598271
LA        -1.8741741286       -1.5202790437       -0.1058036797
LA         2.0275431543        0.9357528088        0.0958742218
LA         1.7800346119        0.8971275337       -1.0111357789
LA         1.0989875939       -1.8775678542        0.4015519004
LA         0.8515182110       -1.9161869774       -0.7052818166
LA        -1.5407064687        0.9514372632       -1.5425793661
LA        -0.7521060839        1.0745028996        1.9845252785
LA        -1.1008502345        0.0168699245        2.0997396816
LA        -1.8895948099       -0.1062179803       -1.4280095084
LA        -1.7844877047       -0.4281990161        1.3438688524
LA        -2.1800719090       -0.4899320802       -0.4254257864
LA        -2.1225234343        0.1817045948        0.4682202832
LA         1.3900987298        1.5628592671        0.7808482961
LA         0.9025324609        1.4867715320       -1.3998475784
LA         0.2601843615       -1.8612227856        1.1529364170
LA        -0.2273767782       -1.9373095210       -1.0277350168
LA        -0.0305387621        1.7497573966        1.4607732113
LA        -0.6749930543        1.6491863390       -1.4216226020
LA        -0.9513949230       -1.0395987894        1.7636482050
LA        -1.5957059767       -1.1401469719       -1.1181054889
LA         1.7147269047        0.5484326150        1.1217303606
LA         1.0663364971        0.4472472863       -1.7782693971
LA         1.1408256509       -1.1905043034        1.3106604751
LA         0.4924598089       -1.2916856326       -1.5892279141
LA        -1.8442703932        0.5675704139       -0.5408457939
LA        -1.4472217412        0.6295320641        1.2349989031
LA         1.1553230703        1.5464500524       -0.3122684770
LA         0.0102557941       -1.9221104318        0.0647723398
LA         0.6130005650       -0.1983670707       -0.1301350936
LA         0.9733581565       -0.1242945075        1.6476769192
LA         0.1817340028       -0.2478320428       -1.8929515748
LA        -0.7257423434        1.4296151148        0.1123823675
LA         1.6036109131        0.0370791219       -0.3598338892
LA         1.2576334817       -1.0111531798       -0.2459047597
LA        -0.8334870674        0.1150504198       -1.6371030132
LA        -0.0595265484        0.2358314283        1.8245229794
LA         1.3038687888       -0.3427151413        0.6402982068
LA         0.9125742257       -0.4037790782       -1.1098107175
LA        -1.4069184043       -0.6399937247        0.3368933533
LA         0.6581513832        0.8987994321        1.3095441451
LA         0.0251571919        0.8000168575       -1.5215945100
LA         0.0950714164       -0.8068089117        1.4948208581
LA        -0.5378677570       -0.9055827097       -1.3360711901
LA         0.3244963365        1.4993153946        0.4465173182
LA         0.0814396898        1.4613848978       -0.6405808786
LA        -0.8254167115       -1.2865877648       -0.3418109096
LA        -0.5824159747       -1.2486662213        0.7450368943
LA         1.0015545474        0.6674166757        0.3136948123
LA         0.7629516604        0.6301812480       -0.7534834159
LA         0.2059113068       -1.0577427386       -0.5700018141
LA         0.4444961017       -1.0205101725        0.4970952794
LA        -0.3983504664        0.8403492438        0.9774504810
LA        -0.7887278100        0.7794286167       -0.7685563364
LA         0.2848387630        0.0147899037        0.8356925027
LA        -0.0979610830       -0.0449482205       -0.8764227624
LA        -0.7426609004       -0.2032941210        1.0907316611
LA        -1.1329893801       -0.2642070601       -0.6550563124
LA        -1.0778780171        0.3982793922        0.2270986584
LA        -0.0458370299        0.6063118886       -0.0109066742
LA        -0.3837353840       -0.4186425869        0.1004038030
          98
Energy of minimum      5=    -543.1896663     first found at step      897 after               127085 function calls
LA         1.4663236688        2.2095075369       -0.3692019572
LA         1.2661296595        0.9919491879       -2.1453738556
LA         2.6038010080       -0.8217816347       -0.0686986958
LA         1.1008608968       -2.3839012093       -0.6944734406
LA        -0.5593177262        1.5434897738       -2.4244373933
LA        -0.9931367077       -0.1105356267        2.7113608797
LA        -0.4229085543        2.5375088386        0.7613845432
LA        -2.6432154981        0.2306640089       -0.1706235822
LA        -1.3355004125       -1.8873089924        1.4079383338
LA        -1.0104931394       -0.6413043341       -2.4618303030
LA         1.0915013363        0.6302769422        2.4230451682
LA         1.2834946015        1.5201660541        1.7684383702
LA        -1.7078144571       -1.0849064031       -1.7035309829
LA        -1.8865181970       -1.7741653631        0.4366745016
LA         1.4571821636       -0.5704451285       -2.0203789389
LA         1.1663585407       -1.6862024572        1.4710434827
LA         0.0362099792       -0.2760867585       -2.6519112609
LA         0.8798809273       -0.4749829947        2.4444744674
LA        -0.3478203161       -1.7486234342        1.9306507774
LA         0.2655135617        0.8208088797       -2.6208048114
LA        -0.1697124850       -0.8485655114        2.5752704544
LA         0.4328632858        1.7125194943       -1.9412612033
LA         1.3843488135        1.8796885716        0.7053485854
LA        -1.8119382356       -1.4399718103       -0.6380829440
LA         1.7842573947        1.1979870651       -0.6771631616
LA         1.8649682906       -1.6145041585       -0.3834700043
LA        -0.7856818707        0.4515406710       -2.4450487486
LA        -1.1649248269       -0.9995051501        2.0616282244
LA         0.0488600086        0.2597036076        2.5697488890
LA         2.0511860338       -0.7058821519       -1.0528185188
LA         0.5218066335        2.3748619685        0.1966051460
LA         1.2923466194       -1.4924684941       -1.3689492138
LA         1.9039141739       -1.2664030161        0.7066861040
LA         1.1456905728       -2.0548489260        0.3908302555
LA         0.4305841000        2.0301803083        1.2653610308
LA        -2.1770917388       -0.4277985066       -0.9370042800
LA        -2.2665409879       -0.7723039148        0.1323474720
LA         2.2166680031        0.1955904521       -0.3735841058
LA        -0.5136444124        1.8832982021       -1.3652742510
LA         2.1270084820       -0.1505030516        0.7042530032
LA         0.1424725308       -2.2130250061       -0.1230557558
LA         0.2321700430       -1.8668719298       -1.1995180707
LA        -0.4679281133        2.2141702409       -0.3037835515
LA        -1.2601563289        1.1093518041       -1.6768584792
LA        -0.8057605442        0.7772454784        2.0675358595
LA        -1.5505426781        0.0034260497        1.7544830797
LA        -0.6157491791        1.6595012391        1.4182255090
LA        -1.9544324669        0.6716094503       -0.9263815438
LA        -2.1002139898        0.1167915069        0.7944088567
LA        -1.1678884680        1.7728582007        0.4508110599
LA        -1.9073094268        1.0043522101        0.1405080806
LA         1.6102099269        0.5122067834        1.4541970710
LA        -0.6273276719       -1.3148416344       -1.6750190267
LA        -0.8043660806       -1.9970698686        0.4460201247
LA         0.4793565889        2.0581205935       -0.8764189236
LA         1.6428859248        0.3108041825       -1.3497175522
LA        -1.4919055854        0.0148127203       -1.6990980314
LA         0.2379385387        1.1532724621        1.9285425505
LA        -1.7278167207       -0.8881892387        1.1033603563
LA         0.4146298289       -0.9573049285       -1.8610776576
LA         1.4055131714       -0.5872992398        1.4727203836
LA         0.1794789646       -1.8618627035        0.9603585808
LA        -1.2197052775        1.4520031104       -0.6167058203
LA        -1.3668684914        0.8950852050        1.1106097702
LA         1.7160260287        0.8690372702        0.3977729762
LA        -0.7304019990       -1.6730532745       -0.6212842251
LA         0.5176873322       -0.4239895782       -0.1156930634
LA         0.6330068593        0.1513506340       -1.8325426602
LA         0.3439143292       -0.9541486635        1.6124916848
LA         0.7982519404        1.0419279035       -1.1569902026
LA         1.5427312698       -0.6183387688       -0.0924777195
LA         0.8030174258       -1.3872775198       -0.4000841019
LA        -0.1884207678        0.8675720939       -1.6297191334
LA        -0.4740604821       -0.2176842229        1.7384367308
LA         0.8370797993        1.3620034854       -0.0961100909
LA         0.9853118281       -0.5041345178       -1.0463220652
LA         0.8432756518       -1.0480287602        0.6566045067
LA        -0.1007991697        1.5199221835        0.4608749544
LA        -1.5574775784        0.0062395377       -0.1515675317
LA        -0.4114078776       -0.2145302582       -1.6544247103
LA        -0.6434889928       -1.1013067996        1.0988021122
LA         0.5596060106        0.1472416544        1.6019650363
LA         0.7483060500        1.0222261271        0.9593534829
LA        -1.0998478959       -0.6493652565       -0.9107940845
LA        -1.1881811685       -0.9895499896        0.1463660441
LA         1.1484587286        0.3684487375       -0.3862390216
LA         1.0617430840        0.0343840812        0.6533107884
LA        -0.0419242479       -0.8685952823       -0.8816064734
LA        -0.1287315196       -1.2027407766        0.1564749782
LA        -0.1467350343        1.2068460063       -0.5892086875
LA         0.1738984502        0.2137315351       -0.8654460507
LA         0.0307419307       -0.3252401214        0.8007361193
LA        -0.8830340848        0.4427164719       -0.8974608327
LA        -0.2923202122        0.6590808169        1.1098353477
LA        -1.0273614849       -0.1047202474        0.8006230975
LA         0.2144068386        0.5359502513        0.1696321503
LA        -0.8383823004        0.7718381095        0.1558446461
LA        -0.5070724261       -0.2137020846       -0.1344689069
