          38
Energy of minimum      1=    -173.9284266     first found at step       40 after                 6405 function calls
LA         1.5846905764        0.2902464192        0.6821687600
LA         0.5038957397       -0.2868987849        1.6506420519
LA         0.9529530091       -1.4539256530        0.1970322127
LA        -0.0888020372       -1.4555951382       -0.9665389649
LA         1.2989401805       -0.1470613936       -1.1627415748
LA        -0.9529533000        1.4539253983       -0.1970319138
LA        -1.5846904021       -0.2902465833       -0.6821688968
LA         0.8679146037        1.3041639307       -0.7789232341
LA         0.0888024133        1.4555953715        0.9665387271
LA        -0.5038959126        0.2868989917       -1.6506421339
LA        -1.2989401355        0.1470612434        1.1627416960
LA        -1.6043051084       -0.5793862607        0.3890472116
LA        -0.8679147389       -1.3041638205        0.7789232006
LA        -0.8287803958       -0.7272861700       -1.3583147554
LA        -1.2598060207        0.7239385371       -0.9744962266
LA        -0.5625499829       -0.5777164006        1.5526177880
LA         0.8287806899        0.7272862087        1.3583145410
LA         1.2598057664       -0.7239386193        0.9744965055
LA         0.5625501007        0.5777165326       -1.5526177660
LA        -0.1083217457       -1.7433330897        0.0994828253
LA         1.6043050476        0.5793861703       -0.3890473861
LA         0.9724726520       -1.1661878436       -0.8689896145
LA        -0.9724724807        1.1661879208        0.8689899727
LA         0.1083214361        1.7433329626       -0.0994831232
LA        -0.2344638273        0.4368158655        1.2548888522
LA         0.2344639320       -0.4368155878       -1.2548888771
LA        -1.2736997057        0.4351499237        0.0941322337
LA        -0.1955192059        1.0108994407       -0.8719988061
LA         0.1955190179       -1.0108995663        0.8719987341
LA         1.2736997013       -0.4351500618       -0.0941319470
LA         0.8437167858        1.0125651491        0.2887579104
LA        -0.8437166441       -1.0125651598       -0.2887580478
LA        -0.5175701835       -0.0008295455       -0.5780912118
LA         0.5175702047        0.0008295872        0.5780912465
LA        -0.5369658122       -0.2867402063        0.4811617557
LA         0.5369658032        0.2867402493       -0.4811617529
LA        -0.2141442459        0.7210049234        0.1906905827
LA         0.2141442246       -0.7210049409       -0.1906905749
