          98
Energy of minimum      1=    -543.6653608     first found at step   101448 after             13574707 function calls
LA         0.8968835598        1.5931635040        1.8504448811
LA         1.0957977629       -2.3359131500        0.3308384821
LA         0.2326749471        0.9233748206        2.4207348231
LA        -0.9398517735        0.4355083845       -2.3861532838
LA         0.2280470807        2.5589926800        0.4077586595
LA         1.4108993996       -0.4934398707        2.1289891934
LA        -2.0640567715       -0.6981405258       -1.4209097806
LA         2.0751080336        0.1763486199        1.5586991680
LA        -2.5701927848       -0.2510650451        0.3127169107
LA        -0.9989593946       -2.2361861017        0.8765091578
LA        -1.5572653291        0.7586818422        1.9406292827
LA         1.5462133992       -0.2368901533       -2.0784185809
LA        -2.1739333155       -0.8232804064        1.1674501450
LA         0.7355839592        2.1106789652       -1.3306636620
LA        -0.3248839389        2.0131059932       -1.6151072147
LA         2.2169011195       -1.2053913669       -0.6317416288
LA         1.9105568443        0.6977731828       -1.6216044450
LA        -0.2437273139       -0.4015817086       -2.5585238857
LA         2.5812443156       -0.2707278804       -0.1749273867
LA        -0.8324209748        2.4614192533        0.1233155284
LA        -0.6990944869       -2.5010604464       -0.1505951671
LA         0.7959328930       -2.0710379843        1.3579427901
LA        -1.3679321896       -1.5352307256       -1.5932804546
LA        -1.9535244690        1.3308973319        1.0858959674
LA         1.6885581275        1.1561065454        1.2048574013
LA        -1.7203105512        0.3430377508       -1.6007338085
LA         1.0118984966        2.1332322133       -0.2547028434
LA         0.3669599774       -0.1765943809        2.3395824939
LA        -1.4439161188       -0.3432135330        1.8538615257
LA         0.3414522606       -2.2996749501       -0.4841461082
LA         1.4756682372       -1.1559306451       -1.4579848346
LA        -1.0981502685        1.9390875137       -0.8206695172
LA        -0.2551994753       -1.7726447905        1.5595178212
LA         2.2006143906        0.7038006292       -0.5490464516
LA        -2.2323667535        0.7953425343        0.1531698073
LA        -0.3352082148       -1.3225485004       -1.9437055914
LA        -1.0617232396        2.0094351449        1.1234476346
LA         1.6332640256       -1.3274393526        1.4133550896
LA        -1.8658194253       -1.6493899832        0.4748161719
LA        -1.5645781088       -1.9154796459       -0.5570016670
LA         1.9345054664       -1.5935303272        0.3815373383
LA         2.3005206647       -0.6545772944        0.8404477878
LA         0.6270219368        0.2945315200       -2.4387116079
LA        -0.0722971134        1.1354631860       -2.2655499601
LA         0.0036113169        2.1074565368        1.4091961927
LA        -0.6636456728        1.4345938729        1.9821034282
LA        -2.2638973106       -1.0745484027       -0.3838396928
LA         0.9930374541        1.2334839827       -1.9798011259
LA         0.4777284923       -1.5403477695       -1.2526887137
LA        -0.4294509092       -0.7390247628        1.8545994228
LA         1.5799728151        1.2872800667        0.1293065275
LA        -1.6282505424        0.9920926599       -0.7312171172
LA        -1.3409360931        1.4917482116        0.1902445139
LA         1.9302118259        0.3203280997        0.4809220332
LA         0.5937807644       -1.0273303103        1.6283828590
LA         0.5496704949       -0.6253179900       -1.8347898842
LA        -0.5355979473       -1.7197034195       -0.9029773514
LA        -0.5436364119        0.3404135704        1.9100240685
LA         0.7927949083        1.6880723079        0.7625631468
LA         1.1971294078       -1.5602761132       -0.4382180224
LA        -1.1389463466       -1.1867585985        1.1636234671
LA        -0.8509776914        1.0589622811       -1.4879687868
LA         1.2827532233        1.2552855101       -0.9156500052
LA        -1.9362463271       -0.0354236566       -0.5561558767
LA         1.0216581550        0.4868489278        1.7616999090
LA        -0.0428699201        2.0240730996       -0.5344944737
LA        -1.0216585121       -0.4868481733       -1.7616995661
LA         0.0428704789       -2.0240730192        0.5344941445
LA        -1.8272300952        0.2247225678        0.9975587125
LA         1.8272300344       -0.2247230978       -0.9975586916
LA        -0.9360313086        0.9147232389        1.0463255899
LA         1.2579584011       -0.3547231555        1.0485142356
LA        -0.2737386291        1.5825799852        0.4776805551
LA         1.5569588778       -0.6188342576        0.0243729512
LA         0.1213774624        1.0120154730        1.3299483614
LA        -1.2319034905       -0.8754362767       -0.7236675504
LA         0.8946663653       -1.2866906377        0.5930179149
LA        -0.1474328198        0.2181447537       -1.6547950809
LA         0.2158596151        1.1501117392       -1.1992988540
LA        -0.8367871400       -1.4460011760        0.1286002209
LA        -1.5309037828       -0.6113260454        0.3004738784
LA         0.9099761383        0.3154362596       -1.3711723067
LA         0.8255161119       -0.5911034475       -0.7784376214
LA         0.8953909019        0.6032586529        0.6864395737
LA         0.2313986447       -0.0663118065        1.2565438553
LA         0.1735247818       -1.2485720023       -0.2186373009
LA        -0.5537022065        1.0674071204       -0.4369229139
LA        -1.2056936004        0.4099382299        0.1228775467
LA        -0.9113438454        0.1499358334       -0.8853342860
LA        -0.1262428206       -0.9837834782        0.8081323941
LA        -0.8095632620       -0.1620907761        0.9773325874
LA        -0.2154458453       -0.6868817479       -1.0576488734
LA         1.1897407121        0.3432555616       -0.3217722146
LA         0.5064204237        1.1649485830       -0.1525721472
LA        -0.1556735264        0.5019402021        0.4082030242
LA        -0.5148524401       -0.4194751117       -0.0421358586
LA         0.1399416274        0.2408198172       -0.6043425946
LA         0.5305841758       -0.3232847597        0.2382756147
          98
Energy of minimum      2=    -543.6429572     first found at step    16744 after              2291429 function calls
LA        -1.2498708504       -1.5454651715       -1.8906770169
LA         2.0890175270        1.5598912068       -1.2688674445
LA        -1.6795285409        0.1714398425        2.3573440781
LA         1.5518612439        0.9049082419        1.9592572461
LA        -0.7571251757        2.5255527820        0.1801733901
LA         2.6791355057       -0.4167154735       -0.4210289647
LA        -0.1639847272       -1.4642109547        2.3147087922
LA        -2.6844392313        0.3049998630        0.3703402431
LA         0.1564391548        1.3516698852       -2.3632402666
LA         0.9235445570       -1.2198159445        2.1769980477
LA         2.4957463920       -0.6405672104        0.6641767480
LA        -0.8021927547        1.6735083878       -1.8759385276
LA        -2.3732474563        1.0946818275       -0.3642211830
LA         0.9544134345       -1.0109821874       -2.1467112243
LA        -1.6140076481       -1.9572696588        0.3247045028
LA         2.2112259665       -0.3531112636       -1.4435824416
LA        -1.1552248550       -1.5934178881        1.7957206086
LA         0.9347744755        0.5407117315       -2.4261726047
LA        -2.4300657109       -0.6990023152        0.8115810274
LA        -0.4745296308       -2.1117777347       -1.3017399691
LA         1.9010427599        0.6381717120       -1.8650535798
LA        -1.9122284974       -0.7667577670        1.8041940721
LA         0.6427900563       -1.8451807811       -1.4370667833
LA        -0.6627370510       -2.3261782847       -0.1808471392
LA         1.1386022222       -1.9177670568       -0.4047070944
LA         0.3417013668       -2.2113705270        0.3620959870
LA         1.7232047699       -0.9362832823        1.4323464072
LA        -1.5998632433        1.3955921275       -1.1282975317
LA        -0.1505230975       -1.2923948602       -2.0381993346
LA        -1.4451650274       -1.7693822213       -0.7924539234
LA         2.3856621769        0.5723006459       -0.8459640636
LA        -0.9229122229       -0.6466826513        2.3376484029
LA         1.1241434266        1.4566636853       -1.8175499090
LA        -2.1836538803        0.2379664789        1.3653146401
LA         1.2392861449       -0.1576144786        2.0687300510
LA         2.0244710794        0.1316724021        1.3132010483
LA        -0.7809965484        2.1004811395       -0.8480219060
LA        -1.5656961375        1.8113729135       -0.0929598329
LA        -1.7207329033       -0.7594962873       -1.2325840953
LA        -0.9305582219       -0.4683707473       -1.9929147594
LA        -1.3762243148        0.9614852600        1.6352399731
LA         1.1416487749        1.8891491783       -0.7875347302
LA         1.9165278403        1.3455313038       -0.1905779981
LA        -0.6015222586        0.4178021588        2.2323672700
LA         1.7378245247        1.1270190096        0.8846115373
LA         0.4748887657        0.6617135203        2.0998472698
LA        -1.0692737683        1.7455049426        0.9098663554
LA         0.1934903658        2.2107471566       -0.3052037438
LA         0.7830036880        1.4503931984        1.3690833122
LA         0.0139862685        1.9901344661        0.7765441234
LA         0.3571604502       -1.7318558385        1.3788908511
LA         1.9168211253       -1.1572275200       -0.1218633193
LA        -2.1508851744        0.0301529816       -0.5566019246
LA        -0.5946448161        0.6035213569       -2.0540645477
LA         1.4495526698       -1.0995057801       -1.1380214054
LA        -0.6259880937       -1.8642006609        0.8591290415
LA         2.2174802908        0.3566887114        0.2368401267
LA         0.1598846568       -0.4013946134        2.2167219642
LA         0.1730593049        1.7910872071       -1.3379348138
LA        -1.8839101079        1.0332343289        0.6413441517
LA         0.1728108230       -0.2053619345       -2.1184736495
LA        -1.8989571900       -0.9686669233       -0.1249537988
LA         0.9700189132        1.6795161141        0.2936748441
LA        -0.2971558396        1.2126488989        1.5129890703
LA         1.1535685319       -1.4578667669        0.6406401117
LA        -1.3891293128        0.3266406056       -1.3185861200
LA        -0.1235571774       -0.6004163822       -0.3583023695
LA        -1.3822543801       -1.0260794909        0.8802279700
LA         1.1470807405       -0.0941925973       -1.5535770821
LA         0.0949848410       -1.6182733239       -0.5209125436
LA        -0.6767962275       -1.0635847650       -1.1106002820
LA         0.3993045886       -0.8109522445       -1.2364394285
LA        -0.8523886428       -1.2721155762       -0.0320209865
LA         1.3272405560        0.8188384134       -0.9543655033
LA        -1.1438587758       -0.0915925302        1.4234025174
LA         1.6243051293       -0.1601695963       -0.5392664921
LA        -0.3975824498       -0.9050968733        1.4062562187
LA         0.9757453853        0.3899773832        1.1633642844
LA        -0.5393479577        1.4532989809       -0.0040601385
LA         0.3738766725        0.7168935226       -1.5019576538
LA        -1.6470805491       -0.0276911317        0.4426697764
LA         0.6704274497       -0.6638640260        1.2743217949
LA         1.4468550097       -0.3778035647        0.5272191614
LA        -0.5670125649        1.0355997168       -1.0236862995
LA        -1.3426683531        0.7498234727       -0.2773263552
LA         0.1146142300       -1.1622609130        0.4912169709
LA         0.8773735161       -0.8812362653       -0.2427338457
LA        -0.3600060274       -0.0118401350       -1.1943497587
LA        -1.1214151556       -0.2923673384       -0.4616982441
LA        -0.6292350813       -0.3510090180        0.5203795897
LA         0.5924033593        0.0990811010       -0.6551186996
LA         1.1621668867        0.6121737764        0.1073406774
LA        -0.0838609831        0.1530977524        1.3063070473
LA        -0.8483319469        0.6896390628        0.7170742204
LA         0.3975155372        1.1486485736       -0.4817183380
LA         0.2205613384        0.9321566797        0.5861349262
LA         0.4197371818       -0.1118354344        0.3933912087
LA        -0.3306111146        0.4144922838       -0.1848819918
          98
Energy of minimum      3=    -543.5467256     first found at step    68045 after              9101745 function calls
LA        -0.2630204204        0.1637150275       -2.6960139220
LA        -2.1765704738       -0.2935656321       -1.5939995687
LA         1.0513478743       -2.5809082827        0.7546252328
LA         2.4415817999        0.4432523554        1.0102136795
LA        -0.3893083349       -0.2332440635        2.6405227708
LA         1.1308815028        2.3913443829       -0.7706121966
LA        -1.9598244981        1.6527601709        1.0093239650
LA        -1.1660961197       -2.3393960211        0.7307757516
LA         1.9244066322       -1.6008591765       -1.0490452659
LA        -2.0914930174        0.6592207979        1.5154421379
LA         1.9505124708        1.6251364208       -0.8123491372
LA        -1.6520337097       -1.5484559170        1.3616248365
LA         2.3892874594       -0.5827030561       -0.9657722214
LA        -0.5533979846        2.7047046511        0.1613880017
LA        -1.2190703222        1.7616574708       -1.3858084887
LA        -0.5034117244       -1.8371173633       -1.6364416963
LA        -1.5470766239        2.1812567376        0.1044407293
LA         0.0168585940        2.5549892542       -0.7962288495
LA         0.9565083636       -2.1711773689       -1.1251955818
LA        -0.6069820357       -2.5448046873       -0.2247810281
LA         0.5094129946       -2.6525490887       -0.2161251924
LA         0.5641578187        2.5564534099        0.1785459903
LA        -0.9800139082        2.1874435177        1.0678336783
LA        -0.1314492524        1.7388280751        1.6363402410
LA         0.8165724784        1.9653761884        1.0903748562
LA         2.1874530674        0.5250744578       -0.8949518997
LA        -1.8857026373       -0.4482855767        1.4507787194
LA        -1.2282347863       -0.0655682669       -2.1599276553
LA        -0.0570113547       -2.4623889296        0.7430379600
LA         1.4887673329       -2.0929943967       -0.1471761599
LA        -0.7486498832        0.9702442762       -2.0616096651
LA        -1.7142412669        0.7394970933       -1.5055248102
LA        -0.3879145633       -0.8437672293       -2.1879905150
LA        -1.3535406768       -1.0745228234       -1.6318856448
LA        -1.2413509794        0.2120742131        2.0795306717
LA         2.1980639584        1.0339893260        0.0987716056
LA        -1.0218081079       -0.8908528117        2.0026108173
LA         2.4172109832       -0.0690318849        0.0220798841
LA         0.3798088740        0.8260168999       -2.0451515223
LA        -2.1476194879        0.2220377889       -0.5896045742
LA         0.6005454187       -0.2844257709       -2.1224380081
LA        -1.9267153593       -0.8883649029       -0.6669876956
LA         1.6319342110        1.2065723155        1.0517960461
LA        -0.2611679352        0.7541787733        2.1420330783
LA         1.5217596531       -1.5761935127        0.8432063277
LA         0.5720045765       -1.8031561946        1.3901703060
LA         1.9850916653       -0.5688481281        0.9280456164
LA         0.0917682270       -1.0212949584        2.0184103726
LA         0.5579791885       -0.0076221714        2.1027989437
LA         1.5010372626        0.2177401211        1.5596919812
LA        -2.0725259532        0.7297228456        0.4129304659
LA         1.0035121723        1.4648028752       -1.3585603004
LA        -1.6372862915       -1.4580519568        0.2604663844
LA         1.4384180533       -0.7230514830       -1.5108325173
LA        -1.1156785181        1.2050476819        1.5851911806
LA         1.3910348818        1.8040753879        0.1415755643
LA        -0.5403895175       -1.6855620695        1.3834624173
LA         1.9653200506       -1.0867733249       -0.0595757617
LA        -0.1029711355        1.6236747774       -1.3887207280
LA        -1.6652232016        1.2503438753       -0.4890192877
LA         0.4754857838       -1.2856188125       -1.5912210068
LA        -1.0865410280       -1.6588963087       -0.6916491903
LA         0.6909323882        0.9833939376        1.6078028961
LA         1.0450337758       -0.7977855653        1.4835686269
LA         1.2404397600        0.3755979281       -1.4474769615
LA        -1.8757024147       -0.3690658145        0.3471098057
LA        -0.3338130321        0.0023863270       -0.5786466133
LA        -0.6681431565        1.7802329346       -0.4214654607
LA         0.0382082559       -1.7724235037       -0.6691223398
LA        -0.1148825317        1.7830030536        0.5403726854
LA        -0.2979562899        0.0818003376       -1.6188020731
LA        -1.2395972356       -0.1432234353       -1.0765106325
LA         0.5751357426       -1.6916186668        0.2967354869
LA        -0.7717863210        0.8603410152       -0.9831404586
LA        -0.4226876104       -0.8955673366       -1.1055754470
LA        -1.0883124918        1.2613107965        0.4816314915
LA         0.4443697141        1.6275750742       -0.4010398378
LA        -0.3696387049       -0.1523895543        1.5350628145
LA         1.4882650156        0.2915928439        0.4650961878
LA        -0.5233494042       -1.5787548463        0.2835636315
LA         1.0088415009       -1.2126074060       -0.5988252891
LA         1.2516017432        0.8768075512       -0.4395656759
LA        -1.2171745992        0.2868452014        0.9822028844
LA        -1.0001484138       -0.8033935914        0.9062147433
LA         1.4682624499       -0.2135182815       -0.5153432502
LA        -1.1934986404        0.3566566334       -0.0960259885
LA         0.3229063791        0.7190315320       -0.9693240109
LA        -0.9805340001       -0.7139094817       -0.1706515861
LA         0.5357146500       -0.3515717819       -1.0438594445
LA        -0.2280912561        0.8824377746       -0.0298931989
LA         0.6945141680        1.0453135451        0.5091395143
LA        -0.2431502430        0.8212404162        1.0491403000
LA         0.1133800732       -0.8357037536       -0.1499007720
LA         1.0425271853       -0.7061080167        0.3869777792
LA         0.1051085134       -0.9301227069        0.9268372243
LA         0.5657463819        0.0699916212        1.0114120399
LA        -0.3537128699       -0.0744729484        0.4647890596
LA         0.5667892780        0.1454991694       -0.0653282539
          98
Energy of minimum      4=    -543.4923253     first found at step    68184 after              9114848 function calls
LA         0.5020375342        2.2375774733       -1.4465695932
LA         2.1750062781        0.7257066633       -1.4202770359
LA         0.4282780817        0.5484504847        2.8323672670
LA        -1.6497103847       -1.8274093829       -1.5638271610
LA         0.0665922391       -2.3671011465        1.2477887713
LA        -2.1386482972        0.3456666756       -1.6873045931
LA        -0.5720578848        2.1368211388        1.6269740097
LA        -1.5246323497        1.9086038659        1.0780346158
LA        -2.3909893973        0.9180581801       -0.7548309155
LA         2.1298741541       -0.3052531289        1.6694039028
LA         0.5634142662       -2.0962576987       -1.6446025627
LA         1.1427409728       -2.2743392962       -0.6998552134
LA         2.0090910416       -1.2838016276        1.1329950087
LA         1.6439777021        1.8529790704        0.4853439210
LA         0.2318115288        0.2383829231       -2.5022367261
LA         0.5493865301        2.0352379922        1.6135074693
LA        -1.3052202747       -0.0852177845       -2.3100998438
LA         1.9162328203        0.7997961835        1.6348959792
LA         0.0617550291       -1.3205110868       -2.2884367284
LA         1.0525660619        1.2281726641        2.2081840081
LA        -1.0492837551       -1.1749668639       -2.2384893031
LA        -2.4018088376        0.3937314534        0.2302074350
LA        -1.9699617408        0.8874820623        1.1438232880
LA        -1.9730122000        1.4247153368        0.1626345914
LA        -1.4693387431        0.0963903455        1.7568242991
LA        -2.1644900681       -0.6984081215        0.2861618308
LA        -1.5894149125       -0.8787430097        1.2261868367
LA         1.5877021946       -1.7936753890        0.2188918091
LA         1.3479475326        1.4918930583       -1.4434189165
LA        -0.0713018008        1.3436095478        2.2318155530
LA        -1.8954306108       -0.7420007090       -1.6273129419
LA         1.2800619631        0.1221718000        2.2529928077
LA        -0.5439608239       -1.9633172242       -1.6059119711
LA         0.3720155137        1.2510616942       -1.9931054365
LA         1.0838535661        2.0649398306       -0.4871390519
LA         1.2162484612        0.4881275843       -1.9798225466
LA         1.9280758886        1.3019939249       -0.4738788607
LA         0.6057769602       -2.3221754621        0.2747868946
LA         1.0386035999       -1.8273049863        1.1904745507
LA        -0.4827599486        1.6883139959       -1.3828578597
LA        -0.0469625553        2.1865812298       -0.4608847222
LA         2.1625447211        0.1897577339       -0.4262288053
LA         1.7268169737       -0.3084300824       -1.3480550244
LA        -0.5219592757        0.3226626333        2.2982618585
LA        -1.9104763457       -1.2648929302       -0.6392860744
LA        -1.0798701373       -2.0155047005       -0.6266458941
LA         0.3089008141       -0.4276586596        2.3114386820
LA        -0.5077953081       -2.1954111541        0.3099176626
LA         0.1887239795       -1.3990485505        1.7834740850
LA        -0.7627063603       -1.6251244663        1.2387902466
LA        -0.5856556888        2.0898477536        0.5236147966
LA        -1.4441312542        1.1083126356       -1.2925771217
LA         1.2451604995       -1.3217959151       -1.2504154000
LA         2.1036261898       -0.3402715600        0.5657566070
LA        -2.1616548317       -0.1767965736       -0.7017357200
LA        -1.0269404490        1.1205745689        1.6988666048
LA         0.0291397635       -2.1565505535       -0.6669441415
LA         1.1636011459       -0.8594686264        1.7331236442
LA         0.5281669038        1.9915189507        0.5042211792
LA        -0.6134772772        0.6862240134       -1.9110435233
LA         1.8938946280        0.7573031518        0.5256138096
LA         0.7522941443       -0.5479422160       -1.8895573966
LA        -1.3432829827       -1.4563024776        0.3012609108
LA        -0.6441852143       -0.6569917187        1.7802724826
LA        -1.0313545598        1.6159361865       -0.3858099114
LA         1.6927302805       -0.8461290285       -0.3428390251
LA         0.3485335381        0.4045007678       -0.3833509692
LA        -0.3692757043       -0.4153469725       -1.8354387835
LA         1.0245659759        1.1782956712        1.1133728407
LA        -1.4630083140        0.0521738657        0.6633366199
LA         0.4229519311        1.3053184287       -0.9053612086
LA         1.2462173699        0.5613173118       -0.8924164165
LA        -0.9624509718       -1.0599206652       -1.1568490703
LA         0.4002891802        0.4981631156        1.7261650408
LA         0.9874428583        1.1186443726        0.0331781953
LA         0.2984768325        0.3309170567       -1.4243997488
LA         0.1629741554       -1.4152285652        0.6878051396
LA        -0.0924296853        1.2893001877        1.1336100331
LA        -1.2069656830        0.0149998273       -1.2243029915
LA         0.1326079674       -1.1956107558       -1.2030786814
LA         1.2470466919        0.0785782682        1.1546292712
LA        -1.4577651830        0.5764861276       -0.3085556861
LA        -1.0298065899        1.0657908823        0.5968336565
LA         1.1283929345       -0.8846042418        0.6306028793
LA         0.7005329107       -1.3737963886       -0.2745779797
LA        -0.5298191966        0.7572947390       -0.8323203801
LA        -0.1097025148        1.2376336203        0.0564787339
LA         1.2159698941        0.0396320882        0.0772529550
LA         0.7958852642       -0.4406703060       -0.8114786899
LA        -0.5369465276        0.2759006829        1.2065846282
LA        -1.2242980045       -0.5099800200       -0.2475765721
LA        -0.2972039535       -0.3169180590       -0.7687433150
LA         0.3768054596        0.4537080675        0.6571913884
LA         0.2827183375       -0.4647490731        1.2192814037
LA        -0.4045468857       -1.2505313724       -0.2346974789
LA        -0.6563470886       -0.6892665166        0.6827454103
LA        -0.5460582114        0.2326641901        0.1323702731
LA         0.2590375185       -0.4944970108        0.1448021054
          98
Energy of minimum      5=    -543.1896663     first found at step    16831 after              2301425 function calls
LA        -2.5448591371        0.4985560394        0.6659364702
LA        -1.3373220149       -0.2092724154        2.3146169920
LA         0.0236336537        2.3665001854        1.3634305745
LA         1.9515899413        1.1984821893        1.4601741799
LA        -1.3331975453       -2.0182760283        1.6499214324
LA         0.4195113188        0.4859825788       -2.8174185876
LA        -2.2961930738       -0.6348942650       -1.2336593734
LA         0.5510790230       -2.3642433570       -1.0842377363
LA         2.2074370595        0.0256425017       -1.5666372335
LA         0.8876101226       -1.8627912209        1.7986478361
LA        -0.9010934134        1.9152487475       -1.7261591862
LA        -1.8138208082        1.5392103371       -1.1943714875
LA         1.5222801376       -1.9755059463        0.8807444856
LA         2.2520556135       -0.9301766039       -0.9799560234
LA         0.1018797594        0.4066326185        2.5209101469
LA         1.2839059376        2.1103297971       -0.5154949652
LA         0.2305925825       -1.1650682676        2.3873859376
LA         0.2178702740        2.0271488061       -1.6788261562
LA         1.7904327797        1.0711611998       -1.5978233358
LA        -0.8850930603       -1.2349006859        2.3031442893
LA         0.8832226613        1.3008218166       -2.2155506482
LA        -1.7808743167       -0.9955162556        1.6510672135
LA        -2.1962533574        1.0258019243       -0.2671472429
LA         1.9014275482       -1.4648523978       -0.0506912411
LA        -1.6732557995        0.8752064965        1.2294413154
LA         0.9950517003        1.7951795809        1.4209089990
LA        -0.2230113596       -1.9422140492        1.7255491007
LA         1.3142259205        0.2563940434       -2.1939563636
LA        -0.2405150079        1.2016015942       -2.2741480454
LA         0.0659741259        1.4025040518        1.9602781867
LA        -2.4218450892       -0.0681833271       -0.2844666800
LA         1.0373643120        0.8121444188        2.0089648129
LA         0.6601758589        2.2600379655        0.4294975473
LA         1.6331666975        1.6707985748        0.4784955547
LA        -2.0563721771        0.4522775564       -1.2144758418
LA         1.0377889097       -2.1709954456       -0.1024273363
LA         1.4025803626       -1.6488025832       -1.0321801546
LA        -0.8385982839        1.6376983292        1.3061911336
LA        -1.6623774095       -1.5604462822        0.6900177734
LA        -0.4721543046        2.1641650516        0.3691191433
LA         2.0734293084        0.6213492703        0.4977304210
LA         1.7069295839        0.0955548838        1.4336025862
LA        -1.9830046551       -1.0992078197       -0.2705997294
LA        -0.7066407388       -2.1414615207        0.7384518544
LA        -0.4897570700        0.1117368300       -2.2968932669
LA         0.4653399864       -0.4685556601       -2.2464014814
LA        -1.3945600197       -0.2615100072       -1.7695394621
LA        -0.0785318496       -2.2568292846       -0.1720551337
LA         0.5094488251       -1.4179590205       -1.6689753321
LA        -1.3497842468       -1.2164905988       -1.1867824376
LA        -0.4013126229       -1.7923040312       -1.1370527911
LA        -0.9482452572        1.9193526049       -0.6218831365
LA         1.4263648213       -0.9943978173        1.3801059804
LA         2.1487644855        0.0414078755       -0.4640283475
LA        -2.1157844869       -0.5357530771        0.6856948808
LA        -0.7893425945        0.6598735391        1.8865089540
LA         0.4075829496       -2.0700530139        0.8134450369
LA        -1.1557933535        0.8285730832       -1.7560004287
LA         1.3641769952       -0.7027545873       -1.6238201575
LA         0.7781142594       -0.2968053996        1.9642821161
LA         0.1631661614        2.0342363005       -0.5696968463
LA         1.7361356740        1.0805833808       -0.4890863309
LA        -1.0370030226       -1.6882741812       -0.2251101953
LA        -0.4465544552       -0.8469214243       -1.7280841026
LA        -1.3294976618        1.4139823503        0.3021322580
LA         1.8081128379       -0.4876537315        0.4599015068
LA         0.2530172795        0.4877838002        0.3990005300
LA        -0.3456428597       -0.3800369001        1.8756118125
LA         0.8256688042        1.3003844974       -1.1207491015
LA        -1.2397589287       -0.1440411124        1.2262529230
LA         0.1392439235        1.4106975152        0.8726159630
LA         1.0882383041        0.8360340107        0.9199060646
LA        -0.7885102879       -1.1558319369        1.2192097777
LA         0.3617733289        0.4856862231       -1.7109972343
LA        -1.5480529069        0.3138415994        0.2646287682
LA         0.1848707753        0.4575340698        1.4409253144
LA         0.7611558107        1.2882678161       -0.0401996758
LA        -1.4199461402       -0.2496386415       -0.6739160948
LA         0.4482765872       -1.3846234144       -0.5749906319
LA         0.3112371557       -1.0813741898        1.2985231021
LA         1.2507715958        0.2615486487       -1.0961222603
LA        -0.2906915742        1.1980925610       -1.1752464832
LA        -1.1881001970        0.8287790066       -0.6533074533
LA         0.9348000213       -1.1958331248        0.3962560384
LA         1.2950280393       -0.6796124024       -0.5229109001
LA        -0.6915582534        0.6889370836        0.8068489727
LA        -0.3378071309        1.1965668574       -0.0970066511
LA         0.8352530062       -0.2361008701        0.8832063984
LA         1.1890954362        0.2707716083       -0.0193885114
LA        -1.1161733251       -0.7101232680        0.2739651352
LA        -0.2626869537       -0.3207224628        0.8081157871
LA         0.3089028254        0.4902884606       -0.6419510985
LA        -0.1727821985       -1.2834387028        0.3226676926
LA        -0.5351817579        0.1167503170       -1.2047918092
LA         0.4075191550       -0.4560479357       -1.1547223847
LA        -0.5737437593        0.1257203208       -0.1303858929
LA        -0.4914947259       -0.8265587078       -0.6309833900
LA         0.3515049559       -0.4368069438       -0.0807266083
