          98
Energy of minimum      1=    -543.6653608     first found at step     4804 after               899137 function calls
LA         1.8540388039        1.7766088226       -0.4158345560
LA         1.6769023957        1.4123009718        1.4000431867
LA        -1.9294915878       -0.7677398732        1.5666378654
LA        -2.2349899237        0.9531789451        0.9289709945
LA         1.2390078126       -2.1160218182       -0.8683477851
LA        -0.2696309810       -1.7593012847       -1.8970701155
LA        -0.5517140983       -2.3394465707        0.9946439901
LA        -2.0573636587        1.3184945423       -0.8919313638
LA        -0.5759738563       -0.0336207701       -2.5365012732
LA         2.3405314289       -0.9638871025        0.5996243534
LA        -1.5221770982        1.7614123592        1.1606551373
LA         2.1399803803        0.9728710045       -1.1138774300
LA         0.1674589104        0.3851168933        2.5671691995
LA         0.3412254124        2.1343160630       -1.4474027569
LA        -1.2683855648       -1.7637965248       -1.4307119074
LA         1.1340610419       -2.3318599023        0.2074872937
LA         0.6271672172        1.3305784023       -2.1454456492
LA        -1.5747284549       -0.0381162229       -2.0701430822
LA        -1.0356831164       -0.9790816629        2.1761147306
LA        -0.0135369916        1.4046924674        2.1893769209
LA         1.8578981374        0.3927251217        1.7778350246
LA        -1.3445508674        2.1267278638       -0.6602470093
LA         2.4454777911       -0.7480489093       -0.4762106466
LA        -1.4455221923       -2.1281042082        0.3851668785
LA        -2.3032833934        0.5675358079       -0.1108203017
LA         0.8205180766        2.1833813719       -0.4461929523
LA         0.1722520449       -0.7959980615       -2.2307417068
LA         0.6413098170        1.8148124349        1.3909238385
LA         1.6985363489       -1.1568908200       -1.1899871533
LA        -1.9942118779       -1.1735113375        0.5343048247
LA         1.4897210012       -1.5863509270        0.9506378367
LA        -0.2157715775       -1.5940262164        1.7470012175
LA         1.3894657393        0.5841573299       -1.8351122691
LA        -0.8849756723        2.1757046981        0.3501697754
LA        -1.8150034501       -0.8049425913       -1.3028129544
LA         1.0014427899       -0.2138714600        2.1426295180
LA        -0.7382761250        1.8543225259       -1.5632197021
LA        -0.8571546107       -2.3217767023       -0.5494174097
LA         2.4981571955        0.3495572652       -0.2534577425
LA        -0.9027260856        0.1178972327        2.3660951362
LA         2.3927295344        0.1327285715        0.8273142270
LA        -1.0845525906        1.1421515320        1.9865689058
LA        -1.4543602064        1.0423801906       -1.7959675130
LA        -0.4510220898        1.0468963597       -2.2644660437
LA         0.0407550523       -2.5340892221        0.0628566364
LA         0.1461834207       -2.3172609033       -1.0179156995
LA        -1.8006365410        0.3302089259        1.7538215640
LA         2.2109035265        1.1569835191        0.4477886627
LA         0.7335250141       -1.0942140606        1.5603719044
LA        -1.9705044364       -0.4548418550       -0.2834719210
LA         1.0510178088       -0.4412419194       -1.6943412617
LA         0.1859614114        1.9902981334        0.4174408485
LA        -0.2724897062        1.9146844809       -0.5651078832
LA        -1.7067156972        0.2884662470       -1.0312724491
LA         0.3028439139        0.2975116280       -1.9696158260
LA        -1.4109825973       -1.3774457200       -0.4139875636
LA        -0.0797889878       -0.4894313331        1.9528706494
LA         1.5521026122       -0.4820868632        1.1908748123
LA         1.7632612605       -0.0478068819       -0.9737753760
LA        -0.4439639029        1.5620212279        1.1927279456
LA         0.3874177791       -1.8026806071        0.8123195438
LA         0.5985767444       -1.3684008579       -1.3523309111
LA        -1.8781899421       -0.0641969549        0.7265639392
LA         1.1879281958        1.5693661186        0.4307324220
LA        -1.5846666576        1.3634781659        0.1189643762
LA         1.0984326093        1.3755551760       -1.1338815614
LA         1.5846658325       -1.3634789900       -0.1189642471
LA        -1.0984324613       -1.3755546650        1.1338821493
LA        -0.8164999320       -0.7957186594       -1.7562896063
LA         0.8165006845        0.7957188607        1.7562890497
LA        -0.9840513214        1.0966149461       -0.7979655108
LA         0.0118222062        1.1010975784       -1.2629784877
LA        -0.6989343604        0.2951958711       -1.4939948203
LA         1.6516394001       -0.2606016713        0.1088320628
LA        -0.2641693319        0.5334784628        1.5662968053
LA        -0.5080624662       -1.5847069323        0.1955680242
LA        -0.4034188113       -1.3694917830       -0.8771637315
LA         1.4711663065        0.7560330479       -0.2678701999
LA        -1.1553995461        0.7442110254        0.9585784023
LA        -0.9749261128       -0.2724232898        1.3352809095
LA         1.3665229524        0.5408177784        0.8048612701
LA         0.4878109139       -1.5802247820       -0.2694450872
LA         0.8214101342       -0.8597758303        0.4721392830
LA        -0.1589734405       -0.8641882648        0.9299197123
LA         0.5407283943       -0.0708215676        1.1573424757
LA         0.3597919316        0.9484219703        0.7796733632
LA         0.9263222118       -0.6440082724       -0.6033453099
LA        -1.0524905889       -0.6529147064        0.3206415443
LA        -1.2301568239        0.3479069972       -0.0502016499
LA         0.4628077029        1.1602897464       -0.2763729416
LA         0.0489545405       -0.4365530413       -1.2016114678
LA         0.7486562110        0.3568137253       -0.9741884051
LA        -0.5175760881        1.1558769627        0.1814073571
LA        -0.9494746773       -0.4410469932       -0.7354050080
LA        -0.2390276407        0.3565623723       -0.5084652983
LA        -0.0605978536       -0.6485616177       -0.1360280944
LA        -0.3424863342        0.1437839482        0.5521206403
LA         0.6421116788        0.1482155176        0.0923724342
