          38
Energy of minimum      1=    -173.9284266     first found at step      285 after                33036 function calls
LA        -1.3750117027        0.8087837353        0.7183683952
LA         1.5055887014        0.8676271211        0.2031433664
LA        -0.2827581215       -0.5339789046       -1.6418755317
LA        -1.2313709660        0.9226674583       -0.8326169506
LA         0.5707392784        0.7623017150       -1.4676489135
LA         1.7299401166       -0.2175856363        0.1442369518
LA        -0.2055644113       -1.7312489841       -0.1461581864
LA         0.2055635382        1.7312488914        0.1461581872
LA         0.8764428747       -1.5138659237       -0.0299892758
LA        -0.7940021928        0.3176493578        1.5262702126
LA        -0.5707386380       -0.7623013620        1.4676494882
LA        -1.5055888773       -0.8676266000       -0.2031429562
LA        -0.7837565590       -1.2424957560       -0.9501423944
LA         0.9273964346        1.3563802052       -0.6008406819
LA         0.2827585191        0.5339784776        1.6418754423
LA        -0.9273965237       -1.3563796919        0.6008413719
LA         0.5060221157       -0.5459723355        1.5832548281
LA        -0.5060210840        0.5459718243       -1.5832554071
LA         0.7837560773        1.2424959623        0.9501423944
LA         1.2313713578       -0.9226676327        0.8326155401
LA         1.3750115418       -0.8087836885       -0.7183678969
LA        -0.8764435379        1.5138652208        0.0299887380
LA         0.7940024649       -0.3176491334       -1.5262697519
LA        -1.7299398627        0.2175864055       -0.1442372104
LA         0.1510772374       -1.1341435760        0.7151377340
LA         0.2943700822       -1.0205349006       -0.8320952765
LA         1.0025102596        0.1590016494        0.8889424074
LA        -1.1458030958       -0.2726099700        0.6582905255
LA        -0.1510772030        1.1341432300       -0.7151377838
LA         1.1458030153        0.2726103040       -0.6582901004
LA        -1.0025101234       -0.1590016499       -0.8889426773
LA        -0.2943703708        1.0205346562        0.8320952270
LA         0.6458845944       -0.4290690526        0.0283116710
LA        -0.4240388340       -0.6440244759       -0.0865598540
LA        -0.6458847803        0.4290689405       -0.0283116722
LA         0.4240386314        0.6440243645        0.0865600123
LA         0.0713641436        0.0565803212       -0.7705676716
LA        -0.0713641000       -0.0565805667        0.7705676991
