          98
Energy of minimum      1=    -543.6653608     first found at step      203 after                39048 function calls
LA         1.0554743836        1.8456021067        1.4988140448
LA         2.3009231407        0.5238886450        1.0945365519
LA        -2.5317016400       -0.4279414951        0.4172154594
LA        -0.5483729105       -2.5327187160       -0.2265808249
LA         0.6899605694        0.1035618645       -2.5059819257
LA        -0.5589343454        1.4289324357       -2.1005857639
LA         0.3895374827       -1.6527560111       -1.9706277358
LA        -1.4983174049       -1.1776238927        1.7705829223
LA        -2.1048069315        0.9943287260       -1.1609537825
LA        -0.7604386915       -1.9606863985        1.5310645957
LA         2.3355855142       -1.0902741052       -0.3507966440
LA        -0.8966367172        2.3398722751        0.6983952691
LA         0.0192308323        2.5973576393        0.1417009642
LA         2.5135742646       -0.0497261500       -0.6679725979
LA         1.0017770781       -2.0969114592       -1.1688115566
LA        -2.2304459592        1.3332357045       -0.1196193216
LA         2.1229338049       -0.5166593934        1.4117121517
LA         0.1396065862        1.5881163109        2.0555078754
LA         0.2312940384        2.0253246022       -1.6159453956
LA         1.4801888073        0.6999541692       -2.0213414920
LA         0.5770598414       -0.9512647384        2.3513425269
LA        -0.1608187205       -0.1682023767        2.5908607902
LA        -1.1606123550       -2.0885627570       -1.0283968458
LA        -2.4060620525       -0.7668483777       -0.6241189792
LA         0.9819038239        2.1201425502        0.4246790945
LA        -0.3758959581        0.3547576055       -2.3178311044
LA         2.2419198036        0.7829698637        0.0156730243
LA        -2.1898387954        0.5894045971        0.7047691720
LA         0.5383600723       -2.3058546632       -0.1808148558
LA         1.8877690828       -1.2874433830        0.6467679137
LA        -0.8404289073        1.6078150082        1.5323516060
LA        -0.6798330815       -1.4221029298       -1.7762153814
LA        -1.9398498224       -0.0849295059       -1.3672090067
LA        -1.1443679267       -0.1690462655        2.0739663005
LA         0.3238140159       -1.7271319060        1.5973887009
LA         1.1964476915        1.5414190271       -1.3535254624
LA        -1.8748376877       -1.6860447123       -0.2635475954
LA         1.9409834776       -0.2373245589       -1.6135306712
LA        -0.4936957104        2.3464413991       -0.8232243417
LA         0.6063556561        0.6222509659        2.3816709691
LA         1.3476204152       -0.1644049402        2.1410535426
LA        -1.4137662281        2.0877743806       -0.2639752150
LA         1.7621779263       -1.2826476836       -1.2948990671
LA        -1.2875507618        1.7473122620       -1.3100887337
LA         1.1471287373       -0.8364539981       -2.1003951887
LA        -1.2597889568       -2.1322391742        0.5419481141
LA        -2.0010540845       -1.3455829056        0.7825656817
LA         1.5264267765        0.8809185236        1.8224225925
LA        -0.9656936901       -0.3714622966       -1.7605611286
LA         0.8865074454       -1.7151627390        0.6651656566
LA        -1.3457895968        0.6538283462        1.3897779957
LA         1.4249758865        1.4327967347       -0.2943825332
LA        -0.3734996233        0.6354717004        1.8751767558
LA         1.1111604653       -0.9401011258        1.3932503006
LA         1.6745723491        0.5998017112       -0.9463931202
LA         0.4689325789        1.8792684423       -0.5550377691
LA        -1.4118797204       -1.0208911437       -1.0119244617
LA        -1.3738529875        1.3611909690        0.5650672825
LA         1.3164471684       -1.4938488866       -0.3082146490
LA        -1.1210586662        0.6792885158       -1.5301661194
LA         0.0845815079       -0.6001786191       -1.9215216254
LA        -0.1800145333       -1.9145620727        0.6013821875
LA        -1.6646748339       -0.3389890488        1.0833087301
LA         1.4692864532        1.1535497171        0.7550724555
LA         0.0703176321        1.8529140874        0.9727068623
LA         2.0525874198       -0.2507394073        0.3292543859
LA        -0.0703165965       -1.8529140179       -0.9727065298
LA        -2.0525871669        0.2507402332       -0.3292537388
LA         0.4078404442        0.9424604232       -1.8247816350
LA        -0.4078416711       -0.9424612572        1.8247806440
LA         0.3698006499       -0.1493338855        1.6274572058
LA         1.4881620807       -0.4459316072       -0.6278449275
LA        -0.4523415368        1.6133981416        0.0020501033
LA        -1.2402904276        1.0187265223       -0.4811924100
LA         0.7002134962       -1.0406035287       -1.1110875605
LA         0.8776888620       -0.0030572542       -1.4273484668
LA        -0.3270648613        1.2754691619       -1.0362807180
LA         0.5472767081        0.8882126666        1.3111968609
LA         1.2830267220        0.1074092115        1.0723695447
LA        -0.7951478271       -1.4610071344       -0.2021592466
LA        -1.5308981158       -0.6802034141        0.0366681786
LA        -0.9204253204       -1.1230784470        0.8361713462
LA        -1.1947011479        0.3076691007        0.3389302515
LA         0.2672436730       -1.2437974568       -0.1356227514
LA        -0.3447961769       -0.7997861996       -0.9371778833
LA        -1.0691025742       -0.0311271350       -0.7020651931
LA        -0.5937236446       -0.1283174808        1.1259980047
LA         0.1439147339       -0.9111249271        0.8865577048
LA         0.4965613498        1.1504928189        0.2581440610
LA         1.2208675908        0.3818339016        0.0230314363
LA         0.6198897210        0.8178200583       -0.7640367034
LA        -0.1700811448        0.2216222057       -1.2485195358
LA         1.0429365098       -0.6583752144        0.3401037641
LA        -0.4190080932        0.8930911290        0.8146566821
LA         0.4385412804       -0.2130573699       -0.4528752710
LA        -0.2888785526        0.5589057883       -0.2167519555
LA         0.3146824729        0.1210452715        0.5736993052
LA        -0.4643448663       -0.4668933537        0.0959278528
