          98
Energy of minimum      1=    -543.6653608     first found at step    39798 after              5422156 function calls
LA        -0.0589055546        2.2359155549       -1.3281298528
LA        -0.0051780150       -1.9167016110        1.7586768933
LA        -0.4694579638        2.2419503807        1.2328764236
LA         1.9546934971       -1.4011041453        0.9913602122
LA         1.9004887705        1.7505809062        0.3005405435
LA        -2.1496375821       -0.5095125832        1.3733798312
LA         2.3721263518        0.1308674402       -1.0595311603
LA        -0.0920584518        0.5550967278        2.5397064511
LA         0.9570716252       -2.0272292569       -1.3194965961
LA        -1.8906100649        1.0818903253       -1.4219072709
LA        -0.3955550070       -0.7698175809       -2.4530863217
LA        -2.1229774610       -1.3719355634       -0.6143894870
LA         0.6063760505       -1.1457290687        2.2552891489
LA         1.3431393619       -2.1720765255        0.4947477886
LA        -1.7358425239       -1.5171834385        1.2048744302
LA         0.5558915192        2.0052521743        1.5609818329
LA        -0.8555249431        2.3867979976       -0.5813682724
LA        -1.1174078750        0.7917946806        2.2116006077
LA         2.6008557355        0.0450502488        0.0153358141
LA         1.3398972539       -1.1704405947       -1.8977513442
LA         1.6717588835        1.8363979375       -0.7743263645
LA        -0.7783805379       -1.6266060069       -1.8748312418
LA        -2.5367720195       -0.3642645596       -0.4458838555
LA        -1.0939905773        0.9310073210       -2.1686686040
LA         0.2597914174       -2.2445821497        0.7306516216
LA         0.7700175520        1.0101667741        2.0065212839
LA        -1.2701543313        1.4811332781        1.3536780686
LA         1.4766214132       -0.7105523902        1.7187773347
LA        -1.6607369114        1.6276752339       -0.4817862563
LA        -1.4911156588       -1.8403913153        0.1703717484
LA        -2.3144570653        0.1646054466        0.5056531227
LA         1.6752309304        0.9232692343       -1.4073618860
LA        -0.1307917819       -2.0980406464       -1.1048128229
LA        -0.0756759273        1.3274592585       -1.9676424153
LA         2.1303416499        0.7525166754        0.7313371198
LA         0.6309285454       -0.3932594523       -2.2553863644
LA         2.0830325910       -0.9520912793       -1.0870685327
LA         0.7176888063        2.3727843436       -0.5310720985
LA        -1.3457435952       -0.3026718296        2.1271069047
LA        -0.3156888748       -0.5404559415        2.4567189335
LA        -0.9300495336       -1.3149669147        1.9578280167
LA        -0.0825863897        2.5243587697        0.2191166000
LA        -1.3001748012       -0.1710905577       -2.1696755978
LA        -1.6847570713       -1.0318107237       -1.5887666606
LA         2.3128109362       -1.0383019346       -0.0072686304
LA         1.6984501312       -1.8128120948       -0.5061602443
LA         0.9474684840        2.2865740023        0.5487275627
LA        -2.1004505466       -0.0195153066       -1.4194877328
LA         0.7190477846        0.5987977656       -1.8150859731
LA        -0.4391093821       -1.9932366892       -0.0656961910
LA        -1.6909585735        1.0552601082        0.4440832779
LA         1.4110202855        0.3391786755        1.4366990531
LA         1.3914944782       -0.1716850063       -1.4470253459
LA        -1.8867025969        0.5186474419       -0.4805941867
LA        -1.0541206769       -1.5088523848       -0.8196391584
LA        -1.5129760612        0.3784299360        1.2756602208
LA        -0.2838513902        0.2150624188       -1.9831262670
LA         0.5500938150       -0.0978226680        1.9358310163
LA         0.6212251065       -1.8956000746       -0.2835382456
LA        -0.6803937362       -1.6490696816        0.9366152485
LA         1.1756023961        1.3021073735        0.9910040853
LA         1.8517124677       -0.3443531646        0.7156775648
LA         0.7153836823        1.4747754116       -1.1716988033
LA        -0.8874673401        1.7783601828        0.3308336683
LA         0.8630526487       -1.4687963169        1.2174445261
LA        -0.2485839720        1.2382557805        1.6701265115
LA        -1.8914912729       -0.8329191938        0.3360059710
LA         1.8914911369        0.8329191467       -0.3360059004
LA        -0.8630526549        1.4687961738       -1.2174443422
LA         0.2485840014       -1.2382556956       -1.6701263236
LA        -1.0818520194        0.3621139581       -1.2272485703
LA        -1.4635728387       -0.4922030621       -0.6506616713
LA         1.2329326003       -1.1146821044        0.2122048377
LA        -0.4803304761        0.1364311692        1.5994811287
LA        -0.6692509354       -0.6426500077       -1.3952684668
LA        -0.0677293624       -0.8683328911        1.4314613060
LA         1.0048633023       -1.0291132459       -0.8595616283
LA        -1.0901208381       -0.6323173974        1.1043017231
LA         0.9390400666        1.3848852287       -0.0892581193
LA         1.6146534789       -0.2603648725       -0.3643822429
LA         0.1447182670        1.5353321066        0.6553490113
LA        -0.0833513632        1.6209009128       -0.4164175180
LA         0.9287378560        0.5022085222       -0.7225494983
LA         0.3284322839       -0.2545828782       -1.2100267501
LA        -0.0777512939        0.7345530258       -1.0446202575
LA        -0.6495897194        0.8011483305        0.7569939766
LA         0.7816090621       -0.4246089692        0.9195865534
LA         1.1573926028        0.4164201905        0.3519676041
LA         0.3754256527        0.5645270034        1.0849930841
LA         0.1702538453       -1.1953303636        0.4231363095
LA        -0.8362353443       -0.9629858074        0.1010654053
LA        -0.8741117401        0.8853861357       -0.2981022573
LA        -0.0542682111       -1.1110925942       -0.6319599197
LA        -1.2498953551        0.0443569443        0.2695165263
LA        -0.4597972399       -0.1105253927       -0.4681648545
LA         0.5510183771       -0.3438686725       -0.1447095865
LA        -0.2343100810       -0.1951252280        0.5914668192
LA         0.1430888361        0.6495191790        0.0214079681
          98
Energy of minimum      2=    -543.6429572     first found at step    11773 after              1638321 function calls
LA         1.0990334896       -1.2425169288       -2.1848515941
LA         1.4884712999       -0.7465180148        2.3736981672
LA        -1.6658296526        2.2004743286       -0.8889337622
LA        -1.5158155484        0.6761985974        2.0762658221
LA         1.1820826230        2.2057121629        0.8494893786
LA        -2.6678696060        0.2292298147       -0.5988400249
LA        -0.2881570330       -1.9940823712        1.8626011913
LA         2.6570413933       -0.3237742707        0.5212405902
LA         0.2792050938        1.8977832038       -1.9382600893
LA        -1.2993967445       -1.5166720232        1.7582607667
LA        -2.6153411401       -0.2872142887        0.3971213907
LA         1.2378798384        1.8964958016       -1.3543434264
LA         2.5528645020        0.6679356755        0.0058021060
LA         1.2043516199       -2.2519334837       -0.1403270724
LA        -0.9454357211       -0.2434346160       -2.3639476897
LA         0.7020485277       -2.1810716048        1.3594823405
LA        -2.1156957105        0.4514834872       -1.5550344099
LA         2.1916984773       -1.3364891388        0.6802509426
LA        -0.6246983167        1.2948057194       -2.2328718964
LA         0.1898002294       -1.7750130350       -1.7867890695
LA         1.5922283366       -1.5455778619        1.6048830488
LA        -1.5995080380        1.4363892667       -1.6964699530
LA        -0.8468445315       -1.2713266949       -1.8840421209
LA         0.2458911782       -2.2922455939       -0.7537767936
LA        -0.7617643982       -2.1222824065       -0.2316586280
LA        -1.4287762953       -1.4991078938       -0.9215786707
LA        -1.9727013322       -0.9079977497        1.0870455081
LA         1.9100041009        1.2928009933       -0.6788556630
LA         1.1621785654       -1.7645555476       -1.1759605748
LA         0.0785537175       -0.7521486131       -2.2968020535
LA        -2.1681945567        1.2160880217       -0.7447341193
LA         0.6011066974       -1.3712078788        2.1196757204
LA         2.0742299218       -0.5360751732        1.4488785991
LA        -0.6944208320        2.0506121401       -1.4148585362
LA        -1.4092355787       -0.4202304920        1.9177536309
LA        -2.0664411267        0.1937820278        1.2379771875
LA         1.8682742059        1.4381480947        0.4270820404
LA         1.2114746338        2.0517807718       -0.2522739948
LA         1.6492705673       -0.7506496754       -1.3317098984
LA         0.9878885169       -0.1327351333       -2.0158067595
LA        -0.7163842192        2.2098940173       -0.3092235991
LA         1.3910940967        0.2409247757        1.8706335564
LA         0.4859010964       -0.2722396014        2.2824631696
LA        -1.6217253689        1.6968684348        0.1024525445
LA        -0.5149410592        0.2012674112        2.1833621953
LA        -1.5720276587        1.1888797467        1.0899710052
LA         1.2893204828        1.2241646678        1.3627416204
LA         0.2323775203        2.2116422384        0.2694994998
LA        -0.6165859490        1.1904897848        1.6714305826
LA         0.2819569718        1.6998825884        1.2628344614
LA        -0.7722032800       -1.9154868803        0.8734078616
LA        -2.0776507081       -0.6958363123       -0.4768741435
LA         0.8562378195        0.9651762210       -1.8089536085
LA         2.1588224002       -0.2517993461       -0.4616327600
LA         0.2095667939       -2.1036909074        0.3684765974
LA        -1.5276762063       -0.4806232763       -1.4284309047
LA        -0.4066784165       -0.8980194205        2.0319231640
LA        -2.1289010684        0.7110146786        0.2505525971
LA         1.9814324185        0.4560945048        0.9454714604
LA         0.2597337256        2.0646379389       -0.8353566294
LA        -0.0365072354        0.3624188751       -2.1041120782
LA         1.6975779136       -1.2576983717       -0.3104708940
LA         0.3881275777        0.7192934016        1.7832356325
LA        -0.6725069709        1.7102202983        0.6861748744
LA        -1.4445489172       -1.3180866123        0.2060142218
LA         1.5263996621        0.3660905595       -1.1450436690
LA         0.0418794496       -0.5053792147       -0.4969756796
LA         1.1000728705       -1.4602959432        0.6290021191
LA        -1.0169995772        0.5176370617       -1.5607790121
LA        -0.3424104289       -1.3889126341       -0.9235027951
LA         0.5613019383       -0.8665732509       -1.3254016739
LA        -0.4382031892       -0.3864996103       -1.4157916038
LA         0.6094732023       -1.3653204993       -0.3321333519
LA         0.9908640617       -0.6611849933        1.3870471467
LA        -1.0774643153        1.2712075099       -0.7523156480
LA         0.1142631143       -1.2841310013        1.1370051388
LA        -1.5780717436        0.2969795155       -0.6134510964
LA        -0.9797784306        0.2722005344        1.1931132214
LA         0.7904931144        1.2757391141        0.3880731830
LA         1.5743589464       -0.4558519275        0.4724301711
LA        -0.1171972176        1.1245304880       -1.2772207829
LA        -0.8788711671       -0.8149442167        1.0380445124
LA        -1.5287467228       -0.2077799277        0.3658496581
LA         0.8242432141        1.1259501437       -0.7033936987
LA         1.4734729239        0.5193895906       -0.0318670941
LA        -0.3607907448       -1.2024629563        0.1708634666
LA        -0.9992259047       -0.6059870827       -0.4894982339
LA         1.0838934333       -0.3813361308       -0.4857712329
LA         0.4465883885        0.2140837683       -1.1449640538
LA        -0.5104582514        0.3711633320       -0.6257868489
LA         0.5120621470       -0.5841544626        0.4318509814
LA        -1.0379174108        0.7804478539        0.2248080939
LA         0.0050171160       -0.1939423868        1.3035610392
LA         0.8982619946        0.3124790725        0.8971883564
LA        -0.1445215046        1.2867279853       -0.1814082456
LA        -0.0955869960        0.7828109442        0.7994920969
LA        -0.4631741238       -0.1218453685        0.3377375043
LA         0.4135090182        0.3749156608       -0.0611340264
          98
Energy of minimum      3=    -543.5467256     first found at step    31557 after              4305754 function calls
LA        -1.5334242149       -2.0806920951       -0.8269244164
LA        -1.9294766123       -0.1390586950       -1.9032227217
LA         2.6185772972       -0.1357744399       -1.2085105672
LA         1.7279988753       -0.4816738297        1.9900592927
LA         1.1420811337        2.3907606272        0.3977934382
LA        -1.1415404556       -1.0983351439        2.2542869116
LA        -1.7812327327        2.0377284732        0.5158839490
LA         1.0684504660        1.0883865897       -2.2450871380
LA         1.7080997750       -2.0474708756       -0.5067971265
LA        -1.0077886318        2.4612515266       -0.1791164485
LA        -0.1712031800       -1.6400731368        2.0943565207
LA         0.5685300990        1.9361553998       -1.7055878743
LA         1.4049728346       -2.1644745168        0.5675003389
LA        -1.9533135073        0.6291562423        1.8537668460
LA        -2.5105558868       -0.3525293752        0.2878657917
LA         0.0586326298       -1.2080150529       -2.2008237333
LA        -1.9530381282       -0.4916885910        1.7624184586
LA        -2.2767305007        1.0951980968        0.8827648884
LA         1.0973615284       -0.0284732989       -2.3853660822
LA         1.4209613845       -1.6149085955       -1.5059621948
LA         1.8675997937       -0.6466038129       -1.8536996190
LA        -1.1531543026        0.0146094649        2.3570380775
LA        -1.4727560463        1.5814423503        1.4885007908
LA        -0.3951182300        1.5523809779        1.7755017213
LA        -0.1989031411        0.5904464679        2.3087274214
LA        -0.2203225877        2.2163245307       -0.9491875818
LA         0.6227094157       -1.9166072766        1.3418060011
LA        -1.7433465840       -1.1176345144       -1.3746933611
LA         1.8452910937        0.4762290112       -1.7282427414
LA         2.1652247848       -1.0922345864       -0.8588010419
LA        -2.0411803112       -1.2290542221       -0.2740313420
LA        -2.2410313190       -0.2492916856       -0.8171395520
LA        -0.7461685788       -1.6603102539       -1.5285040549
LA        -0.9460267407       -0.6805123344       -2.0716317615
LA         0.0678474567        2.4277531496        0.1085688703
LA         0.7797131444       -1.0621373091        2.0431072379
LA         1.5671008754       -1.3241254527        1.2802534869
LA         0.8553177096        2.1653627297       -0.6540621443
LA        -1.7601335094        0.7145871640       -1.1834271095
LA        -1.2370248562       -1.8499337454        0.2381545061
LA        -0.9673784072        0.4505369833       -1.9512795876
LA        -0.4443046708       -2.1138138762       -0.5297920679
LA         0.3738168269        1.9750937175        1.0883778352
LA         0.7656380069        0.0542094242        2.1531744657
LA         2.3297696491       -0.2523715999       -0.1400627277
LA         2.1331963239        0.7113215540       -0.6742636011
LA         2.0331334217       -0.3679731478        0.9254242745
LA         1.6412669008        1.5531352777       -0.1394968509
LA         1.3422850980        1.4360083232        0.9323698916
LA         1.5374726126        0.4791105938        1.4628033789
LA        -1.5578417229        1.5406014391       -0.4450248378
LA        -0.9211854383       -1.5805799116        1.2851284245
LA         0.0040884051        1.0203546980       -1.9578878122
LA         0.6406750822       -2.1004884454       -0.2279215677
LA        -0.7034651666        2.0172844108        0.8033738092
LA        -0.1846433392       -0.5262163639        2.2133035519
LA         1.3602521026        1.3295430087       -1.1954662461
LA         1.8788652527       -1.2129389578        0.2138993584
LA        -2.0504714006        0.6029688071       -0.0863939939
LA        -1.7271276727       -0.9822106990        0.7923130290
LA         0.3498332090       -1.6736501785       -1.2195887295
LA         0.0265363420       -0.0886992150       -2.0981691575
LA         0.5764412432        1.0208288206        1.6294493058
LA         1.8478830956        0.5973197620        0.3975809794
LA        -0.1370023855       -1.8615887906        0.5391402612
LA        -0.7819587524        1.3002854353       -1.2135703355
LA        -0.4824421362       -0.2953828981       -0.3553408524
LA        -1.7239468083        0.1442985804        0.8946859458
LA         0.8121217518       -0.7003442397       -1.5622562423
LA        -0.9272209716        0.6366515265        1.4897102585
LA        -0.9981605307       -1.1730012917       -0.5862870101
LA        -1.1930544289       -0.2175406243       -1.1159239801
LA         1.5519632984       -0.1901645041       -0.9141413739
LA        -1.4805250388       -0.3288048011       -0.0483626289
LA        -0.2270923983       -0.7462867318       -1.2627300752
LA        -0.9226689797       -0.4650531554        1.3927331626
LA        -1.2398925565        1.0901219032        0.5306584020
LA         0.5846427818        1.4679981035        0.1394565286
LA         0.9691784950       -0.4171713188        1.1844555046
LA         1.1047559559       -1.1400119421       -0.5715381619
LA         0.7876345205        0.4146648862       -1.4333370782
LA        -0.4791628711        1.5088212986       -0.1495928895
LA         0.0318066983       -0.9961860574        1.2389988975
LA         0.2992754604        1.2494835765       -0.9034316408
LA         0.8101690782       -1.2551528993        0.4849546939
LA        -1.0144267229        0.6056718583       -0.4061577020
LA        -0.7005721776       -0.9329877308        0.4467619872
LA         0.0636917559       -1.1874137423       -0.2936444916
LA        -0.2501301763        0.3510872216       -1.1464763812
LA        -0.7058494164        0.1630616241        0.5538981350
LA        -0.1701701560        1.0627123270        0.8221543957
LA         0.0239010705        0.1112871678        1.3495544386
LA         0.5204529480       -0.2455460024       -0.6344776006
LA         1.2739915942       -0.3050535563        0.1381713432
LA         1.0799714533        0.6461222369       -0.3890906303
LA         0.7860218694        0.5312865435        0.6691983416
LA         0.0432214216        0.5763064373       -0.1126536537
LA         0.2337403594       -0.3577048277        0.4050933712
          98
Energy of minimum      4=    -543.1896663     first found at step    29648 after              4055043 function calls
LA         0.5546239077       -2.1633305836        1.4767299577
LA         1.7770383805       -1.9856258018       -0.2984987396
LA        -1.1106367764       -2.1201716906       -1.3157444462
LA        -0.5637540947       -0.3704094222       -2.6309979588
LA         2.8346882236       -0.5669139340        0.4650222267
LA        -2.0743221056        1.5730437061        1.2540887514
LA         0.3225682174       -0.2847473125        2.6480893935
LA         1.1374034173        2.2981450068        0.7026731204
LA        -1.4040856710        2.1770828851       -0.7852653628
LA         2.2953491723        0.5664520820       -1.3796665920
LA        -2.2928958518       -0.6457695204        1.3361824311
LA        -1.4881419905       -1.2702632056        1.8048551387
LA         1.7223499341        1.5275602281       -1.3022063334
LA        -0.3240598356        2.4174262725       -0.9738233510
LA         1.0811533129       -1.6092419425       -1.6649820578
LA        -2.2546137806       -0.1610977258       -1.1217868014
LA         2.2231299408       -0.5558765454       -1.3634010217
LA        -2.6068798136       -0.0782438289        0.4163071157
LA        -2.1570226899        1.3496613186       -0.6570713704
LA         2.4821252683       -1.1245789361       -0.4326879802
LA        -2.4844163676        1.0357707584        0.3684268762
LA         2.1250069682       -1.4177533165        0.6024201680
LA        -0.4700949841       -1.7290529405        1.6542531212
LA         0.7048450297        1.9883950797       -1.1459785981
LA         0.3784811908       -2.1872985280        0.3870076210
LA        -0.8437805863       -1.2533766541       -1.9871741930
LA         2.5671159549       -0.0001153712       -0.4575627100
LA        -1.7409256644        1.8762708690        0.2348584862
LA        -2.1857881085        0.4645778042        1.2961251879
LA        -0.0178591120       -1.8822696085       -1.5069184448
LA         0.4385618456       -1.2244623850        2.0637973347
LA         0.2591276660       -0.9995618358       -2.1691869736
LA        -1.6980881497       -1.1524168092       -1.2314641312
LA        -1.4221740957       -0.2695870895       -1.8953900382
LA        -0.5828345904       -0.7781152479        2.2277820565
LA         1.4301304797        1.9145363502       -0.2999926426
LA         0.4076595822        2.3593429380       -0.1359857030
LA        -0.3708121006       -2.1770700121       -0.4629289371
LA         2.0025031047       -0.4765175754        1.1989698452
LA        -1.4011870499       -1.7295729264       -0.2967184871
LA        -0.6781217558        0.5805881347       -2.0337128578
LA         0.3510535663        0.1333559704       -2.1993029842
LA         1.1652839020       -0.3826353953        1.9260043990
LA         2.2754616502        0.3917596102        0.5470912450
LA        -1.2781429944        0.9559730858        1.7264216425
LA        -1.0044487892        1.8222872356        1.0736655477
LA        -0.4798974658        0.3370688204        2.1910129623
LA         1.7102298669        1.3463141332        0.6257802770
LA         0.0653663120        2.0639223707        0.8897058093
LA         0.5972076841        0.5792593537        2.0045001980
LA         0.8684104794        1.4395382232        1.3564246339
LA        -1.6606119182       -1.3048992031        0.7137427611
LA         1.2484207091        0.6238812508       -1.7263413223
LA        -0.7793997070        1.5054320975       -1.4001558872
LA         1.2894842458       -1.3287239146        1.3436800609
LA         0.7220215877       -1.9177490880       -0.6467871890
LA         2.0103117001        0.9639655625       -0.3772969889
LA        -1.3905662690       -0.1553743433        1.7742922438
LA        -0.6688228114        2.1310873766        0.0527040627
LA         1.1717485978       -0.4906134227       -1.7141361974
LA        -1.9725149567       -0.7462952083       -0.2037728706
LA        -1.5248235575        0.6807337765       -1.2777122759
LA         1.4451543300        0.4862066957        1.2850882536
LA        -0.2056599687        1.2072919988        1.5501972036
LA        -0.6510219631       -1.7657771176        0.5624907075
LA         0.2397866641        1.0820918863       -1.5780265341
LA        -0.2180542667       -0.3581382671       -0.5341737051
LA         1.4406826006       -1.0538585040       -0.7717724897
LA        -1.8515498141        0.3785196552       -0.2393594660
LA         1.0874149112       -1.3456572113        0.2611168613
LA        -0.6563768381       -1.2242831064       -0.9171779859
LA        -0.3875847770       -0.3629665731       -1.5644411843
LA         1.7842547938       -0.4956478020        0.1222142846
LA        -1.4349501140        0.9089845871        0.6394902380
LA         0.2495099834       -1.2420167039        0.9798634750
LA         0.4109191326       -0.9744040902       -1.0961124664
LA        -1.2159184522       -0.2680101216       -0.8308556339
LA         0.1364272284       -0.3087748484        1.5552411201
LA         0.6717999097        1.3856347161        0.2782975242
LA         1.5223917858        0.0638267737       -0.7941345344
LA        -1.1094492095        1.2106115186       -0.3713000210
LA        -1.5498266165       -0.1889041291        0.6807967301
LA        -0.7594301061       -0.8026276527        1.1420692337
LA         0.9621262618        1.0104904249       -0.7170138063
LA        -0.0485897396        1.4500065216       -0.5545506175
LA         0.0659588742       -1.2618620748       -0.0851236436
LA        -0.9278202289       -0.8299522855        0.0750009311
LA         0.4989447111        0.1240047658       -1.1265530477
LA        -0.4935407504        0.5556845508       -0.9670954127
LA         0.9696369697       -0.4057558627        0.8487291561
LA         0.7708512201       -0.4309812407       -0.2120426655
LA        -0.8217104573        0.2662706545        0.0423871323
LA         1.2394212650        0.4506845156        0.2046984217
LA        -0.6538592472        0.3042735151        1.1097112481
LA        -0.3835559650        1.1592325475        0.4652959328
LA        -0.0442731375       -0.3355760592        0.4974099532
LA         0.4091701383        0.5442256329        0.9269868959
LA         0.2215826182        0.5034517149       -0.1353153167
          98
Energy of minimum      5=    -543.1654807     first found at step    29596 after              4049627 function calls
LA        -2.1653210712       -0.6709443231        1.5733920291
LA        -1.1592816221       -2.2060053366       -1.1163377041
LA        -0.8097636503       -0.4915574948       -2.5390910054
LA        -2.0492780606        1.5483198000        1.3929030916
LA         2.8593235400       -0.4184902592        0.2365179823
LA         0.5421402943       -0.1597409166        2.6278092218
LA         1.0632358904        2.3786581621        0.5248100713
LA         1.5447444627       -2.1569979421        0.7027793605
LA        -1.5922282269        2.0953027354       -0.7200858559
LA         0.7659182852       -2.0705846362        1.5039836951
LA         2.1053240123        0.6127335636       -1.5915015045
LA         1.4988604657        1.5516061889       -1.4964681932
LA        -0.5457345933        2.3700500374       -1.0150985345
LA        -2.3665539033       -0.2895433767       -0.8895606233
LA         0.9693862268       -1.6217880922       -1.6800827605
LA        -2.5843213811       -0.1537922483        0.6656707218
LA        -2.2934816381        1.2444744621       -0.4944744045
LA         2.0850613986       -0.5106105708       -1.5255320942
LA         1.8009930941       -1.9115251447       -0.3650413585
LA        -0.2584710533       -1.6789672739        1.7597761207
LA        -2.5134398693        0.9607636526        0.5674511765
LA         2.4511806209       -1.0293978409       -0.6013691322
LA        -0.3748758042       -0.7103823381        2.3115787154
LA         0.4807187305        1.9766405205       -1.2646830717
LA        -1.5564663337       -1.3326459254        0.9328547111
LA        -0.9913378145       -1.3579316946       -1.8403563761
LA        -2.1092187477        0.4396691437        1.4839840265
LA         2.2036658395       -1.2883684091        0.4697451781
LA        -1.8225342798        1.8231340956        0.3368131055
LA         2.4843552344        0.0966616638       -0.6778952727
LA        -1.7791062179       -1.2606633388       -1.0135040457
LA         0.6539025240       -1.1155268982        2.0682363250
LA         0.0788026337       -1.0670083941       -2.1305260520
LA        -1.6025061441       -0.3955721179       -1.7320549085
LA        -0.0974733340       -1.9319646340       -1.4132833421
LA         1.2811893829        1.9668745440       -0.4862644656
LA         0.2596474689        2.3759105923       -0.2456713052
LA        -1.3742643169       -1.7862281724       -0.0890070647
LA        -0.3431259915       -2.1990398714       -0.3365712104
LA        -0.3248001673        0.4108867554        2.2245654801
LA        -0.9123329199        0.4779696568       -1.9698483010
LA         0.1165436159        0.0665990323       -2.2122628700
LA        -1.1879417558        0.9807428995        1.8125473882
LA        -1.0123285390        1.8321805982        1.1073745717
LA         2.2671323929        0.5182055318        0.3343842469
LA         2.0929943244       -0.3327190714        1.0395823767
LA         1.3212381400       -0.2465476037        1.8362341320
LA         0.0243321279        2.1086966701        0.8178622353
LA         1.6688997806        1.4500429014        0.4301673579
LA         0.7182896114        0.6904067883        1.9316583552
LA         0.8918979560        1.5358213587        1.2311284888
LA         0.4714891918       -2.1443949433        0.4410977076
LA         1.0296221332        0.6127615392       -1.8419837726
LA        -0.9973589973        1.4237053117       -1.3643649095
LA        -1.2480693821       -0.1326771085        1.9114600503
LA         1.4378868958       -1.2057330717        1.2781413658
LA         1.8941865392        1.0392684453       -0.5821901609
LA        -0.7836775617        2.1122601252        0.0489124161
LA        -1.9772958202       -0.8248934806        0.0209715241
LA         0.7206050973       -1.9031909924       -0.6210895499
LA         1.0044423856       -0.5028860795       -1.7803188506
LA        -1.6915222433        0.5746132757       -1.1441328980
LA        -0.5466915763       -1.7597406241        0.6918290080
LA        -0.1485445967        1.2674951601        1.5308345956
LA         1.5023930328        0.6070131319        1.1416307290
LA         0.0192871731        1.0353397375       -1.6189961738
LA        -0.2791492324       -0.3787407070       -0.4846679864
LA        -1.9098460994        0.3041433726       -0.0706952022
LA         1.3823254853       -1.0150970202       -0.8459967592
LA        -0.6514305784       -0.7854108935        1.2558813850
LA        -0.7113197530       -1.2769269664       -0.7938095080
LA        -0.5392960772       -0.4330006338       -1.4941603321
LA        -1.5029294157       -0.2120348401        0.8368907370
LA        -1.4393553395        0.8861107587        0.7468221141
LA         1.7792345481       -0.4042847730       -0.0108366116
LA        -1.3025020513       -0.3418345619       -0.6913981353
LA         0.2596539128       -0.2350656860        1.5594643049
LA         0.3251492030       -0.9918304257       -1.0773866893
LA         1.1331581907       -1.2692832704        0.2181923715
LA         0.6022592930        1.4314160479        0.1784922150
LA        -1.2198826031        1.1587455636       -0.2996853488
LA         1.4114404122        0.1039146532       -0.9193390524
LA         0.3677420606       -1.1845264515        1.0077525374
LA         0.8180823421        1.0282073925       -0.8251577154
LA        -0.1917135167        1.4324007514       -0.5872894391
LA        -0.9094520360       -0.8542235652        0.2051030562
LA         0.0844105446       -1.2512727337       -0.0332111463
LA        -0.6321717871        0.5046999966       -0.9244682547
LA         0.3597458310        0.1078576481       -1.1580637630
LA        -0.8547557456        0.2443602636        0.1203781451
LA        -0.5940354054        0.3291684109        1.1659928005
LA         0.7367669626       -0.3940209549       -0.2534623910
LA        -0.4204950648        1.1702657652        0.4695045093
LA         1.2024039214        0.5201290610        0.0870096597
LA         1.0296404728       -0.3200826777        0.7833246033
LA         0.4359619552        0.6051130126        0.8784971102
LA        -0.0158784036       -0.3111416603        0.5264376305
LA         0.1558950844        0.5154972681       -0.1591546355
