          38
Energy of minimum      1=    -173.9284266     first found at step       23 after                 3111 function calls
LA         1.2876591416        1.1744005904       -0.1534875945
LA         0.5803252143        1.0931520129        1.2365606980
LA         0.1916768222        0.6184154578       -1.6253195027
LA        -0.1916772146       -0.6184159216        1.6253192902
LA         1.2264363029       -0.4555229325       -1.1615481060
LA        -1.2264362448        0.4555229886        1.1615481272
LA        -1.5031410815        0.5110441169       -0.7350111350
LA         0.5714186424       -1.6420651695        0.1947906269
LA        -1.2876590597       -1.1744005797        0.1534871140
LA        -0.5803254205       -1.0931521307       -1.2365603010
LA        -0.5714181052        1.6420652122       -0.1947906530
LA         1.1749176630        0.6469566529       -1.1233240238
LA         1.5031409736       -0.5110436522        0.7350113882
LA        -0.2431957662        0.4840636932        1.6635442247
LA        -1.4513717036       -0.5968073498       -0.7734221258
LA        -0.4166128752       -1.6707454788       -0.3096511362
LA        -0.6836132568        1.1171788748       -1.1599244489
LA         0.6836132278       -1.1171789109        1.1599244243
LA         0.2431956243       -0.4840641383       -1.6635439926
LA        -1.1749179338       -0.6469567024        1.1233235531
LA        -1.3909462836        1.0359307270        0.2301225288
LA         1.3909466694       -1.0359302491       -0.2301223141
LA         1.4513714162        0.5968077509        0.7734221023
LA         0.4166132696        1.6707452393        0.3096512118
LA        -0.4042050147        1.0592874291        0.7314751834
LA         0.4042052314       -1.0592874814       -0.7314750360
LA         0.6280512181       -0.0120536857        1.1941246580
LA        -0.3014177741       -1.1403393930        0.6552104788
LA        -0.6280514275        0.0120536328       -1.1941245375
LA        -1.3336742521       -0.0689981915        0.1925610276
LA         1.3336742083        0.0689984688       -0.1925611064
LA         0.3014178050        1.1403392003       -0.6552106863
LA        -0.3514211028       -0.0403662805        0.6906104959
LA         0.4629031006        0.5619196277        0.2683951396
LA         0.5140942427       -0.5335594931        0.2304131468
LA        -0.5140942006        0.5335595449       -0.2304130893
LA         0.3514210620        0.0403661878       -0.6906105199
LA        -0.4629031181       -0.5619196677       -0.2683951107
