       -0.6360442445        1.3980824867        1.1092040333
        1.4266240865        0.2731626015       -0.2143107561
       -1.3689403257       -1.1043725386        1.2817254407
       -1.4027041690        0.4621261089       -0.2424087701
        0.7828742155        0.9233378468        0.2727393214
       -1.6990143795       -0.0938331802       -0.8880243970
        1.3144946381        1.1218416256       -0.3128905344
       -1.7006324733       -0.0026846766       -0.0880388224
        0.7475571298       -1.6762824345        0.1892540513
        0.7448023842        0.0371030748       -1.3695651414
        0.6655641334        0.3848334962       -0.3806991131
        1.1090063353       -0.7849134602       -0.5685810592
        0.2595600509       -1.0583783232       -1.3287190687
        0.6523156626       -0.4122701836        0.3006989913
       -0.9736244402       -0.4970985449       -1.2613139645
       -1.2884633527        1.3662137803        0.6778512107
       -0.2165783089       -0.7415748413        0.5710987680
        0.2219667419        0.7823898796       -0.2275517728
        1.3036253110        1.4109192610       -0.2449605363
        0.5641177896       -1.6502723274        0.0530874421
        0.4188556433       -0.8217452514        1.4118711857
        1.3798186909       -0.1184315232       -0.7450624866
       -0.4121133695        0.7391593254        1.5444646295
        1.1517625387       -0.2763103704       -1.5475750857
       -0.1129542166       -0.9998113718        0.7100628715
       -0.9003187752       -0.1030240094       -0.1038775576
       -0.9858678074        1.6931619018       -1.1788843622
        0.4376905081        0.5522753434       -1.6195393388
       -0.6370160248        0.2229537885        0.9346252970
       -0.0944616480       -0.6822140037        0.5272085486
        1.1921637271       -1.4874609265       -0.5328027387
        0.5262817658        0.0070504877       -1.6840036717
        1.3128246138        0.8763229759        1.5006502338
       -0.7409156294        0.6076146018        0.3320193411
       -1.3395143126        0.1966166694       -1.4975770514
        0.0353426816       -0.1534023526        1.2097641186
        0.7180915910       -0.6226848877       -0.4141742409
       -0.3778543809        0.1775969855        1.3825389242
       -0.3155361394        1.1564489288        1.5867085549
       -0.4617995485        1.6430730548        1.5746879953
       -0.6948349552       -0.4333268166       -0.6045470620
       -0.5290754596        0.8861422471        0.3236779242
       -1.6463225472       -0.9417383124       -0.4139288339
       -1.1830562047        0.0447969426        0.3383540416
       -0.5753279449        1.2199042253        0.1246658631
        0.3176381513       -0.7427155387        0.2519199331
       -1.3728166083       -1.2291616287       -1.5746013816
       -0.4186353635       -0.2312673005        0.5812040690
       -1.3822122187        0.9305572718        1.4932274342
        1.4153360186        0.9404224906       -0.2575823524
       -0.2373760898        0.0639287884        0.9065232502
        0.2974214648        1.2385742347       -0.0936210594
       -0.6953811647        1.4521231899       -1.0148711210
        0.2055860057       -0.7870121249       -0.0206551483
       -1.0450581631        1.0937420791       -0.4697675026
       -1.0871448083       -0.1875067500       -1.3384751129
       -1.0035680577        0.2324872575       -1.5800063165
       -0.5905448566       -1.2059589559       -0.5427244658
        0.9936891212       -1.2403576355        0.4991741859
       -0.6892431251       -1.2973586640        1.1000812349
       -0.0932857189       -1.0220888572        0.4106533529
        0.8173630658       -1.4534587060       -0.8619345868
        1.0457446008        1.4659243629       -1.6514995240
       -1.6619394831       -1.5036403932       -1.1323450084
        1.6223354732       -0.1044831082       -0.9415859472
       -1.1655694592        1.0473531838       -1.3029811268
        1.0353182047        1.6982500565       -0.4124336178
       -0.6362776856       -0.4335695766        1.3849539530
        0.3638198700        1.7154814244       -1.0632324949
       -1.2188362867        0.0392172591        1.0496698329
        0.8216998814        0.3785578820        1.2087907801
        0.6368197140        1.0651201035       -1.2113651926
       -0.3605696017        1.5516910360       -1.6994480222
       -1.0628064176        1.0859755364        0.9451673958
       -0.8686442680        1.2331125865        0.2749373288
