        0.2944653175       -0.9291722627       -1.2738114898
       -0.2286338228       -1.0111613053       -0.8017281391
        0.3602056174       -0.5509890397        1.1506220784
        1.1691490818       -1.4517345123        1.5989043921
        0.8691827572        1.0278732895        1.5042566467
        0.2380897872       -0.9862141896       -1.3459638334
       -0.9599682524        0.4243444223       -0.7939502289
       -1.0306004656        1.4621948061       -1.7201706213
        0.1821855929       -0.2725683266       -1.4960311469
       -0.3707900294       -1.5135291470       -1.0328851318
       -0.3025668668       -1.4848825442        0.2718887509
        0.4844470156       -0.2789004864        0.8870865596
        1.3108600556        0.5376884980        0.1852829121
        0.1456318772        1.3431026153        0.0972827209
       -0.7674685439       -0.6636942802       -1.5740455661
       -1.7142113969        1.1480449591       -1.6342733680
        0.0718171571       -0.2821911482       -0.1774490386
       -0.0377784112        1.4705972063        0.0598403947
        1.3324026216        0.9052211640        0.2054981016
        1.4395306064        0.3935484809       -1.7249794795
        0.4555838027       -0.0252716961        1.6398397096
       -0.3398247385       -1.0872174767        0.7104497908
        1.2280194134       -0.9105272676       -0.2892758699
       -1.7260812883        1.5201444491        0.0507812136
        1.3993348363        0.8347290854       -0.0083774705
        1.0197453855       -0.0613172101        0.8112752887
       -0.1164042445        1.6028139465        0.2037139619
        1.3656085056       -0.4909624830       -1.1226162239
       -1.4998323398       -0.2295450215       -1.5760125826
        0.7652930990       -0.0781983938       -0.5791755660
       -0.2020748091       -1.3858922485        0.7712488230
       -0.8768037614       -0.5844174506       -0.4208393555
       -0.1604433206        0.6484507669        0.2048573871
       -0.5786584083       -0.0995769657       -0.1525469170
       -1.1164273927        1.0045022012        0.3998201915
        0.4875421232        1.3183443610        1.6854663532
       -1.5140983464       -1.3627767717        0.4483577285
        0.7058230256        0.5853179432        1.2432598360
       -0.6099161716       -1.5575302830       -1.4568422098
        0.0255951416        1.2881623212        1.2085431760
        0.0361484950       -1.2432572615       -0.6285203698
       -1.5067122722       -1.7272811800       -1.5225272159
       -0.7303527877        1.3140008978        1.6836612045
       -0.9522296583       -1.6021039705        0.9156817933
       -0.3198024691        0.4506773005        1.6953987800
        0.2145213960        0.0071212011       -0.9911735642
        0.4842066865        0.1823232853        1.7221430692
       -1.4224732079       -1.4349750401       -0.2914749322
        1.3442644765        0.1550079691       -1.0208056667
        0.1354759459        1.3521402340       -0.2260229269
        1.3599045894       -0.6577689195       -1.1395765349
       -1.2232928345        0.2105728676        0.1920559848
        0.3526004877        0.8382939901        1.1273299060
        1.5235969967       -0.0717609342        0.8044384760
        0.1434482441       -0.9214659385       -0.6686783208
        0.8636857660        1.5243924637        1.5413104825
       -0.0652428487        0.2534006829        1.0460225489
       -0.4395841287        1.6740904278        1.0144592536
        1.1926596596        1.3299730201        0.4978085968
        1.0294619362       -0.2206661881       -1.1739766164
        1.3809019959       -0.2582915816       -0.5215065956
       -1.7251485176       -0.5500548301       -1.2136648590
       -0.6609758600        0.5343629223       -0.5872877036
       -1.3427680958        0.6289444533       -0.2192298194
       -0.9127218568       -1.3368018512        1.0117720662
       -1.3189330482        1.1058710131       -0.0800853346
       -1.6781943444       -0.7874225583       -0.4315175094
       -0.4289826792        1.3718803162       -0.2465626378
       -0.1709711370       -0.1911373529        1.3923907897
        0.1127381131       -0.0314083565       -1.2914177917
        0.7186358003       -1.1325910397       -0.7842656755
        1.0722692023        1.4689523415       -1.3551484844
        0.0297925307        1.4895696941        0.8897883907
       -1.7180583566        1.2018949716        1.3162072126
        1.6773108893       -0.0406169265       -1.5032478813
