        0.7050146328       -1.0893883324       -0.4967167472
       -1.5106914060       -0.0442891055       -0.6592145941
       -1.0759226112       -0.6597897297       -0.8836999409
       -0.2848841686       -1.1688115217       -1.6738587934
       -0.8239182380       -1.5796705808        0.4148517066
       -0.7176230602       -1.0137469240        1.7228185669
        0.3867548170        1.4676601242       -1.5265605303
        0.4922795453       -0.7146283050       -0.9038945150
       -1.5928084964        0.0310466676       -0.7370908901
        1.5341995125        1.5335784826       -0.4941278281
       -0.5755240686        1.6743788659       -0.5996136727
        0.5909661897       -1.5726667431        1.6844336559
        0.7894204867       -0.4953486981       -1.1851010484
        0.4062102083       -0.6353986133        0.2809338916
        0.9110507695        0.2557538380       -1.6554374076
       -0.5693132992       -0.1952852780       -1.2227178909
        0.1665222192        0.7011445590       -0.7284946134
        1.5785720320       -1.3548357837       -0.2551676140
        0.2448836157        1.5577592300       -1.5791102180
        1.4234440041        0.6807853086       -1.1308144413
       -0.0558959151       -0.7906930146       -0.5999587982
        0.7394047324        0.8480544671       -0.7856707984
       -0.1300201855        1.4428446195        1.6307978838
        0.7376232528       -1.6113584977       -0.0870877721
       -0.9328645166       -1.4812169854       -1.0613107580
       -1.6695319032       -0.4206278332       -0.6486735454
        0.5988616609        0.0854145007        1.6380552215
       -1.2971084838        1.1782133683       -0.6093180801
       -1.4348366783        0.6031012245       -1.6887085060
        0.9135989014        0.7276632630       -0.9108223339
       -0.9464241992       -0.2873900486       -0.7580831073
       -1.4193180381       -0.2210647426        1.4802692307
        0.9212374077        1.3894117622        1.6978299816
       -0.1318487402       -0.6745453293       -1.5368549267
       -0.3259282104       -1.5057236351        0.7264287494
        0.3345004779       -0.6711078803        0.5075094037
       -1.2780008280        1.0432576699       -0.9245971376
       -1.2068958642       -0.1361342980       -1.2714663744
        0.9097032278       -0.2537801932        1.5938989813
        0.3209090931       -0.1370444853       -1.1623800596
       -1.5267170541        1.0923717830       -1.2507180995
        1.4114485169        0.7623881772        0.2441566666
        0.6001256942        1.5459036210        0.8024244489
        0.6256223247        1.4305497251        1.2391744233
        1.6234972990       -1.0800809891        0.3609540981
        1.7126408459        1.3050169549       -0.9746195943
       -0.8237272053       -0.2928400051       -0.7168050808
        1.1343775974       -0.6909097231        0.2683514964
        1.2860094322        1.6578393896        1.0629343605
       -1.7020805175        1.2400443106        0.5446420151
       -0.3815737219       -0.2460033461        0.5342547592
       -0.9310098846       -0.3161196034        1.4011195357
        0.3657675213        1.6310167796        1.6418813867
       -1.7202812589        0.2508519896       -1.2184937292
       -0.4511024728        0.3862480235        0.5434114165
        1.4452397313       -1.0574550811       -1.3256363303
       -1.6229603261        1.5740258895        1.5373302921
        1.7012920820       -1.3750383508        0.9020049772
        0.0473627992       -0.7393267295       -0.5075169078
       -1.4011288933        1.2699938014        0.2577242969
       -1.6613590001       -1.2476865851        1.6624050990
       -0.4117335059       -0.1363618819       -1.1513607563
       -0.4486092218       -0.9552321047       -1.0886742462
       -1.6088519966        1.0889837642       -0.0767033568
       -1.1307793113       -0.5337105564        0.8017006664
       -1.0287209338        1.4854930889       -0.9597688897
       -1.1721829949       -0.5074728880       -0.4786524158
        0.7542618846        1.1786425701        0.9285152720
       -1.0083322460        0.6498921732       -0.9557898172
       -0.8398490150        1.1317853408       -0.9202687956
       -1.4022906852        1.5250021099        0.9212900866
        0.2560644384        1.2057167089       -0.1773895266
        1.1174361936       -1.4146125135        1.5590910489
       -1.6988353869       -0.5137225685        1.7316847730
        1.2714547811       -1.3713970514       -1.3987679179
