       -0.5178069117        1.0113795397       -0.6421704020
       -0.0907010729       -0.1304330853        0.5874569369
        0.9414400973        1.1826858148       -1.2350531950
        1.4484023567        0.9600023388        1.4134156028
        0.4135078363        1.3306667958       -1.0260147006
        1.5339036751        1.5621696997        0.5358610693
       -0.6359712728       -0.3666694931        0.1488720620
        0.0573373150        0.6480041081        1.2188163424
        0.0687674711        0.9700951641        0.8383641647
        0.3854222254       -0.7814018458       -0.8442761786
       -1.5801850188       -0.1928884418       -1.1731092745
        0.4748481177        0.8833054094        0.4345351142
        1.0241309747        0.7207471101       -0.0786782517
        0.0226023721        0.0033236247        0.9444986925
       -0.5516334578       -1.4255064806        1.3768076338
       -0.6115995217        1.1477336603       -1.5328401951
       -1.1117285269        1.1928232390        0.4383975403
       -1.3676031029       -0.9575081392       -0.7895186163
        1.0974730393        1.6156171474       -0.4472075444
        1.0563599408       -0.9911340127       -1.1636688200
       -0.1452066081        0.5427603008       -1.1368802351
       -1.6943723044        0.5230709780        0.9108695089
        0.6381868468       -1.5369607669       -1.4151643301
       -1.6222668133        1.4056194388        0.5054813169
        0.8630984951        0.9054589959       -1.5611570742
       -0.3666947058       -0.7606492543       -0.1702372920
        1.0640578139        0.8814966555       -1.0168663281
       -0.6483187929        1.6473324047       -1.3289084932
        1.1187993017        0.1697679095       -1.6970573335
       -0.1988454192       -1.4324398404       -0.9271075004
        0.5162970375       -0.9501204729       -0.2506674851
        0.6991361665        0.8753157736       -1.6473010009
       -0.9853763594       -1.0878136116        0.1061351512
        1.6759236282        0.5761841257       -1.2613135161
        0.0785527592        0.3004547731        0.2768100081
       -0.5420106426        0.6449544915       -0.0656080283
       -0.6073518749       -1.6498885424       -1.2226678107
       -1.0898172681       -0.2574143192        1.4566950178
       -1.5788540354        1.4049924970       -0.4011478469
       -1.0718141005       -0.3271129100        0.1431006683
        1.2972017724        1.7041770110       -0.9167840538
       -0.8886624305        0.8981073001        1.6764312411
        0.3516781973        0.2509487465        1.0143784293
        0.4898269910       -0.6208581381        0.9349360038
       -0.1980094037        0.6493502319        0.4566974743
        1.4209710539       -1.6811711264        0.3044901233
       -0.2098961375       -0.3258298034       -0.4635348499
        0.6847520118       -1.5970516442        1.2337531219
       -1.2558112372        1.0874160507       -1.2137084078
       -1.2653435173        0.0269743823        1.6105163331
       -1.1304761473       -0.3985574987       -1.5844437282
       -0.3392899869        0.6540637511        0.9138744137
       -1.5369864684        1.2550405296       -0.5355507431
       -1.1966240318       -0.4388676325        0.7510747788
        1.6793338465        1.0576040491       -1.2689386966
        0.1275212789        0.1343094212        1.3681445118
       -0.4235488617        0.5514458948        0.5231478873
        0.6566431191       -1.1302533316       -0.9546655928
        1.3986550575        0.5880865243       -0.5297492087
       -1.0287654795        1.0064107010        1.5159067777
       -0.4528818893        1.6848893383        0.9655124574
       -0.9360023423       -0.4509402758        0.7829199469
        0.8336570576       -0.7376963003       -0.2082219853
        0.5906188365        1.0572417489        1.5031750806
       -0.4268437080        0.8883053616       -0.9277422529
       -0.6426744064        0.7439679803       -0.8855761627
       -0.4746411879       -0.3599130789        1.4602610420
        0.4506447547       -0.7537993207        1.1476621468
       -0.5086794676        0.5308921709       -1.6894601451
        0.1922453867       -0.3017109941        1.0166437851
        0.7787128308       -0.4420390493        1.5423307976
        0.1705000866       -0.9916937658       -1.0955947528
        1.3660745264        0.5011178835        0.0813292557
       -0.9759608514       -0.6420975561        0.5315748969
        1.2402611368       -1.2774290912       -0.6221666348
