        1.5164440361        1.1660581473       -0.6182942785
        0.5155425173       -0.5013258602        1.7317723159
        1.4273855978        1.1043063242       -1.1449570379
       -1.6965937420        0.5796614278        1.3158760646
        1.4793324998       -1.4246261808        0.1777456309
        0.4228987622       -1.0886049927        1.0802705088
        0.6329065398        0.7683523216        1.3637233086
       -0.4733520338        1.5738791057       -0.5800634796
       -0.2084632467        1.2681978958        1.2840325322
       -0.5486726115        0.8559297052       -1.5056307416
        1.0856496261        0.1781438726        1.0900588198
        0.4684332657       -1.4350547788       -1.6704989086
        0.7498762437        1.6013616034       -0.5879827440
       -0.9746790240        1.5001784413        1.4137775110
        1.6747637785        0.3061956550        1.2006196708
       -0.1020827619        0.9382911138       -0.9958454978
        0.5912249774       -1.4492535305        0.4243324547
       -1.0148576920       -1.4842750273       -0.7266684509
        1.0049490810        0.2443609961        0.6683195517
       -1.0763560474       -1.1805215583        0.5231233569
       -1.5390029409        1.3152265168        0.1264239657
       -0.9450753444        1.0621774142        0.0349746742
       -0.6770176423        0.8580406972        0.3061810258
       -1.0779247368        1.4699116622       -1.5348996083
        1.3909976602       -0.7241254390        1.0608123333
       -0.6903404576       -0.8488726821       -0.7802717045
       -0.5586003685       -0.0791113105        0.6114132621
       -1.2146532687       -1.6306279181       -0.8296593894
       -0.6810155848        0.3254154727        1.3056406979
       -1.3642968682       -1.4555428012        1.3482207833
        0.3879398988        1.6934281436        0.1070111893
       -1.2757617770        0.9930121379        1.6313851193
       -1.1491231490       -1.1674128237       -0.3522024978
        0.8309350499       -0.6581277596       -0.9104960735
       -0.1494712924       -0.8034519408        0.7879068233
       -0.2559856563       -0.0152027479       -0.6113499480
       -0.4371970534        1.3133020473        0.0254117694
       -0.9462610488        0.0656283372        0.8793648126
        1.4973055250       -0.6132116970       -1.5092444135
        1.2949946962       -1.6348332598       -0.4865803538
       -1.7188315113        1.6635301429       -0.2022154987
        1.4311490184        1.1743992303       -0.9754071426
        0.1267215614       -0.9872788843        0.8751325773
        0.5495608559       -0.4331854931        0.1869762133
       -0.2222307383        0.3891401550        1.0111104540
       -0.1121362227        0.1624583042       -0.7800498632
       -1.4000627291        0.6666388777        0.5703956138
        0.7137656380        0.1299770980        1.3653621226
       -1.2578409468       -0.1189325143        1.3463959726
        1.4065915965       -0.8116415684        1.4320960312
        0.7246463164       -0.1409888003        0.3991880280
        0.5798164869       -1.3230326207        0.6599740197
       -1.5615570741       -0.5466866056       -0.3231393930
        1.3265626115        0.3723198754       -0.0677525630
        0.0547356331        1.4071500736        0.9555069363
       -0.3513761818        0.9130549277       -1.1146866986
        0.6822805617       -1.4121843396        0.7075539621
       -1.4217366560        0.2449634979       -0.2767990568
       -1.3073029713        1.4581487917       -0.8851320219
        1.6269150472       -0.3246146002       -0.1548735915
       -1.0559088670       -0.7304770334        0.0632798729
       -0.3162428747        0.8794995627        1.4869344565
       -0.6341582474       -1.4300734402       -0.9752830147
        1.4387861181       -0.8447559511        1.4126296982
       -0.8579368928        1.7096670626       -0.3930006712
       -0.6778094412       -1.2150886648        1.5555407912
       -0.7774540610       -0.7155810572        0.8761694590
       -0.1389688371        0.4275590847       -0.3700094464
        1.5293931192       -0.5804718806        1.5392506305
        1.3495507875       -1.1621181408        0.8783589782
       -0.2027446029        1.1474477983       -0.6506392376
        1.6132159575        1.0774524249        0.4578518524
       -0.0357804893       -0.6863672649        1.3759360221
       -1.5803380421        1.4420710970       -0.3485756775
       -0.2082975654        0.5854401547        0.9721045615
