        0.2063024132        0.1720119450       -0.2950217928
       -1.3666931156        0.5915771974       -0.6397813232
       -0.2721032188       -1.1000084794        1.4245443531
       -0.5840945987        0.1923474119       -1.3018602850
        0.0678071164       -1.5200892908       -0.5786653253
        1.2405235088        0.8811054550        0.0839558294
        1.1198960777       -0.2410579699        0.7761451933
        1.1562666762       -0.8124178267        0.9312730793
       -1.3416226333       -1.2724604912       -1.5534207352
        1.6293030501       -0.5226238644       -0.4299629959
        0.4466161859       -0.2332858410        1.1821538522
       -0.5538161230       -0.0269048449       -0.3912992560
       -0.1716824971       -1.7017308043        1.5692129341
        1.5561877967        1.6420459905        0.7528462395
       -0.2360347552        1.6282809025        1.5636692695
       -0.6306055378       -0.3917086910       -0.6387076936
        1.4778955989        0.2356582775        0.8304300244
       -1.6270703853       -0.8381542942        0.0534609098
       -0.8141853869        1.5488911124        1.5164439506
        0.0726731734       -0.5107118759       -1.2764534411
        1.3036053425        0.3860575134        0.5278987723
        0.1289160344       -0.9490091210        1.0955457663
        0.1143681018       -0.5965362575       -0.7813913752
        0.5093037285        0.3184054536        1.6484294178
       -1.4026988248        0.0099708742       -0.8196116486
        0.6827791139       -1.5495410747       -0.7477246274
       -0.6246659560        0.7527567012        0.2486593136
       -1.2034435408       -1.6190152981        1.5105353436
       -0.4356198242        1.5191452365       -1.4098455798
        0.6663212862       -1.4778013875        0.5079725371
       -1.1000841175       -1.1344189702        1.6015272008
        0.4275037022       -1.1467806855        0.7981143236
       -0.7314930883       -0.8332179062        0.7508758757
       -1.5160509193        1.7285523770        0.6137401963
       -0.0552262085       -1.6549003734       -0.1077037100
        1.3674473841       -0.2719281734       -0.0209006344
       -0.4209663273        1.3827498271       -1.4855640120
        1.6636803853       -0.1968240848        0.4906995770
       -0.7520024553       -0.9813387299        1.1376094103
       -1.2193696075       -1.5292381408        0.7137494537
        0.9013643192        1.3151926208        0.9134703698
       -0.3033320963        1.3700924229        1.0550345920
        1.5375904090        0.9059834383       -0.7697797149
       -0.7722429576       -0.3427144746       -0.6592936036
        0.2371577505        0.2006607803       -0.3198389332
        0.7318635573        0.4029282636       -1.3270533175
       -0.9631304424       -0.8748061298       -1.6922451056
       -1.6260319277       -0.1257704804       -0.4141702598
       -1.2321976744       -0.4448695121       -0.1770236082
       -1.0178699606       -1.2706465851       -0.3319289367
       -1.6066522294       -1.3906045498        0.6483234031
        0.1946498109        1.5694436620       -0.9265048164
       -1.2892295694        0.5362190609       -1.5794117641
        0.6001048368        0.3010199736       -0.9774894102
       -1.3166028975       -1.5019103617       -0.2018534631
        0.0809231470        0.4135026308        0.5767361601
        0.3825638367       -0.9051329823        0.6560945883
       -1.2805311239        0.7463047399        1.2027036531
        1.6075832079        1.5738999243        1.5033536505
       -1.6404451585       -0.7224783740       -1.1468577900
        1.5651921083       -0.2923763685       -1.4941722579
        1.0836187179        0.4293020048       -0.7991855304
        0.7988115465       -0.2039018169        1.5976017106
       -1.1153417745        0.5115002598       -0.3681856585
       -1.3586456680       -0.5675642428        1.4694809731
        1.5905663998       -1.5443781045       -1.2108772788
        0.8073731272       -1.3261171480        0.9166815108
       -0.6296884125       -1.6578326420        0.1773173566
        1.6543376845       -1.1956724960        0.7851702105
        1.5926765127        1.5947246906        0.4890203178
       -1.1279631228        0.1505997690       -0.5455056872
       -1.6042788202        0.7836793902       -0.7939091094
        1.2510127142       -1.3528208275        1.0009682922
       -0.2912894679       -1.2953648942        0.2439877672
        0.3778051765       -1.0797392366        0.0733416202
