        1.3419376343       -0.7235403086       -0.2845482426
        1.2188687809       -1.5452981753        1.5325583675
       -0.7144303553        1.3717444998       -0.7831388346
        1.5220177640       -0.3622024053       -1.1693506239
        1.2389788319        0.2665078447       -1.5963271035
        0.1139576361       -0.0026193558        1.2044441600
       -0.3697320242       -1.5332696615       -0.3150559008
        1.3135589993       -0.0119654683       -0.7393917260
       -1.1092882048       -0.2112854101       -1.1168410652
       -0.3289100318        0.8627861074       -1.0543778885
        0.3492251511       -0.8197970162       -0.1857320018
        0.7152732297        1.4146905084       -0.8547838959
        1.1447406246       -1.4566234059       -0.8437257960
        1.4199701637       -1.6086090995        0.1167456970
        1.4668454693        1.0153777919       -0.6634692143
       -0.7300634754        1.2972807271       -1.2242458980
        0.8024199371       -1.4430159192        1.3306879290
        0.5053675902        1.5274393961       -0.4421985622
       -1.4274727616       -1.2263748696        1.2177051953
        1.5104512608       -0.1622531601        0.0353077032
        1.0098077144       -0.7408905828        0.3416152096
        0.6777599126        1.0551907931        1.3546710106
       -0.2778234853        1.4634156503       -1.6746692187
       -1.3511272972       -1.2103969386       -0.6988636030
       -1.5842408343        1.2899924712        0.9680020597
        0.0160138959       -0.9898688277       -0.5931461111
        0.8330822979        0.0588746764       -1.3694329755
       -0.6979028273       -1.3613129498       -0.5059219507
        1.1286877668        1.2425141443       -0.4826384633
        0.8962045122        1.2213302040       -0.6599980855
        1.3392392455        1.3868288907        0.8297806105
        0.8205061566        0.0905344286       -0.3415554411
        0.7011025572       -0.1549573065       -0.3399353503
       -0.3155990889       -1.5066027267        0.4348518798
        0.2296590756        0.5121662080       -0.0627545079
       -0.2640711747        0.8252928379        0.8715325652
       -0.1050824418        0.8131390702        0.8691984188
        0.5013137717       -0.9198234289        1.6262337698
       -1.1882703779        1.1645668607        0.5954143850
       -0.8901120330        0.5939601271       -0.5098636090
       -0.5344511555       -0.9735761909        0.9097198975
        1.2873817963        0.5712238896       -0.8822114886
        1.6750299413       -0.8529987916        0.6319956524
       -0.6003470338       -0.3796069893        0.4600880644
        0.2471620037       -1.6281227156        0.8056449878
       -0.3144482467        0.5474815903       -0.0684273929
        0.8854326227       -0.5256032774        1.5209901141
        0.8708846321       -0.8873328296        0.8954071853
        1.5158189413       -0.1542866836        0.9627701989
       -0.3488027146        1.3041938458       -0.3503827103
        0.2821879301       -0.3966372635        0.7024964884
       -0.7343149452        1.5343370146       -1.0672918754
       -0.5688879672        0.0225436586        1.6261942134
        1.0511471710        0.6369644089       -0.3045848992
        1.5342695209       -0.8266761678       -0.2877345322
        0.4190125994       -1.2506886153       -0.2047488675
       -0.8563866765       -1.2494599960       -1.0212050036
        0.5652256685       -0.0583043818        0.7837859885
        1.2497401298       -0.3551643619       -0.0961115505
        0.2532988109        1.2001765689       -0.0519664326
        0.0778588947       -0.6433125980        1.1811818316
        1.2053047172        0.1789964836       -0.9085453783
        1.3656683822        0.3774303894        0.7042193142
       -1.0754760911        1.4707252282        1.1107782025
       -1.0952317171        1.5658942866       -0.1738256156
        1.2310066628        0.6765141122       -1.1287603723
       -1.2436211829       -0.2260158712       -0.2901618882
        1.3427425799        0.1644067944        0.9911823411
        1.2484087094        0.4529809949       -1.2490541099
       -1.6714774413       -1.3509809215       -1.1382957706
        0.7961059714       -0.1877698898       -0.2328780772
       -1.1474829509       -1.3727472838       -1.4888188679
        0.4338591745       -1.2978998358       -0.3546691505
       -0.4462249145       -0.4454142843        0.9960620029
        1.5908435316        0.8479253386       -0.8468415465
