        1.5942237656        0.6572479211        0.0279909454
       -0.3158960958       -1.4906625422        1.4656339327
       -0.6542402273       -1.4508530091        0.6508748838
        0.7672469236       -0.7071639585        1.7280941330
        1.1554953830       -0.7560079793        0.6689617486
        0.3071111059       -0.5992929888       -0.7670240354
       -0.6752551827        1.6955919259       -1.2337347326
        0.5662383247       -0.6740000328        0.7174296272
       -1.3504894411       -0.6770016775       -1.3219725604
        0.2270284789       -0.8822550229       -0.6169648744
       -1.7052569914       -1.3428511349        0.1816592116
        1.2902338439        1.1906562160        0.7326181194
        0.3549360391        0.1873189192        1.6050152172
        0.6775313415       -0.6736190674        1.6917669850
       -0.6979781864       -1.5683086685       -0.3170780708
        1.0297675102        0.0986157432       -1.7312681502
       -0.7364720944       -0.6778876345       -0.3780652031
       -1.1824658496        0.2819930534        1.2728459087
        0.5314778739       -0.3062692736        0.3146025880
       -1.6852977441        0.5049485864       -1.0484766695
       -1.2725103456       -1.4713092632        1.0501520105
        1.3066310611       -0.7569735572       -0.9795064199
        1.3251793283        0.7940327646        0.1049501210
        1.6081052984        0.4709162671       -0.1314197448
        0.9605930247        1.2066120299        1.1597222176
       -1.3694392069       -0.6514202529        1.5892535493
       -0.3903524288       -1.1535237707        1.3027251152
       -0.7839625147        1.7225093489       -0.2146015154
        0.9999952731       -1.2279599804        1.5796875587
        0.3748133136       -0.8315877158       -0.5426328887
       -0.5079004493       -0.1525675147        1.2058299709
        0.2584719534        0.9524199877       -0.9004820304
       -1.5703872259        0.1727394393        1.1552781858
        0.1546946135        1.0669208661        1.3898729454
       -1.0462499215       -1.1031508185       -1.3065976312
       -1.5879442509        0.8809803786        1.6728428820
        0.9485929353        0.4861618275        0.3551881405
        1.5852055024        1.5211908803       -1.0947421660
        1.6579251967       -0.8938758955        0.8216094495
        1.3845593505        0.9630309949        0.4365283887
       -0.2345914196        0.1375324685       -1.5346574791
       -0.7506260439       -1.1401817886        0.1100348479
       -0.2961041670        0.6745825241       -0.7824893223
        0.1433573477       -0.4385964191        1.4622455526
       -0.3787285461       -1.7134755354       -0.2908299398
        0.1182210800       -0.1635315951        1.6241444175
       -0.4745733168       -1.4429383534        0.9340203820
       -0.4934403241       -1.4944357769        1.2187096440
       -0.1255028593        0.6516291684       -1.4526351711
       -1.7021222241       -1.3427692637       -0.4846107886
       -0.0328728672        1.2020944376       -1.0170832575
        1.3791849725       -1.7222899111        1.0972513142
        1.5490362993       -1.4879062013        0.0287146651
       -1.5456469545        1.2912853467        1.5902231196
        1.7175055850       -1.5578731745       -0.5347228222
       -0.3703548624        0.6588558395        1.6934067701
       -1.0953554707       -1.2164911245        1.1574017826
        0.9032790375       -0.3798638751        1.5681571131
        1.7022026468       -0.6031697570       -1.6077821416
       -1.4034135466       -1.3741617078       -0.8310426451
        0.5488629184       -1.5374579592        1.5701014495
       -0.9270140504        1.6722844597        1.2039193499
       -1.2068826593        1.2239968373       -1.6792513172
        1.0054614719        0.7123756895        1.1315115546
       -1.5846480287       -0.6831360344        0.0362030935
       -0.0944304910        0.4364308528       -0.1922610950
        1.2231613251       -0.0074924814       -0.2163464422
        1.6195513451       -1.4345774453       -0.2423917374
        0.6990071913        1.3876784352        0.0282969824
       -0.9522440536       -0.7958824848        0.5167357324
        1.1720414907       -1.0847143777       -1.5127793097
       -1.3841442310       -0.0760240828       -1.6562315438
       -1.2184764142       -1.1410289780       -1.7178156273
        1.4448453691        0.7105025955        1.5300907970
       -0.9044958667        0.6205041921        0.2747048442
