       -0.0696273620       -1.1921081172        1.3035589320
        0.0330394599       -0.9780659411       -0.4953678311
       -0.7091211271       -1.3865803671       -1.5277449443
        0.3838042994        0.7285907782       -1.0627210331
        1.3973538326        1.6814024785       -0.7241950216
       -0.7965880119       -1.2446650428        0.9358423713
       -1.3734124818        0.4980265312       -0.7239027782
       -0.3110958387       -0.8502357951       -1.2584235381
        1.4800573502       -0.1980703643        0.6026169386
       -0.2444759681       -0.1728383012       -1.5117384260
       -0.8881079345        0.6242796706        1.3976220860
        0.6445715968        0.4908753483       -1.0355977320
        0.3829919303       -1.5643066207        1.0624073017
       -0.7394006013       -1.6445671224        0.4416520413
        1.2189925669        1.0379440815       -0.6523542834
       -0.2368294802       -0.2386535376       -0.2117960072
        0.3796644720       -1.6118096280       -0.4097867772
       -0.4938452488       -1.2830861630        0.2299684468
       -0.1740003835        0.7922161936       -1.6345206479
       -0.1403179484        1.2904451775        0.2712579393
       -1.2916186337        0.4247171899       -1.2290419239
        0.0620683234       -0.8095194735        1.4879264311
       -0.8577163419       -0.4403299736        0.1989220429
       -0.7226821163       -1.3343729192       -0.9656899902
        1.5508057017        1.3073480380       -1.3480689214
        1.5952065940        1.2181172402       -0.7547715784
        1.6813394467        1.0690774071        0.2744599856
        0.0941962579        0.3689118558        0.4877251017
        0.7294417132        1.2298850080        0.9701043184
       -0.3898126878       -0.3209024390        1.4409666572
       -1.3048164742        0.9144050310       -1.5974154946
       -0.0696844915       -1.6892271670        0.8458546257
       -0.2281141568       -0.0569753519       -1.3945528992
       -0.6861199415       -0.9830233897        0.9111192617
        0.3764201351       -1.1576158971       -1.4109559171
        0.1456063870       -1.4517433473        1.6699206695
       -1.3735087338       -0.1148884711       -0.3943345726
       -0.9747006315       -1.0300454744        1.6016824647
        1.6505917676        0.7612541548        1.2734574923
       -1.0871225878       -0.4890012026       -0.8160784219
        1.1768432287       -0.4895567761       -0.2928117211
       -1.6838076787       -0.1390489161        1.6272507119
        0.4863065933       -1.6557127667        0.8985614323
        1.6055838487        0.1271992029        0.2054056630
       -0.7381562607       -1.4259347307       -1.4563325256
        0.4418443145        1.2486385952       -0.5082737331
        0.0131700896       -0.9856899827       -0.0564667486
       -1.5095612017       -0.9564684137       -1.5092757786
       -0.3133901770       -0.3528079612        0.1204639154
       -1.2443899596        1.1313632818       -0.5414518815
        0.6392727215        1.6943020330       -1.6861168962
        0.3412850600       -0.3038361862       -0.5652825818
       -0.2661793196       -0.1317924027       -1.3610489131
        1.4713146058       -1.4926941165       -0.4728514540
        0.2515943680       -0.1214578177        1.1365542909
       -1.5738767247        1.0436613331        0.2118745167
        0.9334613596       -0.5742705301       -1.4739804519
       -1.7058882950       -1.1925256950       -0.2311436775
       -1.3988053256        1.0116615431       -1.6203028891
        0.8222850682        1.5392040571       -0.7776993842
        1.2017989567       -0.3854119370        1.3263775424
        0.0559103911       -1.1215291201       -0.0820494588
       -0.3934838682       -1.3681458797       -1.3452815026
       -1.4609716520       -1.0184728979       -1.3630331091
       -0.9983066192       -0.6512941344       -1.6805999123
       -1.3479150028        0.2605864829        1.5477557398
       -0.5721893175        1.2737031897        1.0912744634
       -0.6893911833       -0.5155017979        1.5044936898
        1.1848286010       -0.1128392430        1.1916907329
       -1.1865856987       -0.0337572934        0.7538354605
       -0.4361948081        0.3446758308        0.5125893333
        1.5309669415        0.9429836434       -0.3773128074
        1.4929785880        0.9887876003        0.0450281608
        0.9913901952        0.5025766306       -0.0951721725
       -1.4125512258        1.5688754805        0.8562426930
