       -0.1607804452        1.6413339835        0.4476878589
        0.4248673516        1.2321487459       -1.0581803380
       -1.3062355795        0.3823511078       -0.4278896407
       -0.5004028617        0.5678252615       -0.1364199680
       -0.9588920789        1.2347311561       -0.0662383511
       -1.1932829784        1.2748456599       -0.0712605415
        0.9032381987       -0.5843075470        0.8625159973
        0.2711371247        0.3245166739       -1.1942510759
        1.0311278309        1.3736926850       -1.7157279720
       -1.2862606851        0.7724682041        0.3521720360
       -0.7029655370       -0.2376819428        1.2591001585
       -0.7349260900        0.8436896981        0.3159788187
       -0.7730750693       -0.6112507086       -1.4429596737
        0.2665719299       -0.1356753539       -0.1282327309
       -1.5694685182        1.1910368878       -0.5632151644
       -0.4974916488        0.4413185285       -1.5730619038
       -1.7186101055       -0.8258825462       -0.9168097504
       -0.5363041389        0.2707119185       -1.1357630373
        1.5746528088        0.2611363686       -0.8533739982
        0.0537497334       -1.6409178462       -1.4475118637
        0.9991568315       -0.5797470866        1.6383896264
       -1.0984572243       -1.2761014083        0.0472181382
        0.2975850668        0.1900838789        1.6557952911
        1.1427275993       -0.1392490628        1.0764136447
       -1.5574742101        0.4358378892        1.4897936760
       -0.0977985300        1.0835649356        0.1030638384
       -0.8177555212        0.8380635897       -0.3934732944
        1.3088288555        0.7085592593        1.7080308005
       -0.8953385109       -0.7587525817        0.8236020353
       -0.2706465784        1.3248457171       -0.1945752422
        0.1431242905       -0.6791878479        1.4324455734
        0.3810872358        0.1882292178       -0.3698874704
       -0.3916218031       -1.6220398537        0.3656656590
       -1.6746558784       -0.6505137757        1.3636836990
       -0.2709086229        1.6024941482       -1.1832699047
        0.8434068914       -0.5695944767       -1.7172459053
       -0.8738590816        1.6930852796        0.2311507703
        1.5381633347        0.7998731102        1.2884026534
       -1.0007758109       -1.2913492334        0.0358145966
        1.1262375693       -1.0475933999       -0.5339272084
       -0.9965957448        1.6336246687        1.6671791255
       -0.9723969646        1.2468624888       -1.1233347849
       -0.7110050675        0.8412635906       -1.0973999128
       -0.6210678909        0.0841999863       -1.0711371510
       -0.9646556766       -0.6378056475       -0.8707370110
       -1.1528533608        1.4664254331        0.9356426892
        0.6936825773       -0.1141715442       -1.3317028871
       -1.1099476506       -0.2455753186        1.1998176578
       -1.6691209584       -1.6683914864        0.5799440184
        0.5989499054       -0.8099012857        1.5536281538
        0.9307303798        0.8128155941        1.4908855481
       -1.6393557108       -0.8628273495        1.0144288418
        1.4034291404       -1.3456250150       -0.5062724640
       -0.1395943029       -0.5309711449        1.3112933741
        0.6014073587       -1.5556627930       -1.4574858681
       -0.4803304717       -0.5481266263       -1.2861006642
       -1.6914076867        0.4489556491        0.4264655994
       -1.3024651613       -0.3950360863        0.8558907908
       -0.1197494985        0.2932628352       -0.8384027274
        0.7842764171       -0.6309473661       -0.5439446100
       -0.6996996007       -0.9498752578        0.5002159246
       -1.4653920713       -0.5961004146        0.7737947304
       -0.1284485634       -0.7173386114        0.9305710154
       -0.1704606286        0.8402607018        1.6777906472
        0.5556363509        1.0869908122        0.3339964444
        0.9179420888        0.6888861675       -1.4250805937
       -1.4768589108       -0.3773444774       -1.2643202389
       -0.3128973030       -1.5160948665       -0.6173368500
       -1.2796411696       -0.6526374370       -0.8806697992
       -0.3117358627       -1.5316895384       -1.3669699184
       -1.2559073875        1.3373107868       -1.3180129016
       -1.3392528875       -1.1296128140       -1.0877360813
       -1.5874039034       -1.4661447041        0.7414262830
        0.7949463072       -1.1454689481        1.0132355590
        0.4270970402        1.0517902535        0.1529457700
