       -1.2588949192       -0.5707983882        0.2680821090
        0.4857581642       -0.5378175765       -1.5936315586
       -0.2860306635        1.6548633463       -1.1976563936
        1.6382638951       -0.4616214447       -1.5371719633
        0.0206576760       -0.0749210448       -1.7291136545
        0.8556802009       -1.5327694801        1.2780616531
       -1.6878921816        0.4282665217        1.2670596116
        1.5127083640        1.4813712218        0.8214811292
       -0.5277259998       -0.1547130512       -0.8647418048
        0.1485149721       -0.7500410959       -1.1401952532
        1.1962322232        0.2043045268        1.0173716182
       -0.0865807931        1.1187940640       -0.8757692832
       -1.5261287137       -1.3907446297       -1.3111385151
       -1.5127886286       -1.1546488534        1.6254937304
       -1.5499612577       -0.0054488862       -1.0774096585
       -1.4369322442       -1.2167677224        1.1159969230
       -1.1649877696       -1.6232759981       -0.2214823108
        0.7833990967       -1.3562493932        1.0673746354
       -0.2300835849        1.0946253567        0.8909457611
       -0.2407115296        0.9881352828        1.6932577440
        0.8646209789       -0.4753071457       -0.6949231384
        0.1592141334       -0.3528751145        0.0163940321
       -0.5119122757        0.3162750948       -0.5240930821
        0.8287505425        0.5847547187        1.4619108073
       -1.2756994791        1.6099832606        0.8834783658
        0.0194775900       -1.2176523824        0.3990781454
        1.0184048542        1.4714063007        1.3784917404
        0.9078169645       -0.3987563194       -1.1903614256
       -1.1858759581       -1.2530572272       -0.1519081270
        1.3774590173       -1.0566408441        1.2283476740
       -1.6963116063        1.0477210040        1.4354263075
        1.2063027377       -0.4024780737        0.8554907329
        0.4815874057        0.7779762257        0.3105401345
       -0.3422264350       -0.0583108358        1.4560386837
       -1.4620041976       -1.2062698144        0.3263263763
       -0.0769999749       -1.2141710475        0.2419158331
       -0.4951598898       -1.3910120910       -0.2688736449
       -1.7297990986        0.9414696299        1.4863147639
        0.4498189291       -1.1530937511        1.6050030109
        0.8056627868        1.6018624736       -0.3248922628
       -1.3801891227       -0.0998210339        0.7566091390
        0.0013236461        1.1391644981        0.6865557183
        1.1929908350       -1.0317933597        0.5348331774
       -0.9135171109       -0.8471150763        0.3626091577
       -0.9758888879        0.5901003949       -1.5659466639
        1.4234652454        1.3942841619        0.4852162810
        0.0944125147        0.3768160845        0.1486303296
       -1.1862375889       -0.5837246782        1.6216473740
       -1.3519893594       -0.6740413200        1.7036400139
       -0.2957339836       -1.0669350081        0.4126844288
       -0.3481041028        1.6214323416        1.7013760824
       -0.8377458094        1.7018644414       -1.2823079142
       -0.3872296646       -1.6433940662        1.6773802122
        1.1739295655        0.7701801133       -1.0401147581
        0.4574393139        0.3289977424        1.3410641885
        1.4028086268        1.4988238858        0.9772540350
       -0.7361081021       -1.4551910007        1.4370178126
        0.7732059174       -1.1623533644        0.2038139530
        0.2819714895        0.8779616803        0.8702821029
        1.4715705512        0.3551149559        1.0584673420
        1.4266951209       -0.8971806720        0.2325940671
       -1.5698572281       -0.1776092306        0.8945490704
       -0.9992777897       -1.6039875592        0.9744703424
       -1.3018739866       -1.1310156931        0.0074234359
        0.7588786841       -0.2300190384        1.5792469813
       -1.2418929338       -1.2885921150        1.7026847001
        0.9829712302       -0.7538803514       -0.0464827381
       -1.0001839797        1.6317947155       -0.1632813133
       -0.3493919245        0.1956207120        0.0580297970
       -1.5668999984        0.2812961757       -0.4418432434
       -1.1709205151       -0.4966137735       -1.5341293750
       -1.5145961049        1.6515857296        0.8150127578
       -0.7877943436       -1.5729665971        0.8540507961
       -0.9126904982       -0.9089742349        1.2679196590
        0.3001322099       -1.5980671120       -0.4597133385
