       -0.8360840329       -1.6253766840       -0.4830328528
        1.5210280881       -1.2375361900       -0.1226508698
       -0.5974825428        0.4330557145       -1.6681903040
       -1.3774561056       -0.2527075008        0.5414859502
       -1.1508436568       -0.7323184203        0.2899009696
       -1.3470685748       -1.1714367951        0.7718809154
       -0.1015490022        1.2038567294       -0.8613095775
        1.3140795170        0.1341267830        1.1866193479
        0.4505812583        1.1195893052        1.2732372108
        1.6451155337       -0.6023289377        0.4660827834
        1.5421254034        0.4573227611       -0.5718346956
        0.2571920617       -1.4399396896       -0.2663858638
        1.6153644024       -1.4078488967        1.0492595850
        0.3930774288        1.1640327753        0.0933712647
        0.6783817619        1.0680156176        1.4577512099
       -0.8046479787       -1.0023163856        1.6758420845
        0.8440383951       -0.4875570863       -0.3136731919
       -0.8354779517       -1.1491816351       -0.1148326386
        1.3657168671       -0.0053387971        1.6924723911
       -0.6925347645       -0.0580027663       -0.4897645851
       -1.1646577572       -1.5002117695        1.2868354932
        0.0528145446       -0.7350594126        0.4033414086
       -1.1661397942       -1.1871510637       -1.3259426737
       -0.8524804613        1.3639509893       -0.8020056613
        0.2450101761        0.9242625633        0.4105663633
       -0.1016914404       -0.2878064489        1.2353022509
       -1.2450064566       -0.6178384557        0.4277345817
        0.9546713064       -0.2973608591       -1.5777368263
       -1.5279269534        0.1075854731       -1.6497605963
       -0.0625212249       -0.5580353906        1.1492348189
        0.5754171863        1.2651530669        0.6750234902
       -1.1571871825       -0.5528273181       -1.2677935535
        0.1870107336        0.3374788827       -0.6410039434
       -0.0941944270       -0.5485358595        1.5983505269
        1.5900140831        0.1936918678        0.5355342895
        1.5617258090       -0.8762957936        0.1994087049
        1.4566645351       -0.6804396152       -0.8570141136
        0.0950395097       -1.0716735223        1.5348647702
       -0.6430707220       -0.3625371006        0.5594213773
        0.9878968460       -1.3785084811       -0.6482034015
       -0.6762734218        1.4375667676        0.7732065642
       -0.0503602934       -0.6307201451       -1.6442728207
        1.7115101610       -0.7679442659       -0.9241023327
       -0.0925861328        0.6087029058       -0.7912953179
       -1.4449850957        0.7773752773        1.6606696862
       -0.0481097555        1.7080756527        0.2460314914
        0.3781953414        0.9888078657       -0.6143079584
        0.9776677511       -0.0293833023       -1.0860524167
        0.7314810756        0.0365251066        1.6437367689
       -0.9315567861        0.9519205887        0.0027458082
       -0.2189383149        1.1154772135       -0.1172181783
        1.1364463795        1.1914975208        0.1432490717
       -0.7135090489        1.3093882166       -0.9307900193
       -0.3800716277       -0.4100011547        0.8026258265
       -0.4829026032       -1.2771321924       -0.0312969543
       -0.2673046732       -1.5888360715       -0.0719963787
       -0.2435165038       -1.6778724474        1.4279316880
       -0.5498043934        1.5213698261       -1.4782657855
       -0.1327639878       -0.4726043468       -0.4042080794
        0.5205764526        1.3547270093        0.3229430209
        1.0643966016        1.1286459892        0.1237475087
       -0.2162863930       -1.4700457945       -1.2386063337
       -0.4219229799        1.3169449372       -1.6168094656
        1.2490249435        1.3634090497       -0.8779452605
       -0.5438782374        0.4278388491        0.6929422411
       -0.4946785753       -1.0869491862        0.3501525534
        1.3269673055       -1.3351609595       -1.6510441013
       -1.5955635016        1.4468868286       -1.0251688936
        0.0734935450       -1.2977671568        0.3989175179
       -1.5961088965        0.6867280214        0.4533058325
       -1.7157612098       -1.4173820479       -1.3638104046
       -1.1390517586       -1.2058422418       -1.2870164409
        0.5608186170        0.6174107960        0.1818563870
        1.4180080622       -0.5487264148       -0.7396521526
       -1.2828134414       -0.1419994143       -0.5576104408
