        0.4659789580        0.3701297771       -0.7553369515
        0.0087031711       -0.7377729499       -0.3144558493
        0.3000976848        0.9842752216       -1.4375891219
        0.0000310110        1.1596060584       -0.5254615699
       -0.9561789352       -0.6254048791       -0.5319710576
        0.7668369918       -1.1264358513        0.7177393339
       -0.6920261353        0.4633374680       -1.0955026320
       -0.1416264548        0.1739752401        1.6284363116
       -0.0257735131       -1.7302885157       -0.8722325255
       -1.6927880115        0.1336550873       -0.0725993644
       -0.4169538830        0.0098364193        0.4556638914
        0.6110429125        1.5699668074       -0.1627333036
       -0.1999316455        1.5701919233        0.6866479843
       -0.4780156276        1.6426005591       -0.8137496359
        0.7819293063       -1.7022762460        1.3032432939
       -0.8409504673        1.2115929104       -0.3199149859
        0.0123946056        0.4810952544        0.5547701721
       -1.3392661181        0.5989575370        0.6567752140
       -0.7452158648       -0.7570080436       -1.4855797994
        1.3624184768        0.7370086044        1.7087749694
        0.4116750472       -0.4126522217        1.0606740053
       -1.6626135129        0.1808028872        0.0955284801
       -1.4043458979       -1.6708249335       -0.7117425533
        1.1047537540       -0.7856481537       -0.7237618886
       -0.8346072546        0.4460726477        1.5468994703
       -1.6004935002        0.5212019249        1.1762179951
       -1.0966882026       -1.2630579300        1.0431616131
        1.7150043314       -0.8702607132        1.6032061406
       -0.9320741147       -1.5651665294       -0.7021419472
        0.8270950442        1.2527512596        1.6588102794
       -1.1866721107        0.1684354615       -0.7142168554
       -1.5417315269       -0.4970244973        1.3484003357
       -1.0378794591        1.2163016226        0.3208999065
        0.4700394580        1.2944957699        1.6539378072
       -0.2414868442        0.5345674566       -0.8281134736
       -0.4533734358       -0.0349865015        1.6681165613
        0.9627116805        0.5483934052       -1.5469648330
       -1.3118963388        1.1900706485       -1.4318406310
        0.0116865540       -0.7305914295       -1.5700228416
        1.4382999642        1.5816430561        0.6338063098
       -0.0598926203        1.1533028473       -0.1706510613
        0.6895509913        1.5756641035        0.5744470304
        0.2800390819       -1.6827365800       -0.2053358610
       -1.3626664681        1.0064281273       -1.3268048295
        0.1395564403        0.2511554618        1.5657199720
        0.4621080680        1.5307901459        1.2790751077
        0.6571380175       -1.1595509953        1.2577021010
        0.8902189685       -1.3953726321       -0.6036421253
       -0.0215438846       -1.0972451150        0.4839578613
       -0.7992882251        0.1072869903        1.5303507025
        0.1488648530        0.9404309803       -0.5705319512
       -0.3648149966        1.5754057029        0.8046385131
       -0.4016905544       -1.6366002813       -1.7244007322
       -1.1667160493       -0.1802942774       -1.3289931373
       -0.2972332566       -0.5234299585       -1.6244954857
        1.2826030612        0.1691828937       -0.2932161167
       -1.0409034162        1.3866047184        0.8791444037
        1.3333252088       -1.0875095313       -0.3947021589
       -1.2682682188        0.7237816426        0.4553272104
        0.8829931604       -1.1725716725        1.3900947076
       -0.1380114231       -0.0045916956        0.0142109072
       -0.4183567347        1.4204585243       -0.6240688549
       -0.0765644255        0.1474357821       -1.6145374187
       -0.8877556807        0.2701814835       -0.8721841471
        0.7299849546        0.1901220077        0.8615980284
        0.6124853770        0.1344772995        0.2949249069
       -0.9907885871       -0.0278896429        0.9790768293
        0.3282983418       -1.0347878148       -0.4203318893
       -1.4937787637        0.1437501741       -0.6458329250
        0.3461180275       -0.1408269195       -1.4909956356
        1.6127108013       -1.3741032298       -0.9623925355
       -0.2473196760       -1.2224438965       -0.9419143368
       -0.1803898454       -1.6516605902        1.5921146545
       -1.1752705049        0.1912654248        1.6994006229
       -1.5516839609        0.9333124352        0.8473322428
