       -0.5316756203       -1.5104129143        1.5100160712
       -1.3109537589       -0.0209290620        0.1345450996
       -1.4538050107        1.2031490520       -1.3925860407
       -1.3583067868       -0.9410281976        0.3849892247
       -1.1634958378       -0.5321738128        1.5836196738
       -1.3645304722        1.2270581795        0.5401600110
        1.5187483628       -1.3544495032       -1.6210876306
        0.8316759974       -0.1270211991       -0.7588649792
       -1.3726739911        0.4543652427        0.8880761387
       -0.4804514718        1.1386807267       -1.7230746091
        0.3284711417        1.6360895422        0.6914200267
       -0.9586991282        1.3699086942       -1.5135533258
        1.4153939401        1.3649899857       -0.7329392581
       -0.3488208846        1.6061303905       -0.9181958904
       -0.1076333660       -0.6325213126       -0.5732144590
       -0.8426111292       -0.6050958831       -0.5178453809
       -1.2514996117        0.0650993297        1.6719775598
        0.0024450235        1.3279048171       -0.5683487231
        1.6775899020       -1.1104448171       -0.2816855017
        0.5784420338       -1.3196360977        0.7558347891
       -0.4757097734        0.9304375880       -0.0513960137
       -1.1113987339       -0.3332169777        0.4697179498
        0.4546770255        1.5884945464       -0.1379982489
        0.3901314489       -1.6095178835        1.6366735095
        1.5600316480       -0.1526856402        0.7117413806
        0.2411142428        1.4424819063       -1.4413655586
       -0.1647681654       -0.2800769010        1.0745674217
        0.1745471302        0.5421552116       -1.5711645859
       -1.4447673210        0.9782297141       -1.4307140546
       -1.0426194767       -0.4279173634       -0.7975536833
       -1.6040593372        0.2936456347       -1.1438673789
        0.2701636023        0.8973415721       -1.1379455541
       -1.0786297639       -1.0092779231       -1.6336285031
       -1.2466529474        0.9098513973       -0.0260156037
       -0.1459102624        0.4805393550       -0.0033068550
       -0.7053073617       -1.7088354122       -1.3400887804
        0.2834164833       -0.8866895439        1.6115130083
       -1.3141781386       -1.1538162786       -0.7674471317
        1.4192489895        0.7849275409       -0.8592520677
       -0.8701631466        1.2878112369       -0.4606044525
       -0.5918113692        0.1159270030       -1.6818052756
       -0.6524088432       -0.4085501166        0.7715565892
        1.3383851198       -1.2391303019        0.7165700895
        0.4616197864        1.2271029704       -1.0828400917
       -0.8374793256       -1.6371803207        1.1184900305
        0.0710339980        1.3334621479       -0.0792703442
       -1.3413923878        1.0148389881        1.5845262849
        0.5365663916        0.6367114477        0.9679130618
       -1.2878212768        1.3824468518        0.7324562063
        1.0547060556       -1.3277731464       -1.2602394864
        0.7211520315       -0.8534083540       -1.5212831269
       -0.4859555106        1.0964653725       -0.5588858804
       -0.7270770954       -1.2175227007        0.5983209456
        1.3777965290       -0.4893574488       -0.3287280001
       -0.4557892453        0.4407012539       -1.6677653640
        0.3285071154        0.6945069123       -0.3068556154
        1.6040740261       -0.1406666905        0.0548984431
        1.4485891954        0.6050143765        1.6643154281
        1.1479581019        0.3105777068       -0.1493535943
       -0.2757222235       -1.7084048086        0.2956489443
       -0.0362734617       -1.0256815539        0.0751506516
        0.9045500974       -0.8930345181       -0.7305205548
        0.8333911271       -1.3211739527        0.5771454063
       -1.0092715545        1.3531553921       -0.4711427138
        0.6471647890       -1.3489301674        0.2853829837
       -0.9538931834       -0.4756457769       -1.6050742678
        1.4530604902       -1.1685012987        0.7058384452
        1.7306094400        0.8785921532       -1.1107585678
        0.8730967347        0.3103272055       -0.8645445649
        0.7249775951        0.2023785684        1.3657556847
        0.9508990170        1.6433108029       -0.3711868080
        0.6167215563       -1.5239426384        1.4726736731
        0.2203842282       -0.1575130199        0.0338132098
        0.6555718736        1.2961303495        0.5994117532
       -1.3371856137        0.6634187276       -1.6193614786
