        0.5242324683        0.6746615126       -0.9293845367
        1.7059972517        0.6492590161       -0.5317253231
        0.2074896275       -0.9136122627       -0.8903712465
        1.1286905768        0.1092497434        0.4627855546
        0.4353132952        1.6804164627        0.4494369491
       -0.0609796581       -0.3924741173        0.4400585731
        1.1874291925       -0.2179529572        0.7426428380
        0.1279417345       -1.5799442235        0.2285672631
        1.3289470817       -1.3627099185       -0.9624283657
        0.4820798313        0.6591922366        0.3696687731
        1.0314567400        0.1865820802       -1.5752288977
        1.2565610245        1.5742796089        0.1761958147
       -1.0018503439        0.3267416619       -0.1290596663
        0.0908346197        1.2811604192       -0.6535651506
       -1.0113590357        1.1856994546        0.8469547408
       -0.4021771664       -0.0925044584        0.4330329618
        1.0387179152       -0.5781999691       -1.0721563854
        1.4533329360       -0.4838227644        0.1840843415
       -1.6855023091       -0.1586997923       -0.1705445097
        0.4908712091       -1.1377696796        0.9460514638
        0.8730607642        1.2705595875        0.1345186997
       -0.4951946505        0.2707999243       -1.6064092371
        0.8992218589        1.5726309082        0.1967353805
        0.3297697711       -0.9258591658        0.4928723555
       -0.1276920092       -1.4176366158       -1.6431004646
        1.4996902614       -1.3032214977        0.0598014126
       -1.5295390949       -0.7323086546       -1.2025691433
        0.0605392662        1.2760430529        0.1123499227
        1.2391839503       -0.6921048852        1.5037791326
       -1.5926471317        0.2024901270        0.2464183784
       -0.3986615596       -1.5036980905        0.7840578391
        1.0251048810       -0.6540897640       -0.3958471714
       -1.5463419433        1.0611438604       -1.6071562967
        1.5583597397        0.8896472752        0.0414811728
       -0.7381234003        1.5885164426        1.2658251028
       -1.5118451356       -1.6787237276        0.2175580805
       -0.5910112258       -1.6922379725       -0.5534766804
       -0.8837457206        0.8085757708        0.7979647943
       -1.4551034240       -0.4025670215        0.3647024524
        0.7857418893        0.6341558633       -1.5188183922
       -0.2862123709        0.7747919105       -0.0288236089
        1.4315768459        1.5357935550       -0.3371576149
       -1.0371567138       -1.1693432310        1.6234030392
       -0.9021002564        1.5974770343        1.6979814886
        0.4889651015        0.0623435002        0.7075425623
       -1.3401390945       -0.5071623747       -0.1220412220
        1.6485195916        1.5649713703        0.8583378412
        0.0694675379       -0.1585013167        1.2095446292
        0.6622095509       -0.0374879197        0.1386645971
        1.4497471143       -0.8045035226        1.5646874134
       -0.4571676053       -0.6772076137       -0.5930003870
       -1.1607201059        0.5199120756       -0.4497428587
       -1.5138188288       -0.7830760512       -0.3395769877
        0.7737595375       -0.2385590762       -0.7265358913
        1.0733077809       -0.7201676239        0.7149366439
        0.8132976636       -0.5090019291       -0.9069295348
        0.7057739197        1.6908924794        1.4683050359
        0.8229796021       -0.6597499878       -0.7254088649
       -1.4473083795       -0.7175841910        0.0096078997
       -1.4968242782       -1.3328050734        0.4070282312
       -0.1335614131       -0.8197144562        1.5643255794
        1.5690302717       -1.2208488152       -0.0695032051
       -0.2511416795        1.5355668453       -0.9321707102
       -0.8848794446        0.1428146821       -1.6624394983
        0.9533987833        1.6744849803       -0.8642412718
       -0.2389548772        1.4852665809       -0.3249829753
       -0.9112454479       -0.3360568674       -0.5351579102
        0.1712252968       -1.6221379365       -0.9384649961
       -1.5912038429       -0.2588042677       -0.4719898355
        1.0568455220       -1.0283291704        0.3390829457
        1.7250701775       -0.6997487082       -1.5738249120
        1.2424507819       -0.2087416933       -1.2760452225
        1.1384785023        0.7861669938        0.8993807426
       -1.5394820439       -1.4950574100       -1.5422713437
        0.3231047792       -1.1697304939        1.5907040003
