        0.7617390843       -0.8469212561       -0.1895270197
       -1.6110139803       -0.0376514055       -0.9300670852
        1.5928654177       -0.7707796921        1.5286477469
        0.1540420363        0.2482674614       -1.2261374571
        0.7252127541       -0.2120147482       -1.2589973832
        0.5878230473        1.2286894523       -0.4675680563
        0.7342625502       -0.0758505909       -1.7210386649
        1.1234228117       -1.4507086707       -1.3323014513
       -1.5228247179       -1.2363540505        0.8019077640
       -1.0681805214        0.7117941822        0.2259504036
        0.1840917811       -0.9328458272       -0.2483541622
       -0.8937424665       -1.4286156222       -0.9055148284
       -0.0921034568        0.8930627183       -1.0637874312
       -1.0264227063       -1.0891616486        1.5819423519
        0.6588802295        0.1396185478        1.0172771439
       -1.5681530836       -1.1423328468        1.4010869802
        0.3697346778        1.0278008340        1.6101051318
       -0.8939039118        1.2290184679        1.1253542642
       -1.0916158546        1.6250069587       -1.7134613499
       -0.2471916138       -1.0544675413       -1.2268933080
       -1.1370047243       -0.0394771744       -0.3245414801
        0.6148540921       -1.1555954306       -0.4465047709
       -0.1656995150       -0.0314872160       -1.1615855878
        0.8214300811       -1.6538928888       -0.5158583619
        1.3304367213        0.5148215432        1.0738976150
       -0.1373711232       -0.1259514603       -1.2926768163
        0.5933659812        0.2921076586        1.3721390926
        0.4032547062       -0.7201587680        1.3450667944
       -1.1397682242       -0.1539331828        0.8260779359
        0.5289028516        1.7190878390        1.6146401020
       -1.7047913142        0.3854829763        0.3973879090
        1.1664814322       -0.9666612752       -0.8431587727
        1.3005973744       -0.1395451212        0.6059263560
       -1.0861718698       -0.1380580803       -1.0468078970
        0.4376082046       -1.3864942599       -1.1893263909
       -0.1444422722        0.6939631322       -0.0343413365
       -0.3001062584        0.9077286619        1.3913881622
       -0.1051787131        1.1962558261        0.6702143030
       -0.4461583710        0.9423618635        0.9783420519
       -1.3622621676       -0.6938542303        0.1106731137
        1.3301277936       -1.0955015432       -1.4420120673
        0.4706237286       -1.5644210813       -0.5248671272
       -0.9609658487       -0.0511341175       -0.3943520682
       -0.7850317600       -0.3139127708       -0.1741052849
       -1.0419158579       -0.1917759816       -0.8822461831
       -1.7086803661        0.2393638637        0.5248959984
       -0.3623816028       -0.0770891002       -0.3885231531
        1.4648862957        1.2457547389       -1.0488211546
       -1.5566868570       -0.6569580603       -1.2921784110
       -0.2274046679       -0.8525261216       -0.0625022500
        0.9737923831       -1.3112897059        0.9531848511
       -0.9614853421       -0.2623373750       -1.4929909121
        0.4066347418        1.7023915567        0.2025382006
       -1.1895282411        0.2953807490        0.4840410633
        1.5675586166       -1.1523503758       -1.6427498061
        0.6970950023        1.2759738284       -1.2338259016
       -0.8412263749        1.2538410267        1.3708624352
       -1.0707272273       -0.7996605039        1.2915849893
        1.6081952528        0.0774957525       -1.6112222522
        0.8201778525       -0.6544837938        1.0688397543
       -0.2316116517       -0.9424273004       -0.5266687722
       -1.4022723846        0.3498899443       -1.5871534264
       -0.7697020120        0.1663913953       -0.7901198453
       -0.4343270423        0.5718271415        0.4717786729
       -0.3406962857       -1.3515488239        1.2808864990
        1.0101773462        1.4697563370       -1.3667931002
       -0.3683639703        0.5882178643       -1.7145449823
        0.4616513177        1.5038182663        1.7207838906
       -1.7052003797        0.5172303453        1.6594615258
       -1.5360499617        1.3052728745       -1.4472892433
       -1.5030532594       -1.5584889359       -1.2748904056
        0.3451060682       -1.5321488745       -0.1451651450
        1.1234935186       -1.3844482467       -0.5695361197
        1.6207280340        0.4886414543        0.8849232419
       -1.4442486277       -1.4512336906        0.1672352085
