        0.9045214520        0.0329993793        0.3773334631
       -0.4828730690       -1.1780953202       -0.4466805953
        1.0828580664        0.5793187607        0.4998305071
       -1.6499444459       -0.6210422394       -0.5187507547
       -0.2235649510       -0.2935470970        0.0026750013
        0.7033433036       -1.5960670189        1.0047524443
       -0.9792297123       -0.3197041879       -0.0745749853
       -0.9265425015       -0.2384890387       -1.3489530718
       -0.3249096439       -0.7653589214        1.3743315928
       -1.3121662569        0.6472759524        1.4394719638
        0.9449392360        0.2049158296        0.0410384694
        0.6230072670        0.3306755079        1.5761925334
       -1.0962462993       -0.7943637288       -0.8696945497
       -1.4914791456       -1.3322394293        1.5800638815
        0.9053006994       -0.3254764607        1.4878610023
        1.2442706000       -1.1073980282        1.0545605025
       -1.1217307702        1.4785259024       -0.3799792746
        1.6917335680        0.7101920580       -1.0960463074
       -0.0647489487        0.6907941414        1.0403862522
        1.5839564564        1.5292819090       -1.4609048262
        1.4699073633       -0.5076737978       -1.3426045842
       -1.2396645406       -0.6525656347        1.3624731366
        1.5525193925        0.1248347964       -0.4664251135
       -1.4748757971       -1.1471554453       -1.0132129515
       -1.2880656837       -1.1313774480        1.2776282717
        1.4917107107        0.9480212146       -0.9929404324
       -0.8675496633        0.8845082369       -0.0490321395
        0.4534648420       -0.0803844320       -0.3292762680
       -0.3912408861        1.1280674983        1.0941209523
       -0.3881226386        0.4023048867       -1.6201819180
        0.8421013547        0.3643086564        0.8443380135
       -0.7093335495       -0.6070036296       -1.3872045264
        0.8736357095       -1.4916423315       -1.6644735536
       -0.0215180444        0.4444416701        1.4881453027
        0.7671409043       -1.4376541265       -1.2030338978
       -0.5034921654        1.6409539231       -0.7207070246
       -0.5441393093       -0.1211071205       -1.2630635000
       -1.2274380867       -1.6830032299        0.5704071281
        0.6934659221        0.3600459949        1.6687923558
       -1.6036542915       -1.6353240643       -1.3901232772
        1.4443760367       -1.7304542357       -0.1432843501
        0.8585568112        0.8528206169        0.7826180217
        0.2672580756        0.7424129860       -1.3643660588
       -0.6294500773        0.4992510661       -1.4558624479
       -1.0963755536        0.6074222140        1.5634741766
       -1.2099117784        1.6185041864       -1.1682887747
        0.3241751036        1.4227595779        0.1988841577
       -0.7107779804        1.5569895194        0.7817707694
       -1.1333177856       -0.1161050616        1.1454034208
       -0.2738452324       -1.0507135573        0.3730156853
        1.4523422954       -1.5223935094       -0.2949528587
       -0.9835351806        0.4171275572       -0.6788144545
        0.9562446125       -0.7960708914        1.6545027770
        1.4569786020       -1.5479175755       -0.4475612533
       -0.8268052141       -0.5745308631        0.2166106306
       -1.0885608986        0.8485996668       -1.5292904971
       -0.8153023960        1.4597905352        1.0319474912
       -0.4924852540        1.1986202584        0.2376912181
        0.1817790115       -1.0131830366       -0.3357677196
        1.2742262464       -0.5175208046        0.0552068610
        0.0550728028        1.2931481991        0.2683795982
        0.3869927796       -0.2265321448       -1.5973774787
        1.3643198903       -0.1307461377        0.7082511995
       -0.3732230022       -1.2760150366       -0.9014814478
       -0.7493009468       -0.2780825053       -1.2585988609
       -0.2320205414        0.2214858435       -0.6512050737
        1.0285052981       -0.3283309732       -1.2036999734
       -1.3966648526        0.7290262405        1.3654114060
        1.5238266163        1.6358092003       -1.6890153382
       -0.2120197036        0.8506998737        1.6058892130
        1.3189507859        0.1907308232       -1.3951872194
        1.3778076868       -0.3376730852       -0.4747517996
        0.3956032693       -1.7066710283       -1.3305045440
       -1.4238344529        1.3745711814       -0.3716923690
       -1.2584341297       -1.3274766880        0.7076552549
