        0.9070317310        0.3975248014        1.7053046342
        0.9820822729       -0.4449389157        0.7062445104
       -0.0226963609       -1.1903458253        1.0388342244
       -1.3819642226        0.8032634003       -1.0289056916
       -1.0111170161       -0.5822218854       -1.6247491437
        1.3014703234        1.4741269873       -0.3484781157
        1.2480419780       -1.0140217120        0.6838343929
        0.4613592501        1.6191005826       -0.5874360731
       -0.6845172851        0.3541736116       -1.2088606579
        0.6146697376       -0.4065599682        0.8642224921
       -1.2878139533        1.2687774190        0.0093527738
        0.0162119166        0.9387520582       -1.0526789914
        1.3074959881       -1.2286489765        0.8794288994
        0.1735897436       -0.8262966123        1.2693150711
       -0.7600802049       -1.4606937087        0.8439738841
        0.0816721407       -1.3770148927        0.6234080783
       -0.6674610512        0.4573805826        1.3592808608
        0.8097921709        1.1346864928        0.7170324615
       -1.1755742448        0.5674638259       -0.4052671573
       -1.2568578555       -0.2782294699        1.1819126973
        0.6098031644       -0.8554112104       -0.2080416087
       -0.9554586288        1.4406532500       -0.3936199121
       -0.8745096279        1.3892201101       -1.3961780325
        1.3677261290        0.7106365246       -1.3148944719
       -0.5542997943        1.1482696185        0.9559863523
        0.3344806593        0.3539674689       -0.7836009872
        0.3310799971        0.5325492807       -0.2548358288
       -0.9111582825        0.6348630696        0.7593313161
        0.2601479170       -0.9217759695       -0.4403112859
        0.1286404931       -0.6204799521       -0.9673070032
        0.1479037225        0.3556596217        0.5269775353
       -0.7963946482       -0.6828132132       -0.9013370143
       -0.0021301532        1.4055022537       -1.1473995635
        1.5369161857       -0.3167237409        0.2837881605
        1.5660374829       -0.5219973968       -1.4070962139
        1.0498700732        0.6927749709        0.3092284342
        0.8362447217        0.7101443507        1.4290211292
        0.5775039786       -0.9907316189        0.7492603774
       -0.1646927160        1.1143168056       -0.4999224214
       -0.6902618642        1.5580153900        0.9047846629
        1.7143817239       -0.3651041783       -0.3033570961
        1.3591433507       -1.5876742022       -0.8270445833
       -0.9743984305        1.5049329977       -0.1732869280
        0.2846064883        0.9416210014       -0.2502127689
        0.0165763783        0.7964929117       -1.6561088338
       -0.4005460872       -0.2405301368       -0.1159812773
       -0.1712128598       -0.5902374711       -1.4681262530
       -1.2767879347        0.2998367759        1.0939078637
       -0.5430815574        0.8529755598        1.3017109750
        1.4710612446        0.3489351355       -1.1044752107
       -0.0655742435        1.4348478473       -1.7084666193
       -1.4094441135        1.5077498330        0.3704083753
       -0.2601826519        1.4955037236        0.2261551751
       -0.2794328200       -0.9350227369        0.4205510884
        0.8705557327        1.3221928887        0.0844037125
        0.9918818756        0.3129609849        0.5622137967
        0.8760597845       -1.2251984840        0.8481286793
       -0.5859675426        1.1809791329        0.8943843569
        1.3268483573       -1.2909203155       -1.5458571492
        0.8331099625       -0.4589937629        0.3360213938
       -1.1899496533       -1.1935916140       -1.4969006390
        0.6080398596       -0.6182529897        0.2461243817
       -1.5027895001       -0.3327955284       -1.0003720912
        1.0823077596        1.0403571228        0.5668096275
        1.2296622392        0.2089838160       -1.1604686481
        1.3323296353       -0.5551450318        0.1030177135
       -0.8293273364        0.1804112109        1.5114739166
        1.7018890492        0.0933538110        1.1914250169
       -0.4593306971        1.3511269149        0.0988820124
        1.1800936470        0.4751540046        1.2056892991
       -1.6119236224        1.3609906221        1.0366983584
        0.0899680860       -0.6418137154       -0.8587921702
       -1.6911776735        0.4629606871       -1.3321610085
        0.0451568522       -1.5990261972       -1.6271192622
        1.1113002575        0.2493146185       -0.6320973195
