       -0.2522537202        1.1351307319       -0.6541990723
       -0.9583438144       -0.4777794846        0.8452207427
       -1.5922935100        1.4526241423       -0.1679441586
        0.8395561974        1.6016764237       -0.3040231943
        0.0136610553       -0.4367246511        0.6398627411
       -0.1706386775        1.3802816839        0.6053425726
       -0.4203463976        1.3346167180       -1.0985604481
        0.4321015090        0.8915688928        0.9259603893
        1.3155930756        0.1410099029       -0.6900844251
        1.2597800406       -0.0738265352        0.4001107152
        1.2862087030        0.5672178075        0.1561580563
        1.0967209017        0.9706499843       -0.1877883775
       -1.4587103999        1.0658845764       -0.0652819808
        0.0220450339       -0.9235820973        0.5340707531
        0.3518839190       -0.1479887343       -0.1705867277
        0.5746624532       -0.9548554383       -1.2373448411
        1.5730763781       -1.2471808401        1.7221778508
       -1.3382945089        0.6711596801       -1.4920451140
        1.2250045719       -0.0216984307       -0.1719728919
        0.4365482637       -1.0527484111        1.1880225722
       -1.1084694769        0.5079331581        0.8263667756
       -0.6942548593        0.1035012928       -1.2876468218
        0.8899155109       -0.1080121279        0.2549431740
       -1.1052063393        0.2941415220        0.3403370359
        1.0885045095       -1.0002374604        1.1630228581
        0.4283140710       -1.6744173979       -0.7342231390
       -1.2301257016       -0.7015367322       -1.1298328260
        0.8127955271       -0.4036378347       -1.2405715840
        1.1047471419       -0.2150940265       -0.2637724579
       -0.0895069723       -0.0473851987        1.2396489548
        0.7230513125       -0.6234612395       -0.6557012618
       -0.0994428221        1.6728699546       -1.1807832641
       -1.6385325049       -0.2342089170        0.4436238665
        0.3635551622        1.4367833730        1.4816054436
       -1.7136382503       -0.7458917158       -0.0958436084
       -0.0362759540       -0.7746495288        1.2463226446
        1.2766190418       -0.3580809141       -0.8941309860
        1.7151491472       -0.0080738080       -1.4407609937
        0.3943326853        0.3418356007       -1.2456582756
       -0.3866757155        0.5191173361       -0.6547931812
        0.6197286195        0.0994473807       -0.9642273393
       -1.2669007537        0.3280720145        1.2515233581
       -1.1214171340       -0.5965285873       -1.2743878223
       -1.3334661113        0.4138330804        1.1725177434
       -0.2041197819       -1.1805753810        0.0948506385
        1.1405658915       -0.1393020289        0.4834918889
       -0.9333127207       -0.8474002027       -0.7997306091
       -1.4871335467        0.5661118271        0.0132589438
       -0.7707062413       -0.7603658588       -1.3290673349
        1.6310214624        1.0316607098        1.4959408312
       -0.5772438311        0.6679387895       -0.5091691187
       -0.0049716657        1.2929657609       -0.7683748421
       -1.1074837917       -0.7342119747       -0.7347836615
       -0.2692421652        0.3816779555        1.1416385758
       -0.9838591939        0.2714349219        1.7017559718
        0.8581914187        0.7920300099        0.4500283528
       -1.3933809835       -0.8621097676        0.6742814893
       -0.4917176322        1.0482087065       -0.8959519269
       -1.2272712650       -1.1060987890        1.5726082038
       -1.3899572426       -1.0723134915        0.5591995844
        1.2637544851        0.2158379647        0.9274319509
        1.0740397532        1.1201991514        0.3108481249
        0.3597325006        1.3312871530       -0.3626894819
       -0.9434239546       -0.2051405890       -1.5644627024
       -0.1579987109        1.3701726100       -0.8670471058
       -1.6968274186        1.2115552462       -1.1434839809
       -0.4890644006        0.2346205651       -1.2524733841
       -1.0167729120        1.6429543050        1.1668191391
       -1.7004873445       -1.6828230130        1.7045108061
       -0.7398540157       -1.0363614532       -0.8319065849
        1.3478523921        1.4004063690        1.5940692147
        0.6077526539        0.7790302030        1.4926999269
        0.1856858107        0.3004929970        1.5849306338
        1.2907183492        1.1833084078        1.3983560343
        0.1594003253        1.2032796726       -0.1442051194
