        1.4413578077        0.4737062701        1.5734859372
       -0.9406608000       -0.9287040061        0.5182991292
        0.5173440494       -0.7615886274        0.6982476092
        1.4669918144        1.7202302269        1.1648813987
       -1.3368621020       -0.7482820496       -0.5952059985
       -0.2020238465        0.7084937642       -0.9946178189
        0.5136470497       -0.1645931685        1.1123164463
        0.7410198194       -1.0539040878       -1.0144449131
       -0.3103442560        1.5374445076        0.1063839313
        0.7688326635        1.2705517768        1.3332502223
        1.0757707848       -0.4782726780        0.0135912824
        0.9836169146        1.6375994245       -0.7095948617
        1.0889640699       -0.2121981397       -1.5996373436
        1.5015109603        1.2127128166        0.2914843366
        0.7827233586        0.9565768478       -1.6131524240
        0.0355372841       -1.5936951099        0.3835356411
        0.6264168223        0.4380787421        0.5324947305
       -0.1652449198        0.5346531283        0.9381290023
        1.4399117879        1.4496561920       -1.6017600725
        1.5085732986       -1.2478868528       -1.5246449651
       -1.5631571577        0.6310444843        0.8666854315
        0.5951522404       -0.9664955471       -1.1620971318
        0.3247396621        1.4763337425       -0.2357000599
        0.5930415855       -1.6387885681       -0.0855570179
       -0.3546291359        1.0958911096        0.4163753148
        0.8317080206       -0.6186584838        1.3702897515
        0.7375613244        1.6105301170        1.0295811974
       -0.8000232896        1.4998079869       -0.6265376272
       -1.5571616288       -1.1144977645        1.5013304546
       -1.0451935682        0.9811219569       -0.4955310282
        0.8461954862       -0.6324401093       -0.1090099048
       -1.4564102786       -1.6875446251        1.7163859369
        1.6510410783        0.1954702261       -1.4264460312
       -1.2494490834        1.5213402193        0.6096458051
       -1.5698426618        0.3802843195       -1.6893204782
       -0.1067536840        1.7242921981        1.2997591845
        0.0722062992       -0.6095855301       -1.4542318058
       -0.9598173616       -0.0475222314       -0.9597535927
        0.9391412407       -0.7181869944        1.5934661725
       -1.1036957037        0.1710773208        0.4278285914
        0.4961859347       -0.5455394671       -0.4492186325
        0.3290329466        0.6768319877        1.1357059288
       -1.0298292967        0.9949067796        0.1797480598
       -0.0236624534        1.6998734381       -1.7215117043
        1.3044171695       -1.2705238041        0.6708244816
        0.8770833435       -1.4592635344        1.7239653151
        1.6234926662        1.6435398241       -1.1030849283
        0.2275447445        0.3447858312       -0.6957773529
       -0.0027877600       -0.3735820037       -0.4951390438
       -0.4273087657       -1.1718905209       -0.8161220482
       -0.6897084071        0.3968395606        0.1589349191
        0.3860230108       -0.7280971121       -0.1841001273
        1.4270357669        0.0921906544       -0.9712200886
        1.3268535095       -0.1504658528       -0.7070047941
       -0.9951442615        0.8692360411       -1.4617995132
       -1.0557643576       -0.6890425976        0.2611011902
        1.2791321210        1.3449598008        0.2168222803
       -0.7988582151       -1.0089225624       -0.9778283430
       -0.1995848859       -0.1028336767        1.2868851428
        0.4478395433       -0.5944876569       -1.0849918612
       -1.4541706323        1.5715354904        0.3234543246
       -0.4690377564        0.9177988150       -0.2472392695
        0.6510101243       -1.3377450635        0.8747983708
       -0.1600111458       -0.7422914697       -0.6628993665
        0.7962186560        1.3505565331       -0.6536047635
        0.2224122134        1.3761356962        0.8110759566
        0.3164280987       -1.4660501475       -1.2629928431
       -0.0854094017       -1.4628158521       -0.5981050034
       -0.2158033073        1.4279819247       -0.7610349106
        1.1777043520        1.3873824720        0.2499595464
        1.3821424006       -1.4867575803       -0.1600097214
        1.3679107884       -1.6319731935       -0.6871818439
        0.5137466101       -0.7898288328       -1.6346953319
       -0.9809863212       -1.1728137372       -0.0917943840
        1.7020521883        1.1213994625       -0.5345333638
