       -0.2663238418        1.1416813197       -0.6003418816
       -0.6308864007       -0.9425848904       -1.6319457515
        1.2366037113       -1.0111156111        0.6443437145
       -1.1602520332        0.7031602476       -0.3160366531
       -0.8769257471        0.3088364804        0.6214818683
       -0.8017858864       -0.0615180715        1.2073813131
        1.4061616994       -1.5477741517       -0.4855231036
       -1.2890535127       -1.5004292587        1.0624482002
        0.9820008001       -0.3542620610        0.5790942158
       -1.6188401866       -0.5969002563       -0.6875667372
        0.3073073118       -0.1010905356       -0.3980855481
        0.3606814394       -0.3466411278        1.5372749258
       -1.5630027971       -0.0135766322       -0.9401852974
        0.8504065076        1.1096809103        1.2613410662
       -1.4435883415        0.1922801538        0.9793903559
        0.7082176374        0.0440680949       -0.7971641379
       -0.7929313381        0.3766001488        1.7098319422
       -0.6538759639       -0.6997031882        1.4864027375
       -1.1054634817       -0.2601090123       -0.6652745646
       -1.1300398204       -0.3090636449        1.7197429229
       -0.9152489362       -0.0326805198        1.5499501080
       -1.1591957202       -1.6724175097        1.3905060783
        0.1784563038       -1.0169027067        1.2584638946
        1.6881264082        0.4464479963       -0.9279307498
        0.2073749218        1.0541986233        0.7935775935
        1.5306608771       -1.2790994090       -0.4052020881
       -1.0415460616       -0.9634990401       -1.7148720170
        1.1786537908        1.3987672807       -1.5628742993
       -0.4949855494       -0.0643306305        0.4640850680
       -0.0386447239        1.3983790983        1.4492457699
        1.0898947032        1.0935032019        0.0391994328
        1.3883837139       -0.6259937405        0.4482490218
       -1.3719528927        0.9452075732        1.5073531738
       -0.6001918667       -0.1641674300       -0.2495320625
       -0.6005798571        1.1771545227        0.6455599952
       -0.2048747892        0.9517389345        0.8325818648
       -0.9094769230       -0.8673035109        1.4465629152
        1.6969789821        1.5157353860        1.5017823301
       -1.5116040194        1.3483153367        1.5717900131
       -0.2678085776       -1.3449863863       -0.1553578887
       -0.4279600782        1.2754438434        1.1466837044
        1.0541432118       -1.4090264841       -1.0796736319
        0.5238816566        1.7269918531        0.1924914083
       -0.5285515302        0.4683665882       -0.3807714267
       -0.8851020135        1.3177815269       -1.1104707686
        0.3908559122       -1.5349604318        1.3751980926
        1.2368307177       -1.0572048460        1.6968862870
       -1.4296849449       -1.5622177281       -0.6338270800
        1.5409459046        0.8972949358       -1.2500820534
        1.0112547134       -1.7103990849        0.1694880128
       -1.7060656858       -0.8971811044       -1.7160036423
        1.2888333103        1.6035966620       -0.4662567609
       -1.4769130818       -0.0124179133       -1.3519169684
       -0.5021500404        1.0086843611        0.1293841038
        0.3115098693        0.7134991138        0.8673962028
       -0.5795268697       -0.3794774398        0.6316270272
        1.5693009899       -1.3847974099       -1.4427737303
       -0.3552482639        1.4840517213       -1.1907654373
       -0.6599199083       -0.7445711579        0.1102271470
        0.5470758478        0.9256509761       -0.5233888100
        0.0132215087        0.3605810385        0.7794727483
       -0.3527753556        0.1518160030        0.8106319126
        0.1949758471       -1.0902603909        1.6023107148
        0.1356025693        0.0641507023        0.9978703600
        0.5113930614        1.2740074796        0.3146485612
        0.9780867033       -0.0946225981        1.4536125375
       -1.4713285607        0.0937893765        0.1473634814
        1.2935591777       -1.5472844958       -0.8617711864
        0.6050495259       -0.0210967242        0.9665935235
       -1.2342786160        0.9456433387       -0.4179321802
       -0.0810663530       -1.3523168102       -0.3064809491
        1.6016559470       -0.1505899162       -1.0841946568
        0.8452507963        1.0911535730       -1.0646632499
        0.9385324204       -1.3548351724       -1.3776622063
       -0.6843990579       -0.7067051708        1.0838764507
