       -1.1218286240       -1.0607028539       -1.5788706536
       -0.2256672258       -1.6515880524       -1.6023175833
       -0.5770893834       -0.2556746785        0.3432558367
       -1.0922608986        1.3805443189       -0.2523245191
        0.3500506702        1.2570709070       -0.7578151330
        0.9296154775        0.5314079219       -0.1020897579
        0.4006981459        1.3989065782       -0.9317132889
        0.9490455802        0.8606155307        0.9189792189
       -1.6671865248        1.3716588330       -1.3873599338
        1.4481624616       -0.2180800758       -1.5659454492
       -0.1262428487        0.3201976749       -1.3544648680
        1.2152536089        0.5651973086       -0.2246666776
       -1.6781629470        1.2303766980       -0.9775412471
        0.2557489745       -1.3718406227        0.5350050724
       -1.7231195355        0.8775046331        1.2730125514
        1.5397932670        0.2190826404        0.8938707643
        1.2122803515       -1.0498330091       -0.9977284493
        0.8281983984        0.7140430182       -1.1453702232
        0.0349833737       -0.1052986986       -0.5805307554
        1.7307319160        1.5398656661        1.5902442254
        1.1108939568        0.9026978786        0.1683161955
        1.5847784864       -0.7129740956       -1.6383182081
       -1.3806630832       -0.5227695562       -1.2055563766
       -0.9659544302       -0.4904364211        1.6162203219
        0.2646775882        1.6907356378       -1.2516438517
       -1.6699161899        0.7869835989       -0.7204588333
        0.5297511831       -1.2262343768        0.0515648712
       -1.5041927615        0.4885446442       -1.7258590502
        0.6253857881        0.6982208028       -1.7164664531
        0.4019433236        1.3938437474        1.7186228667
        0.0861573178       -1.5034505122       -1.3355781679
        0.8933797001        1.4660406657        0.4242819696
        1.6831023725       -0.5359273805       -1.0363044915
        0.7701926148        0.7746399422       -1.6662530314
        1.6617641651        1.4483606646        1.7123148324
        0.4597283242        0.3161976451        0.8545398616
       -0.9172419752       -0.1301174763       -1.4001912365
       -0.0418342864        0.0458441562       -0.6672853542
        1.2796383096       -1.2807222727       -1.5902330821
       -0.1693001498       -1.2328976783       -0.5972723851
        1.4721738676        1.7073422706       -1.3162374679
        0.9445833753        0.1037755356       -1.6506692721
       -0.8336902068        0.7045373913       -0.7688999442
        1.1941075651        0.9965094328        0.4022040100
       -0.8808307219       -1.0091910755        1.6710459715
       -0.0987013890       -0.3649140553       -0.3941552832
       -0.9374908156        0.2196186132        0.1620539425
       -0.4093199935       -1.6739915965       -1.3008993447
        0.4304284489        0.2368341985        1.5609370864
        0.3333317577        1.5624209801        0.0095715550
       -0.4054970415       -0.0109576224        1.6364627437
        0.2330023971        1.7191694617        0.4453369621
       -0.2502086813       -1.3792402275        0.8156727859
        0.8567419065       -1.1861773687        0.3865740725
        1.5204509764       -0.4580539026        0.3556402887
        1.7221014206        1.4898543623        0.2248608414
       -1.1452682109        0.7524063186       -1.6389122621
       -0.5673740747       -0.0640870317        1.6847749116
       -0.6319815007       -1.5434340502        0.6095037234
        0.4632909818        1.4557935509       -0.7775300202
        1.3376548445        0.0477857826       -1.2781521592
       -0.1644801080        0.5806039013       -0.6313333886
        0.4013064500        1.1201737548       -0.6281380188
       -1.7144509774        0.6264845288        0.6545054012
       -0.7467015926        1.1913788210       -0.0545105317
       -1.3031872920       -1.2354977842        0.6765080566
       -1.5162719976        0.1516598712        1.0280792467
       -1.6356799895        0.2785517071       -1.3557571240
        1.0825850576       -1.1571980322        0.6504407685
       -0.6148500900       -1.5608593431       -0.3703449741
       -1.0092235875       -1.6022902930       -1.6867024798
        0.8532019161       -0.1782409407        0.8894063768
        1.1667682362        1.6647308040        0.8456958549
       -1.0741425623       -1.6844389662       -1.6561629452
       -1.4546674665        1.6960820109       -0.3421238323
