          38
Energy of minimum      1=    -173.9284266     first found at step      171 after                19732 function calls
LA         1.7188047870        0.0566599635        0.3214684794
LA        -1.1914198615        1.2069068141        0.4298098683
LA         1.1914198742       -1.2069065713       -0.4298102593
LA        -1.7188045920       -0.0566602464       -0.3214680573
LA        -0.1971183605        1.5535076588        0.7801280674
LA         0.1971183599       -1.5535074998       -0.7801283003
LA         1.2544574992        0.9797819951        0.7260888635
LA        -1.2544575293       -0.9797820842       -0.7260886318
LA        -0.9586177967       -0.4313966166        1.3984951270
LA         0.9586177730        0.4313965444       -1.3984950137
LA        -0.4929583151        1.0051223305       -1.3444557629
LA         1.5712444336       -0.2168663704       -0.7382418393
LA         0.4929583477       -1.0051221605        1.3444557876
LA         0.4125373864        0.9083877795        1.4371795906
LA        -0.6448014727       -1.6249016711       -0.0690371379
LA        -0.4125375916       -0.9083876576       -1.4371796076
LA        -1.3389805154        0.9333800576       -0.6299002389
LA        -1.5712441916        0.2168665787        0.7382419755
LA         0.6448015294        1.6249014773        0.0690371077
LA         1.3389802734       -0.9333803031        0.6299000380
LA        -0.0308625637        0.0864765053       -1.7471144665
LA         0.0308623445       -0.0864763208        1.7471143699
LA        -0.4965218179       -1.3500425260        0.9958365560
LA         0.4965220768        1.3500423434       -0.9958364220
LA        -0.8712363722        0.0133042401       -1.0301932834
LA         0.8712362922       -0.0133041961        1.0301932664
LA        -0.3451270625        1.2738149119       -0.2807319064
LA         0.3451269721       -1.2738149435        0.2807317290
LA        -1.1029383377       -0.7014768072        0.3346407151
LA         1.1029385457        0.7014765959       -0.3346404137
LA        -0.5768291949        0.5590338152        1.0841014092
LA         0.5768291339       -0.5590336229       -1.0841015399
LA        -0.7211793740        0.2850412650        0.0268479210
LA         0.1153944207        0.3559820457       -0.6797273616
LA         0.2620179867        0.6277715048        0.3732538168
LA         0.7211793941       -0.2850412618       -0.0268479839
LA        -0.2620180280       -0.6277715043       -0.3732538191
LA        -0.1153944534       -0.3559820630        0.6797273570
