          98
Energy of minimum      1=    -543.6653608     first found at step     6742 after               869526 function calls
LA        -1.7743647523       -0.4648458073        1.8445228024
LA         0.5205398726       -0.9113418463       -2.3801708214
LA        -2.4745525660        0.7196537798       -0.3541221591
LA        -0.5791661344       -0.9755438764       -2.3408543281
LA         2.3426268979        1.0008864560       -0.5263446799
LA         0.7704569403        1.6218260082       -1.8822305958
LA         0.6452659900       -2.2657101749       -1.1031343958
LA         0.9344475859        1.2748623315        2.0659748141
LA         1.0932563969       -1.8833694520        1.4228231355
LA         1.6171560039       -1.9852996251        0.4583749692
LA        -1.3387195707       -2.1578667462        0.5640527340
LA         1.3680478179        0.7197009119       -2.0921741103
LA        -1.0857124279        1.5134604857       -1.8158691811
LA        -1.0005473154        1.9663920925        1.3780140678
LA         0.8607567023        2.0750573846        1.3114694106
LA         1.9431090751       -0.2478145776        1.7116164653
LA        -1.5878271247        0.5471333325       -1.9864958931
LA         2.4670087394       -0.3497447185        0.7471682128
LA        -2.3501708798       -0.6309770314        0.9193912212
LA        -0.4544399856       -2.3299122323       -1.0638178148
LA         1.7450363161        1.9030115959       -0.3164012304
LA        -0.7629133276       -1.9917350602        1.4891841033
LA        -0.9268567258        1.1661968055        2.1325191769
LA        -1.9724381476        1.6859808991       -0.1834947463
LA         1.1234982029       -1.3796027830       -1.5728769116
LA         1.9809188505        0.2705167681       -1.2815119677
LA        -1.0646236348       -1.5073479971       -1.4946475874
LA        -2.0850822890        0.0331385776       -1.1361449295
LA         0.7918721931        2.0655055287       -0.8637806207
LA        -0.8135451264       -1.0027321118        1.9930288641
LA        -1.0860081109        1.9558723723       -0.7966430753
LA         1.0643346744       -0.8930988544        1.9258914252
LA         2.1067557546       -1.0959123329        0.0068966064
LA        -0.1027499191        2.2395628898        0.7831296676
LA        -1.9592459229       -1.3332899590        0.1522636336
LA         0.0438754630        0.6473876753        2.2843942487
LA         1.7538192151        1.6573393826        0.7775370829
LA        -0.6505092932        0.1384141204       -2.4464055514
LA         0.1710885965       -2.3349880855        0.9725114488
LA         1.8278485940        0.8534722021        1.5355047776
LA         0.4542432892        0.2029107132       -2.4859025323
LA        -1.8747318980        1.4455000174        0.9072643423
LA        -0.4073600725       -2.5018825156        0.0431343316
LA         0.6973925486       -2.4373857749        0.0036373397
LA        -0.1460902253        1.1091759330       -2.2749959702
LA        -1.8007029636        0.6416322643        1.6652314917
LA        -2.3791511578        0.4747386459        0.7358539541
LA         2.3541526514        0.7510743181        0.5666304536
LA         0.0949920962       -0.4024644382        1.9997811580
LA        -0.1279453448        2.0183581508       -0.2828161317
LA         1.6799413517       -0.7108318902       -0.9179544560
LA        -1.6469879215       -0.9050621360       -0.7990107250
LA        -1.0262798751       -1.6920340801       -0.3786614294
LA        -0.1363983131        1.5597401447       -1.2681562548
LA         2.0068188723        0.0160529741       -0.1789775671
LA         0.9526980554        0.2211428081        1.7615554353
LA         1.1864004379       -1.5628550810       -0.4577686598
LA         0.1322795553       -1.3577655164        1.4827639931
LA        -0.8441409819        0.1162407719        1.8257953252
LA        -1.1466859679       -0.3845735804       -1.6114680889
LA        -0.9924124491        1.7262857478        0.3076815577
LA        -2.0027000812       -0.2180276219       -0.0356301707
LA         1.0659941736       -0.2553945695       -1.6905754307
LA         0.8044266302        1.8311876471        0.2434414403
LA         1.3781657065        1.1610777306       -1.0662790402
LA         0.0292625528       -1.4349068186       -1.5246577211
LA        -1.5761331938        0.9886020823       -0.9606574066
LA        -1.3781657959       -1.1610776056        1.0662789183
LA         1.5761332439       -0.9886020515        0.9606573992
LA        -0.0292624445        1.4349066786        1.5246574109
LA         0.0799124756       -1.6218801782       -0.4132664310
LA        -0.4424762160       -1.5202442865        0.5483995062
LA         1.4003940472        0.9194068692        0.0354542367
LA         1.4738727117        0.1215201409        0.7877829719
LA        -0.6362726023        0.5841418537       -1.4358294009
LA         0.6540573950       -1.4562273188        0.5091966342
LA         0.4602608668        0.6481588377       -1.4750324838
LA        -0.9175124808        0.9162180494        1.0613130310
LA        -1.4916573698        0.7505652897        0.1388499947
LA        -0.0404053047       -0.3153809487       -1.6451668539
LA         0.8780054480        1.0210428410        0.9971203307
LA        -1.4181788304       -0.0473214948        0.8911786806
LA         0.0206968212        0.3913138409        1.2179041957
LA         0.6072960481       -0.4942175895        1.0118229012
LA        -0.6181850085        1.0281721047       -0.4444704929
LA        -1.0478003921       -0.7233168687        0.1255856208
LA         0.5658107955       -0.7591906601       -0.8604264410
LA         0.4612930645        1.0911934830       -0.4830637622
LA        -0.4721820290       -0.5572389372        1.0504160310
LA         1.0586895119        0.1893622525       -0.6929383266
LA        -0.0529703477        1.1912484219        0.4636445820
LA        -1.1201362337        0.0621595773       -0.6150414231
LA        -0.5335370015       -0.8233720157       -0.8211227192
LA         1.1310253171       -0.5961142446        0.0476887691
LA         0.0416925814       -0.6577053827        0.0921587557
LA        -0.5474282224        0.2316326661        0.2991259371
LA         0.5366900373        0.2949249147        0.2603668666
LA        -0.0309541896        0.1311475062       -0.6516519451
          98
Energy of minimum      2=    -541.8949591     first found at step     5021 after               646262 function calls
LA         2.5968172980        0.4326134740       -0.7593401694
LA        -1.0493478114        1.8895882002        1.5532801384
LA        -0.3754234319       -2.1087697702        1.5800315083
LA         1.7559136259       -0.2535069229        1.9511726148
LA         1.5715336853        0.8404096363        1.9438534110
LA        -0.9565751206       -1.2712372761        2.0188908898
LA        -1.3248335832        0.9136224868        2.0042728324
LA        -0.6240520853       -2.5024528713        0.5749031966
LA        -1.4110756855        2.1669153853        0.5436623212
LA         1.0237666107        2.2326966965        0.9093119463
LA         1.6970331230       -1.7617586121        0.9360372988
LA        -1.8169906954        1.5173405966       -1.1026649150
LA        -1.2168453292       -2.0432898890       -1.0788423846
LA        -1.8560601255        0.5972607981       -1.7197014747
LA        -1.5539816239       -1.1949552127       -1.7077105280
LA         1.4492419019       -2.1575969045       -0.0694565834
LA         0.6621242850        2.5123297733       -0.1007013800
LA         0.8563254731       -1.6989572848       -1.7264435644
LA         0.2559285065        1.8631664982       -1.7502759656
LA         0.2167944468        0.9428751754       -2.3672204969
LA         0.5190585816       -0.8504428788       -2.3552222558
LA         0.5303038393        0.6670541622        2.2643480252
LA         0.7146837317       -0.4268615791        2.2716671450
LA        -2.0599549282        1.4747870223       -0.0237489215
LA        -1.4627003511       -2.0686908615       -0.0000412052
LA        -2.1387215019       -0.3689182797       -1.2609378573
LA         2.1479703937       -0.7580728764        1.0466472592
LA         1.7785309347        1.4337929557        1.0319819484
LA         1.6523604906       -1.5527163254       -0.9724392874
LA         1.0542658274        1.9957471663       -0.9961804891
LA         0.9758349580        0.1495290780       -2.2341996285
LA        -1.8072437853       -0.8529230842        1.4455387340
LA        -1.9901360917        0.2321679617        1.4382789448
LA        -2.3976718619       -0.4053686668       -0.1853845537
LA        -2.0601944634       -1.2492768430        0.4432653457
LA        -2.3568288972        0.5106386647        0.4314907397
LA         0.6591476840       -1.9328039054        1.2532802838
LA        -0.0135394510        2.0582134494        1.2265777327
LA        -1.1348295935       -0.1777560059        2.0207317404
LA        -0.3731219819        2.3357669978        0.2229418289
LA         0.4126068484       -2.3259196630        0.2541315115
LA        -0.8182348349        0.7707978610       -2.0393479555
LA        -0.5159105351       -1.0228767464       -2.0273472216
LA        -0.7793942940        1.6854322549       -1.4263122070
LA        -0.1807666182       -1.8661942428       -1.4025498832
LA         2.1816368212        0.9311889666        0.1369184420
LA         2.3660285084       -0.1627977695        0.1442380632
LA         2.1189517986       -0.5594253763       -0.8637799393
LA         1.8204165251        1.2117688186       -0.8756300979
LA         1.7812981126        0.2902439925       -1.4937557905
LA        -1.2135462100       -1.6741373505        1.0093952339
LA        -1.6974546899        1.1968657304        0.9901867003
LA        -1.8025334243       -1.2205004742       -0.6312842872
LA        -2.1016140505        0.5539286913       -0.6431560713
LA         1.9655977820        0.3382665385        1.0409401286
LA         1.9035776882       -1.1562627539        0.0363234241
LA         1.4193390196        1.7166986268        0.0171015588
LA         1.0172659274        1.0740568943       -1.6173174621
LA         1.3166602808       -0.7022353411       -1.6054329895
LA        -0.2961832735        1.0825477392        1.6674904746
LA         0.0713539917       -1.0980318441        1.6820803343
LA         1.1050005505       -0.9258890447        1.3598161830
LA         0.7374886861        1.2545397367        1.3452274669
LA        -0.4222298003       -1.8874916608       -0.3237485721
LA        -1.0168642396        1.6404418193       -0.3473524382
LA        -1.0951271228       -0.1951394758       -1.5776894584
LA         0.6120141262       -1.7151257132       -0.6458339137
LA         0.0174449453        1.8124209040       -0.6694351118
LA        -0.0606083701       -0.0229273250       -1.8999493627
LA        -0.1130407663       -0.0078099689        1.6804012667
LA        -1.5963497068       -0.2654178103        0.5451639389
LA         0.9223739750        0.1645353358        1.3554564872
LA        -0.1755238873       -1.4941734245        0.6791585692
LA        -0.6570676622        1.3628000744        0.6600436218
LA         0.8608234015       -1.3211379125        0.3566133351
LA         0.3794490140        1.5348302315        0.3375051687
LA        -0.7597539616       -1.0419153869       -0.9508804274
LA        -1.0572079078        0.7228631868       -0.9626878035
LA         0.2772786178       -0.8694698265       -1.2741951691
LA        -0.0202353985        0.8956651609       -1.2860049221
LA         1.5316683197        0.2552967999       -0.4283750249
LA        -0.9457974966        0.4052986245        1.1006608714
LA        -0.7631129464       -0.6785593244        1.1079126282
LA        -1.0092299222       -1.0728475732        0.1120877309
LA        -1.3053711831        0.6841420584        0.1003325891
LA        -1.3445517789       -0.2300526301       -0.5123756138
LA         1.3155146170       -0.3327068141        0.4632117377
LA         1.1327686824        0.7515153147        0.4559574805
LA         1.0704279176       -0.7258838043       -0.5355088348
LA         0.7745390329        1.0296087846       -0.5472540692
LA         0.7357307515        0.1162473268       -1.1598668182
LA         0.0929131549        0.5771456129        0.7771209080
LA         0.2752492114       -0.5046444635        0.7843588625
LA         0.0304102062       -0.8972617246       -0.2114800329
LA        -0.2649053258        0.8548290019       -0.2232024923
LA        -0.3036803784       -0.0567697353       -0.8346471788
LA        -0.5542704059       -0.0919578301        0.2189211557
LA         0.4872306784        0.0814267943       -0.1040089486
          98
Energy of minimum      3=    -541.4097715     first found at step     5033 after               647815 function calls
LA        -0.9101557117       -2.1317924537        1.3246419834
LA        -2.7674312418       -0.0469869327        0.5708416714
LA         2.7184992921        0.0084384871       -0.4258900764
LA        -0.8789123770        1.8957569975        1.6389383137
LA        -1.0845577593       -2.4024796840        0.2590666770
LA         1.4633637776        0.3683944021        2.1834980294
LA         1.4534208552       -0.7380259991        2.0976415477
LA         1.0771416513       -2.3815552685       -0.1298138329
LA        -1.3603435964        0.9449970917        1.9572267182
LA         1.2850484170        1.9177397023        1.2467414785
LA        -1.0648064664        2.3182933046        0.6317865486
LA         1.2573937279       -2.1213260009        0.9331751855
LA         0.7733269978       -1.6870058207       -1.7830761351
LA        -1.5033447147       -0.7602736421       -1.9633224175
LA        -1.3901938619       -1.7057168311       -1.3958965598
LA        -1.3760454447        1.8940500838       -1.1073722765
LA         0.6685786663        1.0706762553       -2.2102519948
LA         1.0983409909        2.3405324173        0.2390985818
LA         0.7877564900        1.9141786036       -1.5009754877
LA         0.6606495802       -0.7422210293       -2.3521430549
LA        -1.4950252142        1.0516700015       -1.8178016870
LA         0.3676827411       -0.7453984949        2.2899839942
LA         0.3780063010        0.3605808097        2.3766347917
LA        -1.3616285867       -0.1659219028        1.8784430289
LA        -1.7630094841       -1.7810384931       -0.3577963337
LA         1.8743735290        0.9886119963        1.3635344927
LA        -1.7479289929        1.8056156416       -0.0686403936
LA         1.4859369173       -1.7496478814       -0.9394676095
LA         1.8563485832       -1.2287490602        1.1920392332
LA        -1.9891106093        0.1166219558       -1.4953717164
LA         1.2615925945        0.1458225776       -2.0819061263
LA         1.5015360123        1.8378251869       -0.6592719000
LA        -2.0627003854       -0.6570459254        1.1753897322
LA         0.1736779029       -2.1251742344        1.1236021666
LA         0.2024000399        1.9070613358        1.4356014980
LA        -0.0031687527       -2.3875094456        0.0664124846
LA         0.0168081540        2.3261553219        0.4344768659
LA        -0.3080927543       -1.6913735910       -1.5881871941
LA        -0.4122910809        1.0609456894       -2.0097438518
LA        -0.4204052873       -0.7520953275       -2.1531653854
LA        -0.2940083965        1.8988781308       -1.3045073554
LA        -2.0579859337        0.4481498710        1.2609584765
LA        -2.2625798687       -0.9107027997        0.1033900393
LA        -2.2531838205        0.8783993628        0.2503098177
LA        -2.3760849044        0.0362600359       -0.4643941562
LA         2.2898634138        0.4973727086        0.4684685472
LA         2.0962410557       -0.8691639052       -0.6806800265
LA         2.2829506399       -0.6093562620        0.3832012225
LA         2.1044033282        0.9216243147       -0.5414188594
LA         1.9846891177        0.0771769377       -1.2515478389
LA        -1.5774951941       -1.5214724474        0.7068077492
LA        -0.3199782891       -1.2359585356        1.5776730956
LA        -1.5619593116        1.3803893203        0.9444168809
LA         1.8700975965       -0.1203206718        1.2795853359
LA        -1.8797582592       -0.8327267571       -0.9274540584
LA         1.6759494819       -1.4908511049        0.1262998315
LA        -1.8719460914        0.9623185349       -0.7823679666
LA         1.6909848553        1.4147437806        0.3519262352
LA         1.3763839080       -0.8026852776       -1.5125051331
LA         1.3840134399        0.9930068883       -1.3722241736
LA        -0.2884865312        0.9644924346        1.7416591915
LA         0.7679206096       -1.2302956140        1.3780502045
LA         0.7886714074        0.9741035361        1.5473860430
LA        -0.6773594856       -1.7602155621       -0.5485105537
LA        -0.6623851256        1.8067258429       -0.2658324976
LA         0.4017154283       -1.7493465108       -0.7410888799
LA        -0.9014351348        0.1256452075       -1.6815883111
LA         0.4170974269        1.8169835530       -0.4615221930
LA         0.1783643495        0.1350675663       -1.8761044303
LA        -0.2944713941       -0.1342382549        1.6605329521
LA        -0.9821065258       -0.6354329594        0.9592528957
LA        -0.4906982750       -1.5015572233        0.5088377233
LA         0.7833646792       -0.1279705024        1.4648821015
LA        -1.6615634727       -0.0339159662        0.3606204356
LA        -0.4774092306        1.3860748755        0.7383746762
LA         0.5898607174       -1.4910310869        0.3173693546
LA         0.6045432329        1.3968077924        0.5429663537
LA        -0.7910626515       -0.8173832975       -1.1159876271
LA        -0.7836600342        0.9665565885       -0.9737369109
LA         0.2915804191       -0.8076250947       -1.3100123315
LA         0.2990780703        0.9767047869       -1.1697111525
LA         1.6068931858       -0.0014897136       -0.2270435106
LA        -0.9734741294        0.4607251648        1.0453980513
LA        -1.1680083666       -0.8920188370       -0.0946333184
LA        -1.1600993615        0.8828189927        0.0489063449
LA         1.1956110810        0.4834910039        0.6569352131
LA         1.1878795337       -0.6131586306        0.5724584879
LA        -1.2798348151        0.0463443321       -0.6566879638
LA         1.0032239134       -0.8712810963       -0.4820975125
LA         0.8922892987        0.0665421826       -1.0473545342
LA         1.0110487240        0.9035634149       -0.3432571032
LA         0.1023614354       -0.6217330699        0.7651931860
LA         0.1109524750        0.4729298712        0.8482296909
LA        -0.0820621096       -0.8792085281       -0.2876964658
LA        -0.0743635146        0.8916373480       -0.1478661561
LA        -0.1931213369        0.0564475689       -0.8507829422
LA        -0.5709274069       -0.0219571771        0.1621019588
LA         0.5167452467       -0.0115149058       -0.0322591235
          98
Energy of minimum      4=    -541.4064516     first found at step     6544 after               848606 function calls
LA        -1.2894891185        0.1040679549        2.5333051761
LA         0.0459376237       -2.1331033697        1.5015325608
LA         1.9648489785       -1.1576313213        1.2901799119
LA         0.1233184185       -2.4106958141       -1.0483085079
LA         1.2796383414       -0.8573597878        2.1005824788
LA        -0.9080110895       -2.0995240190       -1.2864926943
LA         2.6162683918        0.1113625969        0.0996969325
LA         0.7813384150       -1.1384620410       -2.2426998219
LA         2.3211830317        1.1682846736        0.2063656930
LA         1.7310348572        1.1795937594       -1.5636759857
LA        -0.7453460461        0.9583312577       -2.3014666806
LA        -0.0083978165        1.7042638310       -1.9610972307
LA        -0.2494550501       -0.8256039511       -2.4785594345
LA        -1.9000211719        1.4743745104       -0.9318513242
LA        -1.1628637008        2.2202961301       -0.5912770135
LA         2.0246760790        0.1219524284       -1.6693094290
LA         1.1638676889        1.6769698674        1.5783701199
LA        -2.0578134176       -1.5819579853        0.0901809864
LA        -2.5554185291        0.2063706693        0.2694321327
LA        -0.5808332094        2.2032660410        1.1817204787
LA        -1.7096079987       -1.5804341201        1.1375435289
LA         0.7693049895        0.9226151346        2.2812145483
LA         1.5668922749       -1.7689094224        0.4471063060
LA        -0.1682488342       -2.5550676222        0.0266440117
LA        -2.1991522340        0.2006456878        1.3176887111
LA        -0.9709219457        1.4424130601        1.8850118563
LA        -0.8588872204       -2.2467613958        0.8385263094
LA         0.9713294802       -1.7561178640       -1.3374323299
LA         0.2121626646       -1.1705964051        2.0542147755
LA         2.2307492440       -0.4805940880       -0.7588860213
LA        -1.0800807839       -1.1339229700       -1.8075697431
LA         1.6452029298        1.6237704660       -0.5483785389
LA        -1.5807903723        0.6701709383       -1.6280446739
LA        -1.2021510042       -2.2407307649       -0.2142042907
LA        -0.1141176659        2.1542473311       -0.9504847204
LA        -2.2442088411       -0.6119071092       -0.4170657151
LA         0.4756154975        2.1393995859        0.8396276110
LA         1.9744773079        0.9711799087        1.2546342909
LA         2.2710607197       -0.0895221835        1.1478264874
LA         1.1194737739       -0.0705439305       -2.3021771787
LA         1.5839078246        0.2147088900        1.9636703594
LA        -1.4271992931        1.9986108103        0.4747385288
LA         0.0842089804        0.2427795211       -2.5377326500
LA         0.8245405159        0.9921316229       -2.1963669322
LA        -2.1674620361        1.2495927731        0.1327050880
LA        -1.8160283138        1.2416052716        1.1817633813
LA        -1.5429505125       -0.6170044079        1.6699021328
LA        -0.3074132773        0.6321669071        2.2403678252
LA         1.5380439678       -1.2914554839       -0.5325826680
LA        -1.5818881799       -0.3488184906       -1.2434920531
LA         0.6488323774        1.9083410370       -0.2128984391
LA         0.8884740749       -1.4548683976        1.2414018707
LA         0.6920233889       -1.9182743988       -0.2442529840
LA        -0.5170298771       -0.3757061532        1.9079959549
LA         1.8963109052       -0.6911061638        0.3005479399
LA        -1.3863997960       -1.2843898490       -0.7276465232
LA        -0.6774013766       -1.3044343719        1.3759193059
LA         1.3248404087       -0.6816367339       -1.4070629492
LA         1.3026781513        1.4361035448        0.5150093641
LA        -0.0537648049       -1.4364524070       -1.5649420357
LA        -0.3814399270        1.9460434475        0.1293627413
LA         0.7331097083        1.4467688033       -1.1947486328
LA        -0.7497349397       -0.0544587212       -1.8795295324
LA        -1.8665161333        0.4432767386       -0.5566589308
LA         1.9272740001        0.5685425676       -0.6503166809
LA         0.5228029004       -0.0836526740        1.9323813223
LA        -0.8420554483        1.4036339241       -1.2822009730
LA        -1.8837531614       -0.6128740175        0.6206711856
LA         0.0865970149        1.3793054429        1.5312249246
LA        -1.1518394870        0.4314304020        1.5174102576
LA         0.0050600099       -1.6029334855        0.5532141658
LA        -0.3476677369       -1.5930151121       -0.4873716657
LA        -1.0260246976       -1.2899679950        0.3216032173
LA         1.2067801248       -0.3802145032        1.1118801675
LA         0.9123344454        0.6721116771        1.2177437144
LA         1.0224104784        0.3809890650       -1.2987685242
LA         1.5924667325        0.3704179725        0.4083308692
LA         0.2878252481       -0.3637782935       -1.6370694324
LA        -0.0055403054        0.6909874640       -1.5322733419
LA        -1.1193725727        1.1891589703       -0.2116820942
LA        -0.7696220921        1.1840440045        0.8279259402
LA        -1.5069979255        0.4378377995        0.4872812089
LA         0.8397896497       -0.9626144250        0.2709422549
LA         0.1589589083       -0.6641161408        1.0803546384
LA         0.4954748424       -0.9620403132       -0.7529225558
LA         1.2193860203       -0.2259912892       -0.4209731737
LA        -0.5359094162       -0.6482762134       -0.9886045760
LA        -1.2051039704       -0.3500732590       -0.1928972690
LA         0.9250842906        0.8307849201       -0.3142234313
LA         0.2558146238        1.1285796210        0.4820643717
LA        -0.8245509333        0.3896643138       -0.8845164100
LA        -0.0872561065        1.1357010611       -0.5439293477
LA        -0.8533710421       -0.3612258272        0.8495393204
LA        -0.1279488024        0.3736443588        1.1842375722
LA        -0.1833523527       -0.6564129342        0.0441547382
LA         0.5434770179        0.0803451450        0.3795999585
LA         0.1985271322        0.0862224228       -0.6500577000
LA        -0.4740038832        0.3861318948        0.1493536129
          98
Energy of minimum      5=    -541.4024268     first found at step     4845 after               627519 function calls
LA         1.8279967051       -1.8936836386       -0.1688084475
LA         1.8902173595        0.0254636251        1.8400699010
LA        -0.1444112733       -2.5809453371        0.5078143904
LA         1.1209086842       -1.5286469766       -1.8198913067
LA         1.5297683390        1.0730721777        1.8496716152
LA        -0.0748693036       -0.6658726781        2.5392525101
LA         0.0850994309       -2.1548325182        1.5057099138
LA        -1.3415084928       -1.4209755265       -1.7296629873
LA        -1.2412143562        1.6744726298        1.5584248013
LA        -2.0218023526        1.2072901905       -1.0812289234
LA         0.2923562776        2.5841259958       -0.1440714722
LA         0.0404137682        0.9770651279       -2.4133451052
LA        -0.4356241853        0.3831509823        2.5534241055
LA        -0.8515037131       -2.2086560479       -1.1232267046
LA         0.6299503055       -0.7427269384       -2.4295418174
LA        -1.9294541185        0.2981888474       -1.7090526121
LA        -1.6744615904        1.9001826625        0.5629999828
LA         0.7251709227        2.3601076450        0.8518616138
LA        -0.0531183652        1.8873027113       -1.7871871394
LA         2.3257715058       -0.4125937254        0.9191252127
LA         1.0738584440       -1.8086898541        1.1472961814
LA         1.9034288739       -1.2613687392       -1.0827042636
LA        -1.0575498944       -2.2828690494       -0.0381098764
LA         1.6055421614        1.6956555982        0.9388423280
LA        -0.6240724264       -1.4383289946        1.9698203986
LA         0.9231696530        0.3172185600       -2.3102540015
LA         0.7369939477        2.1432979210       -1.0566323519
LA        -1.3501645395        0.6646805990        1.9980920442
LA        -2.2204394142        1.1173361034        0.0037563179
LA        -2.0373674136       -0.7044771015       -1.2540196204
LA         2.4166084798        0.2242337021        0.0148406800
LA         0.8361642353       -2.2373209107        0.1577430083
LA         2.2062984860       -0.2013974021       -0.9805851909
LA         1.6273819748        1.4919624193       -0.9679960578
LA         2.0584644831        1.2689540114        0.0239174238
LA         1.7202011027        0.5832381514       -1.5900661784
LA        -1.5505398330       -1.1560172386        1.4316482080
LA        -1.9106118888       -0.1118576650        1.4440880945
LA        -2.3432366354        0.1135031960        0.4531603053
LA        -1.7639858261       -1.5754641097        0.4334424684
LA        -2.2522744380       -0.7915983328       -0.1717444220
LA         0.9054258408       -0.3180328752        2.1856645542
LA         0.5472733804        0.7243645902        2.1986297295
LA        -0.3545058828       -1.0818245230       -2.0759036626
LA         0.1331729603       -1.8636509389       -1.4716581956
LA        -0.6891942121        2.2387235029        0.2113668744
LA        -1.0359375098        1.5432444624       -1.4336857668
LA        -0.2589713967        2.0153100962        1.2009951632
LA        -0.9435141802        0.6392568546       -2.0569496652
LA         2.1162427079       -0.8361620386       -0.0776498447
LA         1.9690357754        0.6451498863        0.9303828011
LA         1.4158329557       -0.4719757378       -1.7011254295
LA        -0.8406524425       -1.8623994869        0.9685750820
LA        -0.9896567215       -0.3867826359        1.9874650096
LA         1.1723060321        1.9221974701       -0.0587816947
LA        -2.1311401797        0.2068728659       -0.6263238276
LA        -1.7873046971        0.8924331658        1.0021302513
LA         0.8309366954        1.2317782689       -1.6856571389
LA        -1.5478428708       -1.4952795583       -0.6468057877
LA         1.3393805660       -0.7453734538        1.2603661394
LA         0.3589498447       -1.0887504196        1.6099578919
LA         0.9132123249       -1.5924972049       -0.7341645538
LA        -0.0718359427       -1.9314485760       -0.3878646233
LA         0.6170426369        1.3464044272        1.2857522606
LA        -0.0633899997       -0.0229325381       -1.9496207908
LA        -0.2475202517        1.7930723805       -0.7001708839
LA        -0.3636104483        1.0035920139        1.6374803788
LA        -1.0462697996       -0.3616634258       -1.5989477859
LA        -1.2291702869        1.4525724707       -0.3478361360
LA         1.1254091783       -1.1669631196        0.2632994683
LA         1.5028873119        0.5011020876       -0.5222416153
LA        -1.4618996658       -0.5293422969        0.5383620341
LA         0.1434117494       -1.5115882999        0.6123578773
LA         0.9779473960        0.3016395150        1.2751345619
LA        -0.0049822470       -0.0425084381        1.6262421805
LA         0.4262054079       -0.8076137605       -1.3435909443
LA        -0.5592044460       -1.1475626841       -0.9936391310
LA         0.1855697654        1.5710950492        0.2925784484
LA        -0.7978599183        1.2286413190        0.6455173255
LA        -1.1391506525        0.5454903911       -0.9737145637
LA        -0.1545597720        0.8859295952       -1.3259312039
LA         1.4157746231       -0.1162194336        0.3668815399
LA         1.2070912301       -0.5414658545       -0.6267218745
LA         1.0594622085        0.9220758021        0.3786153934
LA        -0.5542666054       -0.8070430680        1.0717047840
LA         0.7210636497        0.2385907789       -1.2319300669
LA        -0.7667062640       -1.2265810335        0.0767450330
LA         0.6293047281        1.1434428609       -0.6101426191
LA        -0.9126555054        0.2342274734        1.0847326514
LA        -1.3440519526        0.4581844769        0.0964328339
LA        -1.2532341306       -0.4447592973       -0.5265235578
LA         0.4295902751       -0.4611652668        0.7175886955
LA         0.2190949328       -0.8817420658       -0.2752158250
LA        -0.2657854258       -0.1025905781       -0.8774467436
LA         0.0731561936        0.5767623094        0.7297017263
LA        -0.3567838090        0.7990688153       -0.2563373168
LA         0.5132806787        0.1580366273       -0.1692263501
LA        -0.4739589123       -0.1855210201        0.1842738831
