          38
Energy of minimum      1=    -173.9284266     first found at step      114 after                21807 function calls
LA         0.3450764163        1.3194649699        1.0957990355
LA        -1.2643991582        0.3622257717       -1.1536587324
LA        -0.2078127148       -1.5398939348        0.8039787380
LA        -0.5120863731        0.1453123896        1.6665811362
LA         1.5106889841        0.8141316109       -0.3403662352
LA         0.2078125508        1.5398938753       -0.8039787341
LA        -1.3477011673        1.0928346800        0.2241751704
LA         1.3477013245       -1.0928346785       -0.2241748790
LA        -0.3450762272       -1.3194649948       -1.0957990019
LA         1.2643990594       -0.3622257726        1.1536586325
LA        -1.5106889414       -0.8141314654        0.3403661909
LA         0.8774690391       -1.3146063442        0.7501328545
LA         0.5120864427       -0.1453124737       -1.6665810086
LA        -0.5679328904       -0.3695078516       -1.6129963890
LA         1.7346315317       -0.1404542206        0.1793509990
LA        -0.9009019373       -0.8117084763        1.2610890417
LA         0.8175998205        1.5423171989        0.1167439763
LA        -0.7349428891        1.0952697454        1.1493841657
LA         0.5679328808        0.3695077674        1.6129962153
LA        -0.8175998422       -1.5423171415       -0.1167440557
LA         0.9009018593        0.8117084616       -1.2610890312
LA         0.7349430799       -1.0952697151       -1.1493838610
LA        -1.7346313929        0.1404543237       -0.1793509431
LA        -0.8774691117        1.3146062830       -0.7501326650
LA        -1.0358571447       -0.5880738221       -0.6337955790
LA        -0.1807675554        0.5832388743       -1.2031970717
LA         1.1189578480       -0.1407680459       -0.7407057399
LA        -1.1189577404        0.1407680672        0.7407058758
LA         0.2638681570       -1.3120807345       -0.1713041600
LA        -0.2638681012        1.3120807278        0.1713043258
LA         1.0358569723        0.5880738188        0.6337953243
LA         0.1807674250       -0.5832388809        1.2031967923
LA         0.0413865370       -0.3629847781       -0.6845422600
LA        -0.6473016092        0.3605767885       -0.2303343193
LA        -0.4258599522       -0.5833483066        0.2835787167
LA         0.6473015657       -0.3605768505        0.2303341859
LA         0.4258598432        0.5833483156       -0.2835788781
LA        -0.0413865886        0.3629848184        0.6845421676
