          98
Energy of minimum      1=    -543.6653608     first found at step    57060 after              7701766 function calls
LA         1.3087443674       -0.2763523666       -2.2310388071
LA         1.6123510528       -1.2716398155        1.5968634245
LA         1.4797453374        0.5215239533        2.0748692504
LA         1.1757718123        1.5217727774       -1.7517094307
LA         1.9670062522        1.3792639249       -0.9976138889
LA        -1.9861975902        1.1457696700       -1.2283917457
LA         1.9228968586       -1.7424815813       -0.1814955172
LA        -0.3087589559       -2.1436303164       -1.4409138487
LA        -0.4694237950        2.2318513708       -1.2510783719
LA         0.7162025663       -1.9133242447        1.6102672764
LA        -1.9585058974       -1.4315866904       -0.9388982026
LA        -0.9289933630       -1.2032454866        2.1108974213
LA        -0.2038442807       -1.3594380192       -2.2084139106
LA        -0.6529018341        2.5100365616       -0.2003788522
LA        -2.3467581801        0.1003340549        1.1177544185
LA        -1.8535915367       -0.6473942531       -1.7063979412
LA         1.6573177963        1.8488065939        0.7758390006
LA        -2.2681947252       -0.9620435958        0.8345543711
LA         1.0267484703       -2.3841661439       -0.1680919054
LA         0.6826055434        2.2694999416        1.0724429669
LA         0.5050329200        0.9422170497        2.3714730602
LA        -1.0075569421       -0.1408678061        2.3940972432
LA        -2.1696755380        1.4239550799       -0.1776923505
LA         2.0999787061       -0.4188610095       -1.4769430035
LA         0.6716653818        0.6329528802       -2.1880880834
LA         1.9327004310        0.8244338264        1.1065575215
LA         2.0668573641       -0.9897032103        0.6229607796
LA        -0.9927727282        1.3513367499       -1.6816015906
LA        -1.0673671044       -2.0231349070       -0.6380783906
LA         0.2837607188       -2.2664844010        0.6496308542
LA        -0.0067175020        1.6615015427        1.6967201419
LA        -1.5369988430        0.5657487022        1.7196090004
LA        -0.8586154442       -0.4628010734       -2.1651989162
LA         2.2460110500        0.3493989740       -0.6876385037
LA        -1.3578450397        1.9048511833        0.4090107294
LA        -1.3806780999       -1.5480999690        1.1561166602
LA         0.1041820402       -0.0926197360        2.5313608866
LA         1.6887660387       -1.4331348773       -1.2334559172
LA         0.7885048094       -2.0777638732       -1.2199907193
LA         0.4503540686        2.4948747168       -0.0010553383
LA         0.6346739774        2.2154129472       -1.0565766847
LA        -2.4276225038       -0.6896583531       -0.2413274485
LA        -2.5065468413        0.3775947967        0.0431720826
LA         0.1831062763       -1.1598728098        2.2468616024
LA         1.4295396006        2.0722505813       -0.2990205997
LA        -2.3222268223        0.0981328698       -1.0123492933
LA         0.8939009591       -1.2899725073       -1.9910127955
LA         1.0833674020       -0.5152435441        2.2333959506
LA        -0.9353850259        1.3320780061        1.2331862440
LA        -0.6977066750       -1.8819230875        0.3764250205
LA         2.0134026912        0.0593584666        0.3358736892
LA        -0.3803107697        0.4904866853       -1.9454849350
LA         1.8442690777       -0.6799628671       -0.4426472003
LA         1.7159015140        1.0558847121        0.0200801443
LA        -1.3403550148        0.2941547627       -1.4753085843
LA         0.2522537368       -0.3932274023       -1.9599375480
LA         0.0411595792       -1.9710739976       -0.4156772144
LA        -0.2452834927        1.9023474342        0.6168666582
LA        -0.2586304995       -1.5165393454        1.3010891680
LA        -1.7095249553        0.8538820866        0.6387678156
LA        -0.4167059349        0.6210341227        1.8709053638
LA         0.1238862099        1.3426205952       -1.4972097233
LA        -1.5514493663       -1.2836916090        0.0689514588
LA         1.5444790622       -0.2254283384        1.2741193283
LA         1.1683322645       -1.6184293050        0.6325187679
LA         1.4501784597        0.4882601957       -1.4293281429
LA        -0.9572748306       -1.2355896871       -1.3933185139
LA         0.9572750198        1.2355892758        1.3933185105
LA        -1.1683320649        1.6184293963       -0.6325183196
LA        -1.4501786088       -0.4882600098        1.4293274783
LA         1.0430762876       -0.5376870378       -1.1960582691
LA         0.9384647274       -1.3196173091       -0.4307720987
LA         0.7318544404        1.4742674475        0.3139978148
LA         0.1495129386       -1.1775204382       -1.1826928139
LA         0.9148031408        1.1968846901       -0.7336709303
LA        -1.4419251306       -0.4906434740       -0.6984201617
LA        -1.5202622634        0.5686696718       -0.4160374476
LA        -0.0570974814        1.6163645231       -0.4379224892
LA         0.5605579732        0.1938962717        1.5671148833
LA        -1.6248740041       -0.2132604928        0.3492484767
LA         0.6388950693       -0.8654168617        1.2847322637
LA        -0.3330055670       -0.4459370880        1.5804802502
LA         0.1963500221       -1.2132228003        0.3555029151
LA        -0.7359873737        1.0315323927        0.1763756689
LA        -0.7604336954       -0.8002675353        0.6466507921
LA        -0.8389719934        0.2617643506        0.9297582939
LA         0.4042145862        0.3404824721       -1.1651300199
LA        -0.4754503713       -0.2893989998       -1.1519723680
LA        -0.5803303952       -1.0733360937       -0.3847223887
LA         1.1951912490        0.1980207984       -0.4112797597
LA         0.0406930914        0.8916456744        0.9166008168
LA        -0.5525690839        0.7534376989       -0.8739818374
LA         1.0150880601        0.4710892455        0.6200936122
LA         1.0922067504       -0.5717473252        0.3421031612
LA        -0.6560903689       -0.0193426526       -0.1094484618
LA         0.3048061582       -0.4340730202       -0.4018480528
LA         0.2273559517        0.6132463351       -0.1226625827
LA         0.1239286710       -0.1598306911        0.6339586816
          98
Energy of minimum      2=    -543.6429572     first found at step    23365 after              3186904 function calls
LA         1.7462215745        1.3084152038        1.6625459558
LA        -0.8467142175       -2.4718451367        1.2571138996
LA         0.2492848890        1.0715725668       -2.6826977682
LA        -2.1471788333       -0.8203266361       -1.3351061591
LA         0.9862367301       -1.9530738097       -1.4822134794
LA        -2.1188309832       -0.6738588090        1.6078408779
LA        -1.2919709537        1.9994170889       -1.3644870225
LA         2.1296339091        0.7621639377       -1.5232058861
LA         1.3034266564       -1.9090041445        1.4467799417
LA        -2.0970345753        1.3638836719       -0.9069041133
LA        -2.5542752442       -0.1143959981        0.7367484041
LA         1.9205908657       -1.7314171474        0.5261336878
LA         2.3774975197       -0.2542147391       -1.1163198705
LA         0.8565000802        2.4064272330       -0.1298995357
LA         0.1095317196       -0.0085615036        2.5552471875
LA        -1.1935962290       -0.8456403794        2.2267370022
LA        -0.2145368425        2.3197034768       -1.2927055449
LA         0.5377819409       -1.4697104078        2.1455137546
LA         1.5163724089        1.6941194478       -1.3722463967
LA         0.6945003299        1.7063211832        1.7278450047
LA        -0.5455040003       -1.7413726448        2.0419839674
LA         0.5635028466        1.8440989473       -1.9445859343
LA        -0.1330481556        1.0411384875        2.1866324194
LA         0.2466353659        2.2686759007        0.8217735333
LA        -1.0883657124        1.2139207622        1.5747667337
LA        -0.8566046954        1.9632160240        0.7416493508
LA        -2.3441262401        0.6286789915       -0.0866771473
LA         2.1654616448       -1.0011317748       -0.2980051405
LA         1.3141965331        1.8756191199        0.7759755092
LA         0.9376789111        0.6583160768        2.1294542946
LA        -1.4834704821       -1.5743197219        1.4336658729
LA        -0.5212437471        1.5366045204       -2.0252696465
LA         0.2280759296       -2.1921164073        1.3533891614
LA         1.1900762010        0.9180770934       -2.1047345116
LA        -2.1237765655        0.2715346582       -1.1207856025
LA        -2.3521304263       -0.4667437423       -0.2999171436
LA         1.4547783227       -1.8426699699       -0.4788585393
LA         1.6829909534       -1.1048474003       -1.2992196696
LA         1.7159927120        0.2030993978        1.4391455893
LA         1.9457973721        0.9460706840        0.6130601457
LA        -0.2347301128       -2.3064592440        0.3429352627
LA         0.4975378449        0.0609990309       -2.2893650297
LA        -0.5538709828        0.4410505165       -2.2402126936
LA        -1.2861906183       -1.9265740032        0.3922724235
LA        -1.7195725745       -1.3762550649       -0.4708868045
LA        -1.3522751844       -0.1887658881       -1.7912178790
LA         0.3760809409       -2.1336551662       -0.5692713459
LA         0.7433280235       -0.9463271127       -1.8894228671
LA        -1.1039195123       -1.2021423691       -1.3882863744
LA        -0.0603221415       -1.5793916429       -1.4372659739
LA        -1.7563877487        0.3373150876        1.3526086785
LA        -1.3027948863        1.8038037605       -0.2779329384
LA         1.6499827440       -0.8921730130        1.1910528259
LA         2.1025808186        0.5711001401       -0.4359131428
LA        -0.8359649236        0.1723245164        1.9689274487
LA        -0.2323397226        2.1238762159       -0.2009392510
LA        -1.9290922898       -1.0281996502        0.5674023084
LA        -1.3306854539        0.9064771910       -1.5837023729
LA         0.8449647314       -2.0305367095        0.4369989911
LA         1.4431889308       -0.0964483665       -1.7134515422
LA         0.8946280976       -0.4513516803        1.8857070237
LA         1.4971562461        1.4966531413       -0.2802157648
LA        -0.3070641071       -0.5734603647       -1.8506241327
LA        -0.6755940900       -1.7649352937       -0.5258613688
LA        -1.5520531103        1.0800322303        0.5396090218
LA         1.8985237354       -0.1672299534        0.3777371721
LA         0.1818779399        0.4843869397        0.4862475392
LA        -0.1949446647       -0.7370745836        1.7767909026
LA         0.5406572483        1.6411622208       -0.8674931386
LA        -0.0968249636        1.2772466753        1.1218050997
LA         0.9502534448        0.8883246431        1.0632950725
LA         0.5142600641        1.4295259185        0.1945817832
LA         0.1502327484        0.2526065344        1.5031600971
LA         0.2260560794        0.8672711749       -1.5936172134
LA        -0.4926089879       -1.4562078818        0.9897837559
LA        -1.1242632043       -0.5686482681        1.1694017639
LA        -0.5362413795        1.3324544804       -0.9443725358
LA        -1.3463560224       -0.3738208757       -0.7107469181
LA         0.7097070905       -1.1170186501       -0.8072023326
LA         1.1598904917        0.7188843450       -1.0234532028
LA         0.5721394592       -1.1813436674        1.0893488502
LA        -1.3283212081        0.7081269122       -0.4982008615
LA        -1.5541281958       -0.0219175400        0.3135124760
LA         1.1783775551       -1.0095799662        0.1846043826
LA         1.4039599374       -0.2802607581       -0.6263020646
LA        -0.7700804606        0.4190061850        0.9147083941
LA        -0.5482487585        1.1361993264        0.1172844165
LA         1.1297937298        0.5275752177        0.0380335503
LA         0.9083546953       -0.1883486639        0.8340460927
LA         0.2055057737        0.6754551867       -0.5398766420
LA        -0.1497809507       -0.4732043314        0.7372805632
LA        -0.9285808494       -0.9249281207        0.1384025176
LA        -0.5662008943        0.2466634006       -1.1642523390
LA         0.1089975027       -1.2998230968        0.0896882436
LA         0.4713248753       -0.1284010620       -1.2127779901
LA        -0.3217823987       -0.7539186780       -0.7675804256
LA        -0.5733832893        0.0609507224       -0.1046886578
LA         0.4448854250       -0.3068941482       -0.1522560356
          98
Energy of minimum      3=    -543.5467256     first found at step    14006 after              1937774 function calls
LA        -0.5073293941        1.4169130840       -2.2581956224
LA         0.6562402420        2.5417873140       -0.6878517733
LA         2.2491897820       -1.7649953842       -0.4022630414
LA        -0.9675269388       -2.4960408385        0.1095335936
LA         0.7538480863       -0.8319121226        2.4326858959
LA        -2.7077114543       -0.1901458765       -0.4726592345
LA        -0.8283510167        1.6267139450        2.0637102114
LA         2.6626024252        0.2485993049        0.4640402881
LA         0.7833646360       -1.5681435176       -2.0721612407
LA        -2.2299467568       -1.0480222168       -1.0170870233
LA         0.2278693480        1.3280564936        2.2999609953
LA        -0.2991386606       -1.8102815291       -1.9011448325
LA         2.1582616319        0.5653956969        1.4153404776
LA        -2.3649394364        0.9591551691        1.0652718840
LA        -1.5280429507        2.0190322167       -0.3140537027
LA         1.6189501395        0.7763870606       -1.7557295668
LA        -2.5421047423        0.8357430555       -0.0383673774
LA        -1.5911250794        1.7550965571        1.2450670781
LA         1.5908383210       -0.7960854112       -1.9314411143
LA         2.5415478777        0.1230078535       -0.6483725219
LA         2.3198136136       -0.8865592782       -1.0838379406
LA        -2.5474439792       -0.0631591007        0.6262161906
LA        -1.6084819160        0.8445763598        1.8934313477
LA        -1.9180209761       -0.7934960778        1.1874221983
LA        -1.3415587849       -0.2362049971        1.9654104287
LA         1.2025310155        0.9530502900        1.8727540897
LA        -1.2742264393       -1.4413405297       -1.4698564787
LA         0.0751406762        1.9930401811       -1.4833378719
LA         1.5180150497       -1.6677902595       -1.2380715350
LA         2.4579544668       -0.7591088248        0.0304619071
LA        -0.4387551781        2.3026537101       -0.5073118646
LA        -1.0259008080        1.7350340558       -1.2997190736
LA         0.5603771996        1.1086830348       -2.0264553005
LA         1.1475443059        1.6763233115       -1.2340194905
LA         0.4922441567        0.2480657591        2.3678121388
LA        -1.5991557145       -1.7737822288       -0.4547230074
LA        -0.6345257062       -2.1545287261       -0.8964069674
LA         1.4566330974       -0.1329130620        1.9258025755
LA        -1.2154840030        0.7042090537       -1.7423810332
LA         0.3213656405        2.1899492464        0.3317383622
LA        -0.2444102999        0.3208331351       -2.1871500264
LA         1.2923376009        1.8064753745       -0.1131679723
LA        -1.4454961561       -1.6474783953        0.6493508242
LA        -0.2943604410       -0.5346252173        2.2029134282
LA         1.7561199039       -1.4586531636        0.5472749250
LA         1.1786035739       -2.0169635122       -0.2321355721
LA         1.2582691587       -1.1475808246        1.4917314430
LA         0.1069990020       -2.2605645107       -0.0620121730
LA         0.1797860772       -1.3922636385        1.6620594844
LA        -0.3936578517       -1.9466369044        0.8881447960
LA        -1.8901993316       -0.0115988339       -1.1938938947
LA        -0.0197578665        1.7966394909        1.3304387383
LA         1.8933023946        1.0410966989        0.4538594704
LA         0.0230632951       -0.7669465874       -2.0701994166
LA        -2.0840752643       -0.9266989700        0.0870003678
LA        -0.5598218613        0.5468632701        2.1441195694
LA         0.4440651371       -1.9244529297       -1.0706987919
LA         1.9677082768       -0.4514797105        0.9855957919
LA        -0.7730508535        1.9269956577        0.5143431139
LA        -1.7230069468        1.0086311881       -0.7677100012
LA         0.8211051795        0.0040921436       -1.9330428259
LA         1.7709246570        0.9223247608       -0.6511745427
LA        -0.8726560747       -1.0999957006        1.4345600119
LA         0.6849204833       -1.7148568030        0.7208904941
LA         0.9491039853        1.4317756074        0.9078406997
LA        -0.9457237043       -0.4000382098       -1.6494029267
LA         0.0026941045        0.5421262316       -0.3903339281
LA        -1.5522413071        1.1248080506        0.3444301201
LA         1.5544247456       -0.1016919812       -1.0789302848
LA        -1.5626071161        0.2264395922        0.9956328959
LA        -0.2483210468        0.9709448367       -1.3082781892
LA         0.3242611893        1.5244854873       -0.5355258886
LA         1.4758328550       -0.9717914413       -0.3974233601
LA        -0.7437201651        1.2725345097       -0.3604756450
LA         0.7917567132        0.6663621083       -1.0639947124
LA        -1.7286008473        0.1046634716       -0.0910111789
LA        -0.7966253181        1.0056449520        1.1667751541
LA         0.4957816515       -0.3606206853        1.4630197511
LA        -0.6339509539       -1.4527829357       -0.0616575582
LA         0.7551312322       -0.8757570870       -1.2286560738
LA         1.6868083096        0.0249366912        0.0287269936
LA        -1.2612842700       -0.7405689349       -0.6238881003
LA         0.2399008027        0.7106926536        1.4020984506
LA         1.1932002229        0.3340689405        0.9652122509
LA        -0.3077626421       -1.1169782162       -1.0604742580
LA        -0.9266542697        0.2731935253       -0.7921749506
LA        -0.0045762664        1.1646070418        0.4522538850
LA         0.9315624558        0.7949112763        0.0232975463
LA         0.0095794927       -0.0964107403       -1.2210029825
LA        -0.7709042653        0.3901324044        0.2917519472
LA        -0.5369325492       -0.0700033300        1.2413927938
LA        -1.1070967184       -0.6212059474        0.4719042587
LA         0.7315488711       -0.2028093713       -0.3967749385
LA         0.9945219438       -0.6745833739        0.5395061330
LA         0.4245070709       -1.2256418170       -0.2297807584
LA        -0.0695191095       -0.9171397992        0.7084800154
LA         0.2471798712        0.0983458945        0.5252790648
LA        -0.3125485365       -0.4427681943       -0.2301255158
          98
Energy of minimum      4=    -543.4923253     first found at step    56386 after              7615043 function calls
LA        -2.0211745792        1.5486468054       -0.9316139523
LA        -0.7365559829        2.5113100183        0.6521487076
LA        -1.0387996097       -1.8876034668        1.9658008726
LA         2.2317000387        0.0694062437       -1.8764917305
LA         2.1141008793       -1.0415327178        1.2690024512
LA        -2.2882104440       -1.5099145311        0.1566879946
LA         0.1774099516       -0.0345297507       -2.7400059159
LA        -0.5032570805       -0.8852275740       -2.4683063224
LA        -1.8667965476       -1.7011460731       -0.8663737965
LA         2.2522526096        1.5201095426       -0.1818645497
LA        -0.2131654641        0.0448476751        2.7145899455
LA         0.8457045109        0.3327323175        2.4783756499
LA         2.2092335651        1.1486441252        0.8764563204
LA        -2.0841611586        0.7609306958        1.2037480080
LA         0.1384163635        2.0908812278       -1.4074118427
LA         0.6027774011        0.9523834504       -2.4035495922
LA        -2.3161460255       -0.7942495680        1.0256994058
LA        -1.2663649510       -0.0076762308        2.3196479733
LA         1.6523554547        1.7388339900       -1.1093614934
LA         1.6301706552        1.0038311237       -1.9563346591
LA        -1.6778824030       -0.9756497771        1.9300765454
LA        -0.1449951180       -1.6792584568       -1.7708114615
LA        -0.8246692125       -2.0859636870       -0.9723073165
LA        -1.1945953340       -1.3030350476       -1.6805006496
LA         0.8893906463       -1.6276388613       -1.3470174418
LA        -0.2046920116       -2.2823188936       -0.0616519223
LA         0.8498265831       -1.9982670298       -0.2944257766
LA         1.5400548122        0.7456199165        1.6906405895
LA        -1.3884120064        2.0441880008       -0.1406210971
LA        -1.6648697729       -1.6999926589        1.0628285359
LA         1.2060856660        0.0179371190       -2.3100662075
LA         2.2437954302        0.7954778530       -1.0305616692
LA        -0.6269940961       -0.9223513935        2.3421370371
LA        -2.0721580689        1.1676983049        0.1366086726
LA        -0.9518112934        1.8380938032       -1.1796128104
LA        -1.4238886487        1.6534872687        0.9358142640
LA        -0.3035583557        2.3238726294       -0.3803878568
LA         2.1628346579        0.0535520330        1.0743604370
LA         1.4816187335       -0.3540754226        1.8746754715
LA        -2.0648439418        0.4372434149       -0.7355234049
LA        -1.3789522308        0.8476687638       -1.5413322749
LA         0.3176359652        2.1190512510        0.5504616754
LA        -0.3681465299        1.7086913570        1.3561420606
LA         1.5629533314       -0.7810058383       -1.6142388890
LA        -0.6224025202       -2.0886845006        0.9531906134
LA         0.0150473160       -1.6106546451        1.7397206897
LA         2.2008028663       -0.3027370690       -0.8281780351
LA         1.0654815467       -1.3285396387        1.5078017443
LA         2.1617175689       -0.6725716121        0.2199070193
LA         1.4839853613       -1.5222239911        0.4878254996
LA        -0.7135392659        0.1394549091       -2.1109338720
LA        -2.0646748006       -0.6690409159       -0.5235739026
LA         0.0001607741        0.8785363887        2.0221973486
LA         1.3512815967        1.6870231927        0.4348552682
LA         0.5351697892       -0.8365961620       -2.0518631703
LA        -1.2507311419       -1.9052483387        0.0462737805
LA         2.2172736949        0.4237595251        0.0223232714
LA         0.4317694730       -0.6446542553        2.1199924832
LA        -2.0939738584        0.0465372727        0.3353413755
LA        -0.2971649241        1.1217156169       -1.7756105564
LA        -1.0452646866        0.8324610184        1.6282032879
LA         0.7514753039        1.9075981031       -0.4826677195
LA         0.4347808519       -1.8159897078        0.7274137509
LA         1.5350749910       -1.1575930584       -0.5652490080
LA        -1.4035176592       -0.2733379564       -1.3338722263
LA         0.6884815927        1.2940223431        1.2451139076
LA        -0.3757614755        0.5373333229       -0.0461603194
LA         0.7425389635        1.1620448017       -1.3326670657
LA        -1.4511968272       -0.1506477478        1.2446070119
LA         0.0122625496       -1.4363029681       -0.7211201399
LA        -1.1843157979        1.0333015001       -0.4817757402
LA        -0.5521466025        1.5070210233        0.2975976908
LA         1.3348891942        0.2295816047       -1.2463572775
LA        -0.8098971318       -1.0538208172        1.2734093430
LA        -0.1318549816        1.3056481177       -0.7109194734
LA        -1.2162037599        0.6567932869        0.5630103793
LA         1.2590062471       -0.4997372529        0.8171135864
LA        -1.4340924120       -0.8682420651        0.3813713419
LA         0.3200506641        0.1814065324       -1.6794549205
LA         1.3486680161        0.9520920251       -0.4111975585
LA        -0.4053227826       -0.0974646762        1.6494489683
LA        -0.3474364953       -0.6559549676       -1.4147909040
LA        -1.0209907459       -1.0589979577       -0.6234765813
LA         1.3096604830        0.5859414145        0.6284248932
LA         0.6362610690        0.1829911737        1.4195569054
LA        -0.5484997424        0.3454720703       -1.0614886324
LA        -1.2097120101       -0.0501855384       -0.2846740971
LA         0.4693844285        1.1083100840        0.1935160231
LA        -0.1917776440        0.7126825956        0.9702713881
LA        -0.4007755861       -1.2577004971        0.2790113261
LA         0.6810312677       -0.6103662318       -0.9919319374
LA        -0.5931692954       -0.2456307364        0.6062583675
LA         0.4676390302        0.3891381843       -0.6400147210
LA         0.2285630480       -0.7859002681        1.0548406917
LA         1.3102346215       -0.1386471350       -0.2159431967
LA         0.6428100806       -0.9779628651        0.0490403768
LA        -0.1860690162       -0.4362977204       -0.3806003553
LA         0.4317723848        0.0271632372        0.3813530919
          98
Energy of minimum      5=    -543.1896663     first found at step    14853 after              2063940 function calls
LA        -0.2826418713       -1.4629102596        2.2244876191
LA        -0.8817910523        0.6018001766        2.4596663343
LA         2.0687636244        0.7049897715        1.6379962555
LA         1.4416722065        2.2958994615        0.1661255733
LA        -2.5118720503        0.3336519762        1.4670617619
LA         0.9795249978       -1.6397498149       -2.1683561892
LA        -1.0260128997       -2.4506015954        0.3733060362
LA        -1.9572483494       -0.0962497251       -1.7968922882
LA         0.8251403267        0.5574141260       -2.5171849337
LA        -1.8066930211        2.0445540211        0.2205392980
LA         1.8428085643       -2.0106875296       -0.1447972522
LA         1.1694835948       -2.2836134728        0.7092634904
LA        -1.6166755398        1.9014208003       -0.8755736752
LA        -0.1603604415        1.0790701228       -2.3889723427
LA         0.0511484566        1.7342660082        1.8762790204
LA         2.4233062828        0.3860239436       -0.5883980547
LA        -1.3965571556        1.8922051963        1.2567246812
LA         2.2341343632       -1.1705323485       -0.7834245358
LA         1.7192073097        0.1288448622       -1.9833808059
LA        -1.7415455597        1.0254542890        1.8783783219
LA         1.7913590881       -0.9742193072       -1.7952197143
LA        -1.6521811895       -0.0933505722        2.0371968816
LA         0.4460452309       -1.8882957316        1.4773449321
LA        -0.8961155286        1.5011278220       -1.6454118419
LA         0.2225904934       -0.4817684658        2.1898974150
LA         1.7679547559        1.5107894034        0.9075410582
LA        -2.1611259225        1.1899604191        0.8443809421
LA         0.9033615919       -0.5419744925       -2.3444773192
LA         1.4125198831       -1.8267032645       -1.1581822388
LA         1.0733972738        1.2326317381        1.7727095409
LA        -0.6545972380       -1.9581280023        1.2992847459
LA         0.7556733175        2.0343462916        1.0305510917
LA         2.2675483646        0.5518096815        0.5308505118
LA         1.9512655141        1.3547964043       -0.2117746907
LA         0.0715603068       -2.3684291080        0.5418445044
LA        -1.7876451359        0.9030483835       -1.3377393408
LA        -1.0600489824        0.4922513525       -2.0940779773
LA         1.1567620459        0.1064460020        1.9344273705
LA        -2.0220499002       -0.5992299932        1.1076342180
LA         1.8899244731       -0.3084928040        1.1729480455
LA         1.0612248178        1.7927210391       -0.7699814899
LA         0.3288632415        2.2067444795       -0.0091467211
LA        -1.5266438048       -1.5266653613        0.7432638241
LA        -2.3348921256        0.1899403364        0.3777729682
LA         0.3104365915       -1.9179112641       -1.3241271147
LA        -0.0021788293       -1.1278927055       -2.0518916573
LA        -0.3575203479       -2.1882974624       -0.4774816420
LA        -2.1501832916        0.0472492553       -0.7095979072
LA        -0.9803526238       -0.6134759583       -1.9282584445
LA        -1.3416139061       -1.6692531854       -0.3519744674
LA        -1.6515684707       -0.8850369455       -1.0748615720
LA         1.6751843872       -1.3011697959        0.6859570753
LA        -0.7770237497        2.0718835990       -0.1776750878
LA         0.6658900525        1.2562335226       -1.6771083890
LA        -1.1612167786       -1.0343038523        1.6779584859
LA         0.1523779679        0.6293598128        2.0489262383
LA        -1.9874454193        1.0492320072       -0.2492168486
LA         0.7433720927       -2.1109865425       -0.3115500463
LA        -0.0815432212       -0.0272423954       -2.2325419158
LA        -0.3640716941        1.9228901123        0.8496502426
LA         2.0666925782       -0.4635636872        0.0564378330
LA         1.5541569247        0.8356189475       -1.1434027323
LA        -1.8492821207       -0.7458195615        0.0151346309
LA        -0.6755659057       -1.4090618486       -1.2087670464
LA         0.9601898514       -0.9079376561        1.4532306535
LA        -0.0611387710        1.6814489677       -0.9421139696
LA         0.4740049074        0.4065078839        0.2668757555
LA        -0.7233150579        1.0485551928        1.4694094969
LA         1.6180576593       -0.2782598783       -0.9660573512
LA        -0.6371445165       -0.0668669856        1.6281960407
LA         1.2571644425        0.5522321915        0.9410059338
LA         0.9487957453        1.3350741793        0.2163459790
LA        -1.4845829494        0.3577024401        1.0546236824
LA         0.8046344377       -0.9361053505       -1.3306212136
LA        -0.1415861151       -0.9856234116        1.2543894644
LA         0.2771114848        1.0619820189        1.0560227160
LA         1.4338505780        0.4041392233       -0.1461215882
LA        -0.5108142148       -1.4694376308        0.3354867920
LA        -1.1222355406        0.0759810302       -1.0879166787
LA        -1.1386174760        1.2090102406        0.4407333195
LA         0.7334253456        0.1511628934       -1.5078321534
LA         1.2376157637       -1.1222784643       -0.3315572517
LA         0.5761199111       -1.3912865307        0.5076167905
LA        -0.9554128975        1.0684571366       -0.6375515688
LA        -0.2362330629        0.6620399479       -1.3850282240
LA         0.3612979569       -0.0297393888        1.2134546056
LA         1.0683819034       -0.4297356132        0.4787313680
LA        -0.1353231000        1.2299851252        0.0476329759
LA         0.5708795034        0.8309795006       -0.6864474900
LA        -1.0080519104       -0.5630013439        0.7014527599
LA        -0.4911302553        0.3838412238        0.6605873946
LA         0.6410783428       -0.2545728643       -0.5216471470
LA        -1.3167959634        0.2165587420       -0.0182780191
LA         0.1458865104       -1.2154251867       -0.5030236119
LA        -0.1627408803       -0.4354995288       -1.2211843229
LA        -0.0105474479       -0.5202311390        0.3020537601
LA        -0.8260571283       -0.7043520972       -0.3800325233
LA        -0.3138536494        0.2456368200       -0.4025310403
