          98
Energy of minimum      1=    -543.6653608     first found at step      510 after               107272 function calls
LA         1.9455917493        1.7231975721       -0.1094459772
LA         2.5418357559        0.0872500497        0.5460530821
LA        -2.3400391775        1.0267960757        0.4864372403
LA        -1.3905439685       -1.5783862286        1.5302937976
LA        -0.6856837015       -2.4907493946       -0.3045017800
LA        -1.8798217443        0.7856729279       -1.6173139086
LA        -1.3062598848        0.9649297242        2.0320710646
LA        -0.9530091011       -0.0043039089        2.4204281027
LA         0.0317709342       -1.8011994354       -1.8765359048
LA        -0.5661226554       -0.1607258611       -2.5338484834
LA         0.1306376230        2.3459374132       -1.1163458066
LA         1.6780261063       -1.8997176000        0.5848229831
LA        -1.6205983822        1.7182536483       -1.0899457074
LA        -0.0732095434       -2.5274023405        0.6112234727
LA         0.9089517600        1.7852341560       -1.6593556412
LA         2.1030893011       -1.4911867894       -0.3465440638
LA         0.8030715839        0.6251169953        2.3939549315
LA         0.4498208429        1.5943505110        2.0055979403
LA         2.1167720985       -0.3212804048        1.4774200075
LA         1.1672774729        2.2839002986        0.4335640910
LA         0.4714145524        0.2111516676       -2.5494899518
LA         1.0693080552       -1.4293216685       -1.8921774686
LA        -2.0030176750       -1.5417331060        0.6145683560
LA        -2.5992620386        0.0942153964       -0.0409310955
LA         1.6989568135        1.2543429287       -1.0861223880
LA         2.3021746852       -0.4007391715       -0.4229563970
LA        -1.6214003735        1.7349670173        0.0210314416
LA        -0.3153071794       -1.8486328206        1.4569248852
LA        -0.8081203721       -1.0780879780       -1.9555457943
LA        -1.5339667128       -1.7757031150       -0.3651249421
LA        -2.1371849305       -0.1206200652       -1.0282913131
LA         0.1273453106       -0.2561394496        2.3574705237
LA        -0.5755295710        1.6723770785        1.5847435553
LA         1.4564114480       -1.2136063642        1.4302157139
LA         0.1503186609        2.3699923565       -0.0056772825
LA         1.2563023071       -0.3381503451       -1.9866679014
LA        -2.3280102886       -0.4996391771        0.8706018716
LA         1.3558231309        1.6642563241        1.3487825688
LA         1.7106949706        0.6905749108        1.7389217644
LA         1.2823877301       -1.9761305377       -0.9368082722
LA         0.1168138365        1.2219187547       -2.2182175312
LA         0.8553739025       -2.3865358781       -0.0011670055
LA        -0.6650719152        1.7851950593       -1.6727155528
LA        -1.7127264842       -0.5364606156        1.7905300669
LA        -2.0675984611        0.4372211745        1.4003907205
LA        -0.9254849046        0.8483347401       -2.2025043662
LA         0.2400891851       -2.3497150906       -0.9210948917
LA         2.1377093183        1.1009803091        0.8032805427
LA         1.6948545497        0.1661682346       -1.1269342727
LA        -1.4439963580       -0.9588697931       -1.0796148044
LA        -0.6597721635        1.8624573205        0.5158283926
LA         0.4089139402       -1.0697556069        1.6907211007
LA        -1.8757485052       -0.7274725495       -0.1093870543
LA         0.3410842029        1.7565617282        0.9261569930
LA         1.0518477999       -0.1935995025        1.7075566616
LA         1.4835528167       -0.8953777377       -1.0280972875
LA         0.9063670141        0.6882787406       -1.6626441280
LA         1.9071037000        0.6283908984       -0.1664146060
LA         0.6282976620       -1.7173681028        0.8458742587
LA        -0.6596519333        1.8164501437       -0.5700724657
LA        -0.6434118285       -0.8012207436        1.7331129182
LA        -1.3541754850        1.1489406508        0.9517131842
LA        -1.1812257160       -0.0599631602       -1.6311726447
LA        -0.6040396923       -1.6436202451       -0.9966255612
LA        -1.8681368882        0.8023820509       -0.5006403546
LA        -0.9191481087       -1.8014107348        0.5426594441
LA         1.8681373055       -0.8023813388        0.5006400556
LA         0.9191489091        1.8014103956       -0.5426593223
LA        -0.2227620055        0.7039153561        1.9594064641
LA         0.2227607423       -0.7039157821       -1.9594063779
LA        -1.2558560489       -0.7583010849        0.8096141473
LA        -1.6080878390        0.2081366789        0.4223773711
LA         0.6966319767        0.7787637918        1.3099241608
LA         1.1204696109        1.1861159503        0.3812438626
LA         1.4727013032        0.2196784548        0.7684805315
LA         1.0494621374       -1.3029699430       -0.0925685076
LA         0.1204688725        1.2459600475       -1.1138856268
LA        -0.9140753266        0.8751553252       -1.0982895123
LA         0.0149181012       -1.6737751125       -0.0769722142
LA        -0.1380064581        0.3160696410       -1.6397331655
LA         0.4387551812       -1.2664230373       -1.0056526418
LA        -0.9973815623        0.1715893163        1.3354617119
LA         0.8177241835       -0.6466731224        0.7416105057
LA         0.1178353744        1.2736503535       -0.0278336326
LA        -0.9006174408        0.9086130260       -0.0124802620
LA        -0.2007285094       -1.0117107860        0.7569640108
LA        -0.8130026733       -0.9750697490       -0.1584634543
LA        -1.1597558465       -0.0236639681       -0.5396771458
LA         0.8958962386        0.7131300146       -0.5706668317
LA         1.2426493310       -0.2382755444       -0.1894532290
LA         0.0537257254       -0.0962837736        1.2746325227
LA        -0.2994099659        0.8726340738        0.8864020150
LA         0.6414414464       -0.2022969214       -1.0883353003
LA        -0.3957578272       -0.5740535570       -1.0726991170
LA        -0.1332492554        0.3485921939       -0.5509410194
LA         0.2149944293       -0.6069031856       -0.1680886885
LA         0.4705427408        0.3124587893        0.3518050712
LA        -0.5522879271       -0.0541478377        0.3672245478
