          98
Energy of minimum      1=    -543.6653608     first found at step    19597 after              2655019 function calls
LA         1.6207502954       -1.6813788764        1.1457964686
LA         0.3851894731        1.0453364563        2.3506631950
LA         0.2049792226       -2.4347078192       -0.8926906530
LA        -0.2906631186       -1.4499044738        2.1400952418
LA        -0.8971399847       -1.0892411629       -2.1852708926
LA        -2.0134733764        0.4107672255        1.5949644566
LA         2.1652701820       -0.7681256961       -1.2199610635
LA         2.3205893665        1.1528328017       -0.2292522609
LA         0.3696558230        1.8520758812       -1.7888224239
LA        -1.4171820747       -1.6686433475       -1.4049696401
LA        -1.6997431093        1.2792071894       -1.4970698158
LA         0.3069712800        2.4786125959        0.7272984355
LA         0.7674611694       -2.3254891895        0.8773933202
LA         1.2653851391        2.0260022457        1.0299657401
LA        -2.4723861837       -0.7954738001       -0.1457512069
LA        -2.5775105816        0.3012465861       -0.1800164236
LA         0.7250213981       -1.8553055728       -1.6729918126
LA        -0.5732245646        1.4979462944        2.0479956900
LA         0.5626259958       -0.8057940312        2.4084985399
LA         2.4985175096       -0.7034183979       -0.1712569562
LA        -0.2555101123        2.3693940572       -1.0427859933
LA         1.9873417212        1.0881254627       -1.2779561032
LA        -1.0745770745        0.7618886705       -2.2431058776
LA        -1.9083487416       -0.6859531157        1.6292295760
LA         1.2617442746        1.1190851191        1.6718677949
LA         1.4412564572       -0.7536965007        1.7303798357
LA        -0.6452440008        2.0196588336        1.0696401372
LA        -0.8256224388       -2.1458001259       -0.5944580361
LA        -0.2565618142       -2.0353042425        1.1963292926
LA         0.2091223971       -0.9929439745       -2.1470497802
LA        -2.1023383818        0.9197637782        0.6113103079
LA         0.0296097298        0.8798375958       -2.2055613921
LA        -1.2143042893        1.9091629320       -0.7211477111
LA         2.3292904675        0.2357026434        0.3979214432
LA         1.6662166751        0.1069518141       -1.6887201525
LA        -1.8931686978       -1.2624176869        0.6794884110
LA         1.5969201631       -1.7054191245       -0.9841811404
LA        -0.1310809090        0.0665098839        2.5309315965
LA         0.6220194935        2.4329733000       -0.3477806437
LA         1.2500544380        1.9132813843       -1.0972408510
LA        -2.1934654393        0.3076899475       -1.2333922456
LA        -1.0938932277        0.5211967382        2.2268748178
LA        -2.0878586649       -0.7940634498       -1.1989698778
LA        -0.9882859287       -0.5805566761        2.2612971577
LA         1.9316965776       -1.6404147726        0.0693357434
LA         1.0744913121       -2.2874805671       -0.2002992288
LA        -1.5654301879       -0.2120023254       -1.9828520903
LA         1.5848315324        1.9782858065       -0.0437243155
LA        -1.2772052467        1.5630530901        0.3094145100
LA         0.6141040328       -0.0019841247       -1.9475619483
LA         1.6222746832        0.1937755104        1.2250718397
LA        -0.9591733703       -1.7548443694        0.4130758139
LA         1.0982347218       -0.8455077417       -1.4623996897
LA        -0.9695999367       -1.1660435819        1.3265865693
LA         1.7687504870       -0.7153115745        0.6476616040
LA        -0.3314065252        1.9873308625       -0.0173120762
LA        -0.4677439991       -0.1059758399       -1.9569359014
LA         0.7472743188        0.1299481177        1.8666306480
LA        -1.1811171139        1.0406294989        1.2576433649
LA         0.9264687282        0.9464531752       -1.5183860498
LA        -1.7256194251        0.9349021561       -0.4558621751
LA         1.5969847740        1.0766492186        0.5916747687
LA        -1.5141022365       -1.2717710803       -0.3869188234
LA         0.0518763977       -2.0113031629        0.1076177004
LA         0.3064203117        1.5600560528        1.3626170642
LA         0.5888311304       -1.3862225513        1.4546680192
LA        -0.3064203079       -1.5600561072       -1.3626169935
LA        -1.9858947819       -0.1703099548        0.6415682483
LA        -0.5888310326        1.3862222801       -1.4546678416
LA         1.9858947472        0.1703101661       -0.6415681964
LA         0.5755655512       -1.4226063650       -0.6727450664
LA         0.6313911269        1.5261148028        0.2828222734
LA        -0.1128735247       -0.5134471332        1.5910067468
LA        -1.0685227211       -0.0621425257        1.2892121460
LA        -1.0940831394        0.4099386643       -1.2010839256
LA        -0.2176946756        0.5801095398        1.5568406248
LA         1.2547539187        1.0102891406       -0.4610620454
LA         0.9078517847       -1.3580853444        0.3729338461
LA        -0.9892618872       -0.6836179897       -1.1669178509
LA         1.4263935690       -0.7803543895       -0.4051165992
LA        -1.6126247903       -0.1677922674       -0.4230336739
LA         0.2991047798        1.4615938164       -0.7628564909
LA         0.0909605371       -0.5706882521       -1.1414404875
LA        -1.0425791220       -0.6420992087        0.3709205682
LA         0.9285547344        0.0615742770       -0.8779749096
LA         0.7512174997       -0.4424840192        0.9363363879
LA        -1.1476693711        0.4542639667        0.3366668431
LA        -0.1017940644       -1.0863843135        0.6680209992
LA        -0.4289119404       -1.1499017824       -0.3613933472
LA        -0.3100750700        1.0865264271        0.6001325175
LA        -0.6371930166        1.0230089946       -0.4292817313
LA         1.2616937495        0.1262609251        0.1703875602
LA        -0.0122303551        0.5058593089       -1.1750751895
LA         0.6480267223        0.6340634926        0.9027015810
LA         0.4161921774       -0.5093388670       -0.1008262440
LA         0.3125578077        0.5718362943       -0.1346055782
LA        -0.5286369222       -0.0631440344       -0.3992036811
LA        -0.2001129069        0.0006464883        0.6346356579
          98
Energy of minimum      2=    -543.0227829     first found at step     2665 after               359958 function calls
LA         1.6059696313        0.1440256637        2.5227707701
LA        -1.5050216435        1.0181628231        2.0345968525
LA        -0.1055399807        2.4815533201        1.0378225297
LA         2.2613861060       -1.4637112778        1.1254029263
LA        -1.6200740812       -0.1539037426       -2.4137969061
LA        -0.3968118398       -2.6268024504       -0.5318570114
LA         1.6770942354       -0.4674513481       -2.0046323033
LA        -2.2170793337       -1.5257062312        0.1304799008
LA        -2.6260945071       -0.6946103288       -0.4987666491
LA        -0.3602202005        1.6595144772       -2.1020334553
LA         0.7478738857        1.5559634563       -1.9616240019
LA         2.5640940550        0.6724406765        0.5630896683
LA         2.3630080783        1.0111606341       -0.4865233617
LA        -1.8916161001        1.6694999229       -0.1142504833
LA         0.9663952489       -0.7676298765        2.3702621724
LA        -2.5122077063        0.3850208115       -0.7932399568
LA        -1.3662253129        1.5757680177       -1.6043310354
LA        -1.4250576637       -1.8122770057        0.8766790757
LA        -0.5336399421       -1.0342654445        1.9392694097
LA        -1.9944620362        0.6586128288       -1.7494784245
LA         1.2868071899       -1.5714505533        1.6578496958
LA        -0.5010891991       -2.3527625576        0.5441112679
LA         0.7374913745        0.7902163719        2.2893239302
LA         2.0968150799        0.4091357855        1.5504825362
LA         1.5680647478        1.2927711071       -1.2343129987
LA         0.3961372805       -1.9769007543        1.1069033686
LA         1.9350352536       -0.6618388307        1.8244633192
LA        -0.8113737540        1.7626367124        1.5460552236
LA        -2.1246016357       -0.4245000374       -1.4578013732
LA        -1.3072707939       -2.0781863267       -0.2008689437
LA        -0.9913293141        0.7531974059       -2.2595924745
LA        -1.0076321780        2.0961779772        0.4680035670
LA        -1.7137611900        1.3582245170        0.9707559303
LA        -0.3864324221        0.9128781226        2.1829541211
LA         0.3205012532        1.6505471901        1.6797003589
LA         2.4146661110       -0.3956654054        0.8442545171
LA         1.2140056240        0.5447466345       -1.9840265357
LA        -1.0304903709       -0.0096447517        2.0086425026
LA         2.0212815204        0.2723857772       -1.2472656462
LA         1.3770229162       -1.8597412663        0.5768162008
LA         0.4907735539       -2.2476355393        0.0246000628
LA        -1.8496540851        0.2683806355        1.2655620834
LA         0.0015969255        2.1970600712       -0.0490670963
LA         0.8141533216        1.9216489824        0.6941326582
LA         2.0728347177       -1.1359919768        0.0793720532
LA        -0.5197799327       -0.2599822674       -2.2853237238
LA        -1.2154526182       -0.9839626877       -1.7924640491
LA        -0.8080317221       -1.8079711264       -1.1659352024
LA         1.8783196838       -0.8036234820       -0.9631325718
LA         0.5785917478       -0.3642166256       -2.1490700856
LA         0.2973746801       -1.9119240911       -1.0263410944
LA         0.9878579317       -1.1924811203       -1.5168533314
LA        -2.1517087408       -0.4775006278        0.4760534640
LA         0.1023299953        1.8690444343       -1.1212319668
LA         1.7035228878        1.3278386389        0.3423415759
LA        -1.7233723938       -1.2600969013       -0.8366698532
LA         0.1132183882        0.6495470249       -2.1353704157
LA         2.2302858338       -0.0653329642       -0.2050626586
LA         0.0983542448       -0.1157514833        2.1352563159
LA        -2.0399286675        0.5972627697        0.1892291907
LA        -0.8950304019        1.7890915532       -0.6220609874
LA        -1.3643246405       -0.7587063142        1.2205788834
LA         1.1908463761       -1.5353531765       -0.4741373028
LA        -0.1129247555       -1.0941245039       -1.6662135175
LA         1.2363792748        1.0690051902        1.3258276113
LA         0.9171421267        1.6143929761       -0.3990706846
LA        -0.2346888498        0.4487197461        0.4302814932
LA        -1.5219466946        0.8625332918       -0.7812567986
LA         0.4406718027       -0.9198953683        1.4192580046
LA        -0.4474868269       -1.3085590029        0.8672812638
LA         1.0775286151       -0.0122797130        1.5812772451
LA        -0.8591807119        0.7274121539        1.2185315320
LA        -0.1706030185        1.4478106453        0.7276784098
LA         1.4024916050       -0.8063033006        0.8848633338
LA        -1.1427708401        0.0526621387       -1.4353644818
LA        -0.3415183204       -1.5709322156       -0.2020023516
LA        -1.0468480578        1.0536343498        0.1722743877
LA         0.2379984588        0.6225194594        1.3446472417
LA         1.0202750917       -0.1530411544       -1.1684195850
LA        -1.6467091180       -0.2136381712       -0.4895630982
LA        -1.2444005783       -1.0306840474        0.1308652621
LA        -0.5234634589        0.9540653210       -1.2847832210
LA         1.5570685463        0.2515738220        0.6113716768
LA         0.5658291677        0.8517031601       -1.1498150855
LA         1.3636295739        0.5823741677       -0.4213202976
LA        -0.3904328704       -0.2711994052        1.1774711546
LA        -1.1787022996       -0.0033340301        0.4600774879
LA        -0.0676478087        1.1529275665       -0.3276757889
LA         0.7162271825        0.8877625962        0.3889928246
LA         0.5347914066       -1.2021304612        0.3451739872
LA         0.5716490835       -0.1708224220        0.6570047061
LA        -0.6852952044        0.2559881293       -0.4892793858
LA         1.2225038067       -0.4865639514       -0.1452568093
LA        -0.7470200790       -0.7678733461       -0.8281865749
LA        -0.0602757760       -0.0529385953       -1.3153615949
LA        -0.2899253290       -0.5501529326        0.1213676712
LA         0.3437585738       -0.8713242883       -0.6922323374
LA         0.3855008108        0.1537764246       -0.3591379134
          98
Energy of minimum      3=    -542.7164259     first found at step    13205 after              1842544 function calls
LA         0.6528558322       -1.0248577101       -2.6586015625
LA        -1.3140291522        2.3698421017        0.0827061779
LA        -0.7755171248        1.0442856163        2.6830953295
LA        -2.2946945707       -0.3342818337       -1.4441374267
LA        -1.4790622983       -2.2133984310       -0.4972949979
LA         2.2736863773        0.1606373704       -1.6991672817
LA         0.9011729736        2.5302186869        0.2061644636
LA         2.1028488931       -0.2487442488        1.6071775942
LA        -2.3879669936       -0.6027552299        0.8127920707
LA        -0.5655808461       -1.1648216532        2.4491036334
LA        -1.6214560309        0.4582600254        2.2544356073
LA         0.4014050457       -1.6018969480        2.0865376333
LA        -0.0418977118        1.9939106437       -1.7407781620
LA         1.7322432735       -1.8300490276       -0.8548389844
LA         0.4216189109        1.1970401337       -2.3820092592
LA         1.6711257085       -1.9684737190        0.2583319671
LA        -1.3348407750        1.4588251100        1.8086638316
LA        -1.5201180002       -0.6536341102        2.1459779721
LA        -0.3181637227       -1.1889231374       -2.1531481807
LA        -1.8116106079        1.3957448740       -0.0721757894
LA         0.5410817044        0.0874613794       -2.5358738597
LA         1.2009584030       -1.4363652989       -1.7670759347
LA        -0.6822530400        2.1978464096       -0.8348674537
LA         1.0454502237       -1.7986451832        1.1817448925
LA        -1.8995094124       -1.2831352275       -0.9780251038
LA         1.4644758059       -0.4316226192       -2.1792360937
LA        -0.6714116919       -0.0608905243        2.5684246464
LA        -2.3628108795       -0.4713117901       -0.3202447152
LA        -0.2064304399        2.4501615426        0.1441970550
LA        -1.9499060013       -1.4188066332        0.1585899432
LA        -1.3163739606       -0.7684864624       -1.8168968451
LA        -0.9049795518       -1.7170552025       -1.3392015197
LA         2.0041880861       -0.8353712968       -1.2780743109
LA         1.3484653521        0.6790847540       -2.0421677595
LA         1.2535158681       -0.9263250433        1.8473672222
LA         0.4295562039        2.2641842885       -0.7674743109
LA        -2.0723469916        0.5398947703       -0.7642109910
LA         1.8878870251       -1.1097540784        0.9344184873
LA        -0.2193319044        1.5481302218        1.8603825540
LA        -1.4297770226        0.3526447167       -1.6822234938
LA        -0.9959219669       -1.9409987863        0.4871266392
LA        -0.3559533235       -2.1247554421       -0.4331749404
LA         0.1859628534        0.6147088481        2.3295762794
LA         0.3385895113        2.0420903131        1.0347132544
LA         1.8213340533        0.9558817875       -1.0670189658
LA         2.2241240315        0.0232964181       -0.5964033426
LA         1.3641863960        1.7454166649       -0.4324461674
LA         1.1441475025        0.1836210175        1.9714344208
LA         2.1673559760       -0.1131933034        0.5049504666
LA         1.3062925516        1.6076032517        0.6768161391
LA         1.7063451155        0.6817588908        1.1432276944
LA        -2.1233366249        0.4022827289        0.3674781208
LA        -0.7752760265        1.9681630111        0.9801600074
LA        -0.5018890821       -1.6291760894        1.4498792674
LA        -0.5468722703        1.0211946868       -1.8814803222
LA         0.7578372996       -1.9924593669       -0.3621552577
LA         0.2943332317       -0.4937079074        2.2188509931
LA        -1.4514470908       -1.1251044016        1.1432840724
LA         0.8968070391        1.4814072549       -1.4114999930
LA         1.9593556711       -0.9761169291       -0.1714275099
LA         0.7477985116        1.1199950343        1.5105132173
LA         1.7760265219        0.8220970588        0.0391385398
LA        -0.4333280994       -0.0811789964       -2.0375508282
LA         0.2271104082       -1.6066521187       -1.2687431599
LA        -1.1880462933        1.2249691786       -0.9873112271
LA         0.1355223254       -1.8312021739        0.5532434332
LA        -1.5593527458        0.0026487731        1.2583706455
LA        -0.5535878024       -0.3187307874       -0.2266740722
LA        -1.2755790117        0.9948777193        0.8197240243
LA        -0.7007557759        0.5763675650        1.6805041598
LA        -1.4087072742       -0.3254199557       -0.8246052469
LA        -1.0073364353       -1.2498781334       -0.3593352110
LA         0.5000553407       -0.5918777862       -1.6699855608
LA        -0.6961611846        1.4753729829       -0.0055704527
LA        -1.4572904249       -0.4588134825        0.2783263067
LA         1.3015624205       -0.0035536810       -1.1909924843
LA        -0.6019134921       -0.5172834606        1.5692961621
LA         0.4024901346        1.5509609129        0.0575880401
LA         1.1903372232       -0.2722263248        0.9772072039
LA        -0.4444257960       -0.7492870669       -1.1727666402
LA         1.0373298775       -0.9920956139       -0.7786805771
LA         0.3871246878        0.5092139413       -1.5359063253
LA         0.3520089397       -0.9473510283        1.2167684750
LA        -0.0666668689        1.2922230091       -0.9072906034
LA        -1.1778362811        0.5204693583       -0.1543792361
LA         0.9795935974       -1.1278637602        0.3139714465
LA        -0.5306167915       -0.9688204812        0.5933211798
LA        -0.5572167887        0.3386889770       -1.0422992439
LA         0.0864883910       -1.1468148837       -0.2938624815
LA        -0.1531688847        1.0755528575        0.8763266427
LA        -0.6379110401        0.1257843389        0.7137500926
LA         0.3607253756       -0.1644009410       -0.7031379843
LA         0.2479288539        0.1550845030        1.3396496072
LA         0.8620266020        0.7824592251       -0.5712602968
LA         1.2593906921       -0.1381307200       -0.1063933149
LA        -0.0832380839        0.6051826532       -0.0875747221
LA         0.8052354930        0.6468362811        0.5231726002
LA         0.3059418741       -0.2976828572        0.3691699913
          98
Energy of minimum      4=    -542.5307389     first found at step     2720 after               369134 function calls
LA        -2.1961054744       -0.3941013219        1.9373900028
LA         2.1948794345       -1.4865223727        0.3782983302
LA         1.5110814919       -1.4961965214       -1.6744979169
LA        -0.8227593417       -2.6139767615       -0.0326935053
LA         2.1567958973        0.2918873910       -1.9904993839
LA        -0.8167780785        1.2828543563        2.4207675339
LA         2.2439700702        0.5191556815        1.3395750175
LA         0.3260167250        2.6014062562       -0.4228650300
LA         0.0749416419        0.7168476666       -2.6715567071
LA        -0.5433402922        1.4909106535       -2.1439121344
LA        -2.1689388915        1.4578200802        0.6577997400
LA         0.9521428662       -1.0723218569        2.2125197876
LA        -1.7847602944        1.8981556750       -0.3025863293
LA        -0.0789675863       -0.8160208086        2.5748552759
LA        -0.0239903916       -1.6875186487       -1.9604919552
LA         0.4567890436       -0.3410033594       -2.6394241880
LA         1.4978708686       -0.5561097030       -2.2852610997
LA        -1.4863560123       -1.9271171793       -0.6312838489
LA        -1.0835460981       -1.4635654875       -1.6117715997
LA         2.1660376347       -0.6389758221       -1.3738334050
LA        -2.0440293913       -1.0247505824        1.0409320097
LA        -2.1100534992       -1.1238808558       -0.0840323975
LA        -1.4744935054       -0.3862235564       -1.6668116154
LA        -2.1025399105       -0.1802196949       -0.7319333096
LA        -2.1951137429        0.5359900707        1.3057602491
LA        -1.1434648802       -0.6090897398        2.2706327063
LA         1.5860711927       -1.2882225902        1.3058598082
LA        -1.1725192599        1.7090478971       -1.2323461748
LA         1.2983024600       -1.8450510339       -0.1561642167
LA        -0.4313952312       -2.1732766335       -1.0050500060
LA        -1.5057471227        0.4447290101        2.1799379216
LA        -1.4477343345       -1.8357996276        0.5113656937
LA         1.1168057510        0.5050202542       -2.3326112850
LA         2.2201681955       -0.4837393595        0.8597230966
LA        -1.4938044613        1.3709212056        1.5401394087
LA        -0.1095762836        2.0474742016       -1.2833959448
LA        -0.4485227623        0.2334512537        2.4997931569
LA         1.5994746881       -0.2770405157        1.7767423284
LA        -0.7296721415        2.2514129204       -0.3641144567
LA         0.2440803899       -2.2508613567       -0.0907716452
LA         2.1943905689        0.3668891721       -0.8807656199
LA        -0.3817162518       -2.0433902112        0.8352526114
LA         2.2231086140        0.4422588769        0.2285770453
LA         1.5507720517        1.0674208453       -1.4712933128
LA         0.2061648979        1.0304907753        2.0668768269
LA        -0.4373531477        1.7294473452        1.4751228028
LA         1.2258126029        0.7763170096        1.7070923200
LA         0.9405776591        1.8367348924       -0.9496178717
LA        -0.0568814455        2.1687614169        0.5279101449
LA         1.6087800831        1.2177273840        0.7524135418
LA         0.9698236635        1.9111484751        0.1655430950
LA        -0.7952732095        0.4186071967       -2.0610596598
LA        -2.0255531884        0.8225099491       -0.2329124226
LA         0.0605546610       -1.4397261937        1.6738700813
LA         2.2079098520       -0.5641158411       -0.2568984096
LA         0.6328328753       -1.7882192453       -1.0567620873
LA        -0.4209011737       -0.6356305314       -2.0282900350
LA         0.5085621824        1.2856461592       -1.8162365294
LA        -1.1160937176        1.8236843474        0.5918925865
LA         0.5803129118       -0.0191802237        2.1509692236
LA         1.5911529170        1.1476804082       -0.3605966111
LA         0.5902888177        1.4816988290        1.1222187642
LA        -2.0557879107       -0.0968016526        0.4088121175
LA        -0.9984616098       -1.2416861768        1.3732503539
LA        -1.4253041396        0.6346515502       -1.1601687246
LA         0.6896580558       -1.6597666693        0.7734705224
LA        -0.3922346990       -0.5416499088       -0.2055170579
LA         0.6316729367       -0.8394829444       -1.6739540881
LA        -1.2559674142       -0.8697310749       -0.7128926959
LA         1.2994068854       -0.9208442719       -0.7669844695
LA        -0.6028651504       -1.5589938712       -0.1205691036
LA        -1.3530975591       -0.1754037644        1.2811233298
LA         1.2818337187        0.0054286620       -1.3747641939
LA        -0.2212224739       -1.1098365015       -1.0633463902
LA         1.3183003143       -0.8386095004        0.3383858531
LA        -1.2048981118       -0.7841605523        0.4015851470
LA        -0.6679071472        0.6565114716        1.5171012170
LA         1.3391402863        0.1563395610        0.8099670219
LA         0.2522669369        0.2147620347       -1.7177627460
LA         0.0810710373        1.5222576879       -0.3471525476
LA        -1.3428179314        0.7442148779        0.6490996302
LA        -0.3536004587        0.9777037119       -1.2011488212
LA        -0.3055539273       -0.3828284740        1.6000462133
LA         0.7056899784       -0.6353916137        1.2441301085
LA        -0.9661339352        1.1790976715       -0.2915597408
LA        -0.5969080022       -0.0732108979       -1.1175944048
LA         0.4335901679       -1.1888851465       -0.1753658488
LA        -1.1990365242        0.1246464246       -0.2230765932
LA        -0.1696738199       -0.9891568281        0.7172725588
LA         1.3242029745        0.0823341227       -0.2836927889
LA         0.4359595525       -0.2760737670       -0.7831928947
LA        -0.5277745819        0.0486292461        0.6445612328
LA         0.6889878143        0.7730247730       -0.8671092595
LA         0.3404542728        0.4118681114        1.1749106609
LA        -0.2947701355        1.1016509962        0.5906063405
LA         0.7182189713        0.8483078924        0.2337160306
LA         0.4638443884       -0.1988789202        0.2969893081
LA        -0.1587743467        0.4777037206       -0.2766656733
          98
Energy of minimum      5=    -542.5125802     first found at step     2764 after               378057 function calls
LA        -2.4489773079        1.2349155752       -1.1175190563
LA         0.5344137904       -1.3270197940        2.3749351854
LA        -1.4198854350        1.2434036638        1.9861724340
LA         2.4218745282       -1.1666820712        1.1981969376
LA        -0.2520552237       -2.6538520521       -0.1389068474
LA        -1.6883254152       -0.5160250385       -2.2610029370
LA         1.6342043415       -0.6221363489       -1.9972498961
LA         2.5884590260        0.8872087561        0.3454161805
LA        -2.0902104766       -1.5520172535        0.4724252936
LA         2.3195548567        1.0735715893       -0.7280393751
LA        -2.5731403110       -0.8336251798       -0.2411825680
LA        -0.5155173302        1.3791435884       -2.2598499682
LA         0.6037576245        1.3455100901       -2.1681346062
LA         0.8536558011        1.1353553042        2.1490115854
LA         1.1469591452       -0.3838530056        2.4121301018
LA         2.1849617026        0.7353145277        1.3853067610
LA        -1.2482120990       -1.7041553065        1.2050840414
LA        -0.7898307550        1.9477777081        1.3730775431
LA         2.0885012979       -0.2971877011        1.8095445599
LA         0.3612515403        1.8975414791        1.4609054735
LA        -1.9405789111        1.5906056181       -0.2011657395
LA        -1.0592985688        2.1277288517        0.2627049926
LA        -0.3159646777       -2.2441518677        0.8961267561
LA         0.7904795181        2.0671141003        0.4084643069
LA        -0.0799338363        2.2036674113       -0.3227362044
LA        -1.4907658766        1.3142512899       -1.6998903725
LA        -2.5262663584        0.2009359768       -0.6826560041
LA         1.4735320443        1.2179358221       -1.4603871566
LA        -0.3668353859       -0.7524962461        2.0984754856
LA         1.4798671642       -1.2475827315        1.7877886265
LA        -0.2876624006        1.2019624756        2.0877637277
LA        -2.0689364923        0.3586230792       -1.6898987616
LA        -1.6975653728        1.4312333589        0.8990367886
LA         2.5070891643       -0.1400460786        0.7725599868
LA        -1.1711848170       -2.1053977843        0.1675145625
LA        -2.1318986699       -0.6750033690       -1.2515519570
LA        -1.1026922015        0.4319645621       -2.2614711213
LA         1.9773969986        0.2263191534       -1.3642040409
LA         1.1207975525        0.3622546000       -2.0835634630
LA        -0.8998402497        0.2448870950        2.0638940772
LA        -1.7632294453        0.3888945441        1.3348569378
LA         0.6420462737       -2.1657051046        0.3098236047
LA         1.5333979103       -1.6697542641        0.7545925180
LA         2.1659253093       -0.9886532412        0.1305203104
LA        -0.5800312118       -0.5527800988       -2.1801776390
LA        -0.7344669450       -1.9467237297       -0.8508379902
LA        -1.2128782231       -1.2343932439       -1.5573874638
LA         1.9035881069       -0.8068281241       -0.9336697371
LA         0.5266843962       -0.5879989494       -2.0925411727
LA         0.3794208945       -1.9814619197       -0.7616816777
LA         1.0075701541       -1.3047164409       -1.3805974219
LA         1.6864109817        1.4691888396        0.0864144857
LA        -0.0168288397        1.7385051381       -1.3432885801
LA        -2.0645249111       -0.4647643387        0.6667515728
LA         0.5876707725       -1.7586460695        1.3472477400
LA         1.2808343932        1.3214675086        1.1206382113
LA         2.2546181761        0.0403958819       -0.2995300676
LA        -1.6591571624       -1.4000735941       -0.5471633670
LA         0.0101815760        0.3967415475       -2.1860946698
LA         0.2377354183        0.1946088862        2.1432824932
LA        -1.2319496368       -0.6125140414        1.3966670435
LA         1.2792156415       -1.4959354590       -0.3160955843
LA        -0.1021600019       -1.2764555387       -1.4795507012
LA        -0.9869071857        1.6798780666       -0.7850263998
LA        -2.0219941480        0.5644124608        0.2336609078
LA         0.8480842554        1.6198303609       -0.6412666380
LA        -0.1985547825        0.5325161068        0.4010109844
LA         1.1953181111        0.2775871524        1.5370185931
LA        -0.1700334243        1.5731497067        0.5648978613
LA        -0.2993451493       -1.1655245262        1.0765835365
LA        -0.7983265043        0.8806479195        1.1792680905
LA        -1.5546636454        0.7102594797       -0.7799853409
LA         0.5892719902       -0.6636958310        1.5096318080
LA         0.3100615293        0.8361433508        1.2596890145
LA         1.5204269416       -0.5836639227        0.9222756005
LA        -1.0527076515        1.0566010906        0.1111229269
LA        -0.2334694251       -1.5615190852        0.0464662715
LA        -1.1742368453       -0.1580783781       -1.3450269172
LA         1.6075381751        0.4342950479        0.5049998272
LA         1.0045128296       -0.2276038864       -1.1736900495
LA        -1.1447310415       -1.0208092029        0.3534132235
LA        -1.6187789253       -0.3149169851       -0.3480278600
LA        -0.5985758511        0.7829165429       -1.3491279781
LA         1.3467874104        0.6152913523       -0.5504257613
LA         0.4996009632        0.7493397559       -1.2617153744
LA         0.7244775269        0.9998689576        0.2469573284
LA        -0.2862745368       -0.0933580255        1.2392684066
LA        -0.1088096325        1.1312945869       -0.4525981551
LA        -1.1175630409        0.0446152343        0.5371379241
LA         0.6496040391       -0.0169835983        0.6606796927
LA         0.6491487651       -1.0846490671        0.4875109336
LA        -0.6801293198        0.1908868236       -0.4592304817
LA         1.2738120319       -0.4120559080       -0.1287627756
LA        -0.0844655228       -0.1965914133       -1.2724562803
LA        -0.7089987900       -0.8696310244       -0.6568136341
LA         0.3896495696       -0.9042583799       -0.5701449959
LA         0.3961240885        0.1575659293       -0.3766683525
LA        -0.2171043558       -0.5041527276        0.2300698855
