50.000000000000000     50.000000000000000     50.000000000000000
49.688537630819006     49.881370776849138     50.426330807087218
49.928697241909191     50.047634842238516     49.462114132480110
50.254093875975663     49.740914303404331     50.422370262331171
50.242538378065177     50.495172971400869     49.349222382049014
49.337450721178676     49.760020831753401     49.692948424948852
50.937663451372579     50.494754868109737     49.153022342799467
49.904682615271007     49.378528848312712     49.625202247139278
50.269151023306677     49.258932146156596     50.275895113211227
51.597270610222374     50.624499224126339     48.945275619379295
50.514195253612449     50.670160506834726     49.900700098795504
50.034324959212547     50.993203050648134     48.903553130669749
49.566649917493976     49.029776221577762     49.916681087873769
50.541395403717630     48.978855280240609     50.871601207473731
52.197246419682749     50.273984107347616     49.247467716161317
50.589886937517427     50.329191212975175     48.712803404262800
51.336168864264131     49.873893312446604     49.386137391409598
48.975302903580996     49.694427996852426     49.252300183130870
48.563175152551544     50.144992545837674     48.997248620121411
49.118616397071186     49.752789496334657     50.190909016435334
51.509150391149021     51.228167919010694     49.446316119556315
49.818113556875652     49.337319915204638     50.790603972536303
50.119275733945713     51.679838937731830     48.942083508636294
50.223241486846334     48.981132531476504     49.502866245228979
49.088035436485725     49.231980958485799     49.703447432860692
50.926675632019325     48.878393324695629     49.418472392839242
50.648705270014275     51.077250102981665     48.993068656189649
50.592595700625608     48.196305534773671     49.312448095179690
49.965328053759130     51.073497958803557     50.046468482127125
51.607703625612700     49.096271215411228     49.513593136894407
50.843111903543864     48.559850114670077     48.965207660552650
49.263625082865374     50.366147653055918     49.727340466352743
49.747673566022549     51.435218809356492     50.361754394776476
49.259398928464286     51.054981408792578     49.918398684290395
50.174754831900202     47.913163448189415     49.405771099971538
52.300925688961790     50.130202090428142     49.969438990065775
49.554887529804482     47.609778295647857     49.402715021186161
49.327966160466652     48.195347811509819     49.595641655848176
