          98
Energy of minimum      1=    -543.6653608     first found at step      279 after                58245 function calls
LA        -1.3483965566       -1.8556015568        1.2269008957
LA        -2.4785057199       -0.5196877705        0.5946850147
LA         2.1375719626       -0.8346354701       -1.2251061424
LA         0.3379173493        1.2927551177       -2.2318851655
LA        -2.0750055265        1.2731434826        0.9166095697
LA         0.1883393500       -1.4023800447        2.1827903925
LA         0.2103070382        2.5495879839       -0.4712611700
LA         2.4736525965       -0.1259364829        0.7949200268
LA         0.3077204108        2.2000038054        1.3535164044
LA        -0.0644684864       -0.4951296365       -2.5529211889
LA         0.6050761054       -1.2866053131       -2.1783585143
LA         1.4409563254        0.8603937929        1.9874814704
LA         2.2352542643       -1.1851865947        0.6047198599
LA         0.5907269756        0.3855048587        2.5038257578
LA        -0.5425088233        1.7251147148        1.8698607457
LA        -0.6976359315        2.2818135927       -1.0360240480
LA         0.8001704502       -1.9867412482        1.4762457117
LA        -2.1327191737        1.4802581737       -0.1644978848
LA        -2.5362189243       -0.3125730231       -0.4864225033
LA        -0.7365652635       -2.4399623731        0.5203559947
LA        -1.5035217132       -1.2989021974       -1.6789847639
LA        -0.8339771843       -2.0903777804       -1.3044221239
LA         1.2458602028        1.5605292816       -1.6671220345
LA         2.3759699789        0.2246146646       -1.0349058290
LA        -1.9961674291        0.2217333672        1.2671394490
LA        -0.8528401508       -1.1298056876        1.9067499202
LA         1.8164100953       -1.4815985282       -0.3808051982
LA        -0.6591334321        1.4447673863       -1.7656961013
LA         1.1474311241        1.9775670107       -0.6419677836
LA         2.2907589135        0.6260272560       -0.0023570379
LA         1.2459838098        1.6238939039        1.2041529748
LA        -1.0662258438       -0.3640290871       -2.0904873045
LA         0.2659897057       -1.9388550147       -1.3452072638
LA        -2.1110016400        0.6338366902       -0.8839764996
LA         0.3645412034       -2.2925283358        0.5009140262
LA        -0.4457461766        0.6789910505        2.2315405230
LA         1.6598672226        0.5330906198       -1.8406181481
LA        -1.3850122008       -2.0979487897       -0.3279814625
LA        -2.0576293694       -1.3028410151       -0.7042630215
LA        -1.2710198756        2.1922244099       -0.0766817083
LA         1.6108035573       -1.2144091489        1.5354939822
LA        -1.2130412890        1.9841592630        1.0093870638
LA         0.9961647216       -0.6273661623        2.2452810380
LA         1.8502961071       -0.1502979650        1.7265671964
LA        -0.3589102474        2.4612279096        0.4906730436
LA         0.7477579826        0.2640875735       -2.4079732939
LA         1.4203753114       -0.5310204225       -2.0316916385
LA        -1.9996513146       -1.5109062301        0.3818059549
LA        -1.0621396019       -0.0738495389        1.7425647229
LA         1.5100511479        1.3628279963        0.1804734408
LA         0.7888276248       -1.8417110907       -0.3949386205
LA        -1.2367391994        0.5527326317       -1.5280994953
LA        -1.1324468346        0.9455724450        1.3722504370
LA        -0.0384601562       -0.3476406010        1.9842583430
LA        -0.2909274530       -1.9609374043       -0.3601387921
LA        -1.6380949960       -0.3684365787       -1.1137834123
LA         1.5779576127        0.9462773350       -0.8211108851
LA         1.6722571354        0.6078671435        0.9453399445
LA        -1.2485703430        1.3623007754       -0.8030085838
LA         0.5782701172        1.9010806212        0.3333318584
LA         1.1925841732       -1.5234134889        0.5626441195
LA        -0.2488824117        0.4074978317       -1.9574516190
LA         1.0982851528       -1.1850030580       -1.2038069833
LA        -1.5219721026       -0.7851650277        1.0614757487
LA        -2.0413942912        0.4252456039        0.1904442541
LA        -0.2427002371       -1.7010093720        1.1966859223
LA         2.0413941411       -0.4252462543       -0.1904438686
LA         0.2426995352        1.7010094721       -1.1966858361
LA         0.3977436858        1.1446074436        1.7076494959
LA        -0.3977428095       -1.1446068918       -1.7076500082
LA        -0.9625912721       -1.1603463967       -0.7312211272
LA        -1.1834191370        1.1517937288        0.2838319571
LA         0.5773765401       -0.9296612100        1.2688721760
LA         1.4251533520       -0.4561421416        0.7540174891
LA        -0.3356425449        1.6253130872       -0.2310228457
LA         0.6633101758        0.6712119208       -1.3846169916
LA         1.3309233852       -0.1179806495       -1.0111347855
LA         0.8150872295        0.1265332876        1.4585240695
LA        -0.9050446790       -1.3668637558        0.3467677996
LA        -0.2780954591        1.4187959462        0.8469659438
LA        -1.5726577653       -0.5776713658       -0.0267143368
LA         0.4256000470       -0.3849824599       -1.5742691378
LA        -1.0968822900        0.1309787522        0.6453984380
LA        -0.4396532493       -0.6459385486        1.0130714415
LA        -0.2056400373        0.3938279781        1.1997736299
LA         1.0065693015       -0.7639551653       -0.2000898489
LA        -0.3199865259        0.8041803533       -0.9422036817
LA         0.5876605870        1.0718675624       -0.3776243012
LA         1.2448897917        0.2949500429       -0.0099512075
LA        -0.5539993529       -0.2355861556       -1.1289060460
LA         0.1153272301       -1.0268041083       -0.7544653274
LA         0.6443124714        0.8685624838        0.6835975519
LA        -1.1545768542        0.3380260294       -0.4353570590
LA         0.1719787751       -1.2301092328        0.3067566659
LA         0.4030056816       -0.1801142826        0.4979489327
LA        -0.2570486170        0.6001427968        0.1286953989
LA        -0.4920675657       -0.4440932680       -0.0588094695
LA         0.3461104002        0.0240647468       -0.5678346965
