          38
Energy of minimum      1=    -173.9284266     first found at step      154 after                17305 function calls
LA         0.1280633371        0.8232612309        1.5384023281
LA         1.1578502822        1.3115682976       -0.0035705977
LA        -1.6155335558        0.0204984267       -0.6711724584
LA        -1.2552586856        0.1792948533        1.2054126108
LA        -1.1578502882       -1.3115681455        0.0035707041
LA         1.6155334952       -0.0204985557        0.6711723318
LA         1.2552587391       -0.1792951442       -1.2054126057
LA        -0.1280632771       -0.8232610950       -1.5384022952
LA        -1.6678059284       -0.3955050412        0.3504856956
LA         1.1504590739       -1.0133288356        0.8428815102
LA        -0.2328627062       -1.6572946892        0.5098921434
LA        -1.1055779597       -0.8955647824       -1.0180875179
LA         0.7399120389       -1.5853416610       -0.0078999012
LA         1.1055780214        0.8955647677        1.0180874795
LA         0.1776843013       -1.0852816917        1.3606735153
LA         1.6678059632        0.3955050198       -0.3504857208
LA        -0.7399123532        1.5853415667        0.0078999737
LA        -0.1776840382        1.0852816964       -1.3606734804
LA        -1.1504590619        1.0133287552       -0.8428816895
LA         0.2328625763        1.6572947470       -0.5098919332
LA         0.3347562759        0.1647550240       -1.7092789309
LA         0.7924391660       -1.1673113220       -1.0345360020
LA        -0.3347560309       -0.1647549723        1.7092789571
LA        -0.7924394034        1.1673111073        1.0345361131
LA         0.7421342916        0.7362016228       -0.8530951757
LA        -0.6378422210        0.0937929555       -1.1852795693
LA         0.1812658298        1.2350521114        0.5121684098
LA        -1.1987105460        0.5926433479        0.1799839852
LA        -0.1812659702       -1.2350520373       -0.5121683104
LA         1.1987104503       -0.5926434313       -0.1799840767
LA         0.6378422390       -0.0937929022        1.1852794442
LA        -0.7421340744       -0.7362015498        0.8530952023
LA        -0.2273884904        0.6618041030       -0.3352292442
LA         0.6872690332        0.3199385729        0.1654375769
LA        -0.2793289491        0.2484423323        0.6799415537
LA        -0.6872690398       -0.3199384416       -0.1654376473
LA         0.2793289652       -0.2484422206       -0.6799415921
LA         0.2273885002       -0.6618040200        0.3352292134
