          98
Energy of minimum      1=    -543.6653608     first found at step    27639 after              3848461 function calls
LA        -0.3812139916        2.4697157643        0.7224233947
LA         0.2074654417       -2.5832993014       -0.2241407248
LA         0.2259912537       -0.3631266067       -2.5658883552
LA         1.7283389675       -1.3036574187        1.4422335705
LA         1.6924128423        1.8406244344        0.7173261345
LA         1.2964447171        1.3583778064       -1.8002102071
LA        -1.8779795455        0.8117390132       -1.6065453945
LA        -0.7490240873       -2.4714811995        0.3121849273
LA        -1.5186645741       -1.7270405442       -1.2156084976
LA        -1.9368968479        1.7363704497        0.0127991456
LA        -0.7146567454        0.5541482901        2.4390367458
LA        -2.4038537839        0.8620581772        0.4950338319
LA        -0.8077788320       -1.5494006968        1.9270615952
LA         2.5534946532       -0.3701388622       -0.3307218249
LA        -0.2635419241        0.6230033258       -2.5117979634
LA         0.1139012593       -1.1149235655        2.3474856490
LA         1.7859779303        0.3722478760       -1.8543003473
LA        -1.6363365257        0.1196710123        2.0186126202
LA        -2.3449361618       -0.0625732414       -1.1243107590
LA         1.2376900648        2.2804585016       -0.1853333327
LA        -0.5621750810       -1.8388584090       -1.7519342421
LA         2.5186847814        0.1761573718        0.6260275385
LA         0.0735087639        2.0298812375        1.6250825651
LA         1.7631484625       -1.8499533515        0.4854839029
LA        -1.4423321020        1.6152409167       -0.9747653359
LA        -1.5355153722       -1.8083430181       -0.1076120685
LA         1.8722607896       -0.2019245320        1.4468443073
LA         0.2389400963       -0.0109831335        2.3626848495
LA         0.1315466476        2.3571635503       -0.2568410027
LA        -1.5949573993       -0.8754775615        1.5261527160
LA         1.9415229063       -1.2889080284       -0.4568327566
LA        -2.3714515646       -0.1244074996       -0.0152463880
LA         1.1650289348       -0.5378381170       -1.9982316216
LA         0.3676440879       -2.0308309522       -1.1747572847
LA         1.0363241266        1.4820104140        1.5392105294
LA         0.1909885861        1.4242978767       -1.8906059725
LA        -0.8845885484        1.4921774431        1.8488182096
LA         0.7656272059       -2.3104259320        0.7092019751
LA        -1.8104979881        1.0557060105        1.4264643593
LA        -0.7347612440       -0.8591632406       -2.2691812861
LA         1.8146017225        1.5650799421       -0.8276257908
LA        -1.2265409257        0.1314922181       -2.2148423159
LA        -1.6956402969       -0.7468323407       -1.7303943623
LA         0.7306580340       -1.7616230572        1.6703421418
LA         2.2714113666        1.1232276460        0.0791761058
LA         2.3063812924        0.5744244402       -0.8819639513
LA        -1.3413981141        1.9340306280        0.9420166467
LA        -0.1952518130       -2.1980945793        1.2479889854
LA         1.0146768502        0.4091244719        1.7242891750
LA        -0.3609922827        1.7397510955       -1.0065169100
LA        -1.7736717860       -0.9052968012        0.4523841633
LA         1.1199868055       -1.2435785902       -1.1701563805
LA         0.0699500325        0.9437445490        1.7787824425
LA         0.1968667349       -1.0480453165       -1.7095199643
LA        -1.7845298370        0.0695470913        0.9328614941
LA        -1.7276530076       -0.8230600938       -0.6303977242
LA        -0.7881055514        0.9361131153       -1.6006863733
LA         1.7028241175       -0.3381403689       -1.0225776576
LA        -0.8449822929        1.8287203268       -0.0374268049
LA         0.8698113937       -0.6675197525        1.6904021558
LA         0.7178517279        1.6460178688       -0.9137440248
LA         0.9398508705       -1.7667025687       -0.2346407100
LA         1.6327842051        0.7610427216        0.9024654889
LA        -0.9846686214       -1.5417173603        0.8444814756
LA        -1.8955724488        0.7409919057       -0.4920673892
LA        -0.5804693395       -1.9081921682       -0.6373786013
LA         1.8955724133       -0.7409914226        0.4920674095
LA         0.5804691909        1.9081921986        0.6373785780
LA         0.6739839964        0.4405988096       -1.9328764134
LA        -0.6739837722       -0.4405993994        1.9328764115
LA        -0.7630634502       -0.9290561048       -1.1671585303
LA        -1.3080192576        0.9461803582        0.4488861268
LA        -1.2511841857        0.0542293056       -1.1132239944
LA        -0.8546079471        0.5076145243        1.3489413854
LA        -0.3889982436        1.3794046634        0.8680975122
LA         0.8983957192       -1.2139607360        0.7258477205
LA         1.6608076555        0.2135514183       -0.0615098935
LA         1.2073964006        0.6521168105       -0.9615652298
LA        -0.2974537308       -0.0572661853       -1.6480025280
LA        -0.0553346053       -1.1024654197        1.2606262176
LA         1.1726869377        1.1968368022       -0.0075754071
LA        -0.0206253603       -1.6471852175        0.3066364671
LA         0.1269824757        0.7358733989       -1.0388507807
LA         0.0928129363        1.2721206201       -0.0996993174
LA         0.1579884595       -1.1081658109       -0.6195588168
LA         0.6163561100       -0.2499356827       -1.0929237138
LA         0.5473879482        0.8324294839        0.8026659295
LA         1.0279165978       -0.1355618449        0.7495702939
LA         0.0890204932       -0.0258007963        1.2760308451
LA        -0.7981896811       -0.9963842215       -0.0834078747
LA        -0.8119136634        0.8456346845       -0.5123902612
LA        -1.2787182251       -0.0283927798       -0.0303122204
LA         1.0627151250       -0.6816797583       -0.2068679027
LA        -0.8323591793       -0.4601370871        0.8557436004
LA        -0.3306442786       -0.1333178474       -0.5618795232
LA         0.5779713143        0.2950014654       -0.1474146451
LA        -0.3649607292        0.4052344512        0.3813089665
LA         0.1176334997       -0.5669179634        0.3279850722
          98
Energy of minimum      2=    -543.6429572     first found at step    15011 after              2073721 function calls
LA         2.0581672892        1.2119515689       -1.3492295364
LA        -2.2645503228       -0.3054074984       -1.7848855492
LA         0.4760035499        0.2036602014        2.8529321022
LA        -1.6331671283       -1.7492244909        1.1570650745
LA        -1.9019798637        1.5686999775        0.9517197390
LA        -0.8348128550       -2.0130477382       -1.6671560958
LA         1.2327553892       -1.6289894380        1.8317720441
LA         0.9393409779        1.9940096435        1.6056011514
LA        -1.1265958394        1.6102542436       -1.8905692418
LA         0.5253128632       -2.2854666512        1.2573371225
LA        -0.6180202905       -2.4978447912       -0.6775169516
LA        -1.0014043879        2.2403984764       -0.9701002399
LA         0.1410950567        2.4526216729        0.9633420929
LA         0.5881906413       -0.1131620246       -2.4864804447
LA         2.4559933337        0.2337873959        0.6743873156
LA        -0.6144249078       -1.1313814884       -2.3325085708
LA         1.8337189335       -0.6766297821        1.8104653066
LA        -0.7612235239        0.7014825471       -2.4455976419
LA         1.6857486607        1.1560166944        1.6953948387
LA         2.1685449368        0.0924857067       -1.2915766793
LA        -1.3251409356       -0.2659639477       -2.3817886452
LA         1.4479383147        0.2491456552        2.3110715416
LA         1.4276048250       -0.5783420320       -1.8736320081
LA         2.3770080572       -0.4019877311       -0.2669644469
LA         1.2017763482       -1.4898727703       -1.2141032560
LA         1.7812971125       -1.3822247495       -0.2333846042
LA        -0.0478904566       -2.4103141105        0.2928662165
LA        -0.4342732618        2.3646762806       -0.0029392759
LA         2.2796924926        0.7298490482       -0.3428116916
LA         1.3382049999        0.5549654582       -1.9360831790
LA        -1.5509796997       -1.1596353170       -1.7275049825
LA         0.8550747747       -0.7127020623        2.3442413766
LA         0.7085739236        1.0992808393        2.2312687975
LA        -1.6969148068        0.6524525492       -1.8395217592
LA        -0.5545480038       -2.0189134346        1.2069726710
LA        -1.1255481976       -2.1249787853        0.2406731972
LA        -1.4519120874        1.9060420725       -0.0085305630
LA        -0.8812646053        2.0120419216        0.9571715882
LA         0.9631013848        1.4792163775       -1.3933321314
LA         1.5377308779        1.5859553211       -0.4208912865
LA        -2.1507420858        0.3222414914       -0.8734562417
LA        -0.3197002588        0.6623642183        2.2252016200
LA        -0.2295835712       -0.4509283971        2.2942988414
LA        -2.0607541157       -0.7910749623       -0.8045768745
LA        -0.9318086493       -1.1016752076        1.7293892574
LA        -1.8502379679       -1.2722768759        0.1751384851
LA        -2.0298426839        0.9467296361        0.0378450509
LA        -1.1115384058        1.1173081091        1.5918842620
LA        -1.7279848304       -0.6429992301        1.0916700432
LA        -1.8174950865        0.4620440256        1.0232681322
LA         1.2875251833       -1.6843267520        0.7304458967
LA         0.1533120082       -1.8950105395       -1.1889742606
LA        -0.1374642106        1.7115981574       -1.4101620737
LA         0.9942618019        1.9218194871        0.5050490796
LA         0.3782323540       -1.0194637399       -1.8500928055
LA         1.8876032186       -0.7390933516        0.7042042445
LA        -1.3483246894       -1.6513180325       -0.7454574229
LA         0.1479954266       -1.3733711242        1.7867530723
LA        -0.0900114617        1.5638384567        1.6044687354
LA        -1.5858756992        1.2859760659       -0.9269712863
LA         0.2311524505        0.8127177449       -1.9611289384
LA         1.7377799441        1.0925779912        0.5885248481
LA        -1.0301958626        0.0076920643        1.6693088359
LA        -1.9517074974       -0.1634821772        0.1098415611
LA         0.7238856079       -1.8138973981       -0.2286533344
LA         0.4280241844        1.8398181415       -0.4548716702
LA         0.6106265033        0.0118935512       -0.3621336499
LA        -0.3488178667       -0.1568002493       -1.8952594066
LA         1.4905602666        0.1848707273        1.2175058226
LA         1.4223729081       -0.5105452315       -0.7844614872
LA         1.3207096733        0.6016047838       -0.8464611720
LA         1.5207451849        0.1206507255        0.1365550362
LA         0.6104910097       -0.0484315677       -1.4038608265
LA         0.5199049227        0.1383218015        1.7474102405
LA        -1.2771224246       -0.1954825486       -1.2936853118
LA        -0.5708786547       -1.0425577665       -1.2417730140
LA         0.8994741689       -0.7694344357        1.2464932929
LA        -0.8640595595       -1.1429897017        0.6360451577
LA        -1.0403555563        1.0341166776        0.5012517314
LA        -0.7159731647        0.7536304093       -1.3524128609
LA         0.7537027701        1.0266279629        1.1347090484
LA        -0.3611881750       -1.5200976837       -0.2700577732
LA         0.2034436442       -1.4152152928        0.6854645026
LA        -0.5956008894        1.3733249372       -0.4484885684
LA        -0.0315301904        1.4781029386        0.5060839355
LA         0.9478017054       -0.8235994114        0.1692253338
LA         0.3931094978       -0.9266353373       -0.7694761583
LA         0.2481497981        0.8509426119       -0.8778009352
LA         0.8018602648        0.9537959742        0.0592390657
LA        -0.3200106182       -0.0895317080       -0.8243279082
LA         0.5683865959        0.0754912811        0.6790999504
LA        -1.0825457187       -0.6754269983       -0.3298528321
LA        -0.1764122344       -0.5071093183        1.2035899667
LA        -1.1713755458        0.4231995801       -0.3978012162
LA        -0.2653732779        0.5914928705        1.1354195787
LA        -0.9630082574       -0.0548959524        0.5750812275
LA        -0.1173803586       -0.5590839591        0.1307292952
LA        -0.2044350943        0.5190577194        0.0638294819
          98
Energy of minimum      3=    -543.5467256     first found at step    11939 after              1619772 function calls
LA         2.1676264235       -0.2910472827       -1.6065989953
LA         2.4348688465        1.1964044357        0.0671050631
LA        -1.9437625066        1.7404136660       -1.2363761995
LA        -1.7389768063        0.6787403906        1.9218731848
LA        -2.1343326034       -1.5217836068       -0.5541882114
LA         0.9669852440       -0.2965788290        2.5628590559
LA         0.5353454059       -2.6990631366       -0.1404530645
LA        -0.9011535318        0.2662890161       -2.5462914438
LA        -0.4695391479        2.6686170730        0.1568431680
LA        -0.1665129215       -2.4707252634       -0.9865435560
LA         0.3979841297        0.6712292802        2.5488308978
LA        -0.3969092116        2.3107482927        1.2181380998
LA        -0.9613117039       -0.8306757174       -2.3166379572
LA         1.0028758977       -2.0038183385        1.6207016501
LA         2.2723852159       -1.0234310302        0.5467079205
LA         0.9769809301        1.6495548715       -1.6219864485
LA         1.5163912311       -1.0545550844        1.9366741632
LA         1.2979760212       -2.2702420742        0.5687645374
LA        -0.1848901795        2.4555779893       -0.9115570094
LA        -0.4032444867        1.2402361612       -2.2790771539
LA        -0.9207107849        1.9761094453       -1.6091960851
LA         0.4642292263       -1.2481415041        2.2610268048
LA         0.2485744505       -2.4484650865        0.9104043125
LA        -0.7400778708       -1.9773477776        1.1228502495
LA        -0.6076796032       -1.2404261820        1.9520450810
LA        -0.0006725310        1.5025590157        1.8983965035
LA        -0.5695206275       -1.6636098754       -1.6642237903
LA         2.3171718601        0.4559671223       -0.7752123048
LA        -1.4236433870        1.0046972109       -1.8927593709
LA        -1.2077625939        2.2062713945       -0.5407310530
LA         2.3767979405        0.0885989421        0.3083288117
LA         2.2419453569       -0.6619801603       -0.5362344306
LA         1.5890138064        0.6853711622       -1.6294243683
LA         1.7238710442        1.4359772904       -0.7848304797
LA        -0.6712864198        0.6764152973        2.2365625641
LA        -1.1516273304       -1.9971305850       -0.7717506692
LA        -1.0683472047        1.4954928143        1.5717180011
LA        -1.5486333530       -1.1777456507       -1.4362489660
LA         1.4824784974       -1.1157176105       -1.2516528634
LA         1.8354536714        0.8489174537        0.9589848588
LA         1.0827864124       -0.2908874377       -1.9207431291
LA         1.4357384528        1.6736178980        0.2897486116
LA        -1.4394373111       -1.7527946063        0.2846623491
LA        -1.1750510422       -0.2812375363        1.9404795446
LA        -2.0150787607        0.6526310722       -1.0122580110
LA        -1.8824377379        1.3909004591       -0.1815466053
LA        -1.8140783043        1.0375675792        0.8706426263
LA        -2.0784959924       -0.4341618894       -0.7853683883
LA        -2.0088663680       -0.7892034414        0.2734533559
LA        -1.8771609490       -0.0561400070        1.0983068396
LA         0.7766508135       -1.9067527421       -0.8714802201
LA         1.2062433406        0.4843301108        1.8190029638
LA         0.4187018987        2.1091980738        0.5004359691
LA        -0.0108448774       -0.2816269032       -2.1897566021
LA        -0.1072400638       -0.2865864464        2.2618749163
LA        -0.4573213023       -2.2351187787        0.0693571605
LA        -1.4976606145       -0.0876205260       -1.6722576005
LA        -1.1477178963        1.8601328171        0.5193825533
LA         1.5364947179       -1.4782121533       -0.1718766573
LA         1.7546753401       -0.2638335822        1.1945606094
LA         0.4892477380        0.6827204278       -1.9249452194
LA         0.7073972177        1.8969246767       -0.5587042780
LA        -1.3177544535       -1.0212754544        1.1180345092
LA        -1.9586994209        0.3017291849        0.0445954653
LA         0.3813381059       -1.1095524590       -1.5486860536
LA         0.8165319725        1.3127050467        1.1768750785
LA         0.6294634738        0.1075968688       -0.1961306038
LA         1.2331764482       -1.2192007550        0.8866246820
LA        -0.0453703836        1.4195747401       -1.2543594355
LA         0.1898035404       -1.4029660974        1.2165367681
LA         1.3844554369       -0.0889279112       -0.8895863786
LA         1.5159630321        0.6430339468       -0.0659714471
LA        -1.0591166769        1.1781174413       -0.8779054630
LA         1.4424716936       -0.4419264662        0.1624272594
LA         0.8105793790        0.8623000208       -0.8957686307
LA         0.4783996466       -1.6571608494        0.1795817136
LA         0.6924502336       -0.4657680954        1.5201551775
LA        -0.9260570529        0.4823480502        1.1941659490
LA        -1.1855278729       -0.9618485504       -0.4308649825
LA        -0.3297647231        1.6435648339       -0.1916210791
LA        -0.5437475846        0.4525530010       -1.5317651099
LA        -0.2136117225       -1.4352831279       -0.6502680932
LA         0.1311720183        0.4837601179        1.5090681542
LA        -0.6060938108       -0.6253443879       -1.3071182683
LA        -0.2613606776        1.2934153200        0.8518985567
LA         0.7068894519       -0.8811244266       -0.5336582555
LA         0.9186670808        0.2976160457        0.7926785732
LA         0.5333145186        1.0927350096        0.1474471846
LA         0.3215583911       -0.0858844051       -1.1787532627
LA         0.4168472470       -0.6381688343        0.5005944404
LA        -0.5051131185       -1.1925664484        0.3961055153
LA        -0.3741610529       -0.4636959141        1.2162414092
LA        -0.2012298624        0.6380447723       -0.5349122850
LA        -1.0043223334        0.8371026746        0.1606206705
LA        -1.1352403669        0.1084226638       -0.6593006705
LA        -1.0679299716       -0.2421759288        0.3857442322
LA        -0.2657205064       -0.4214151892       -0.3138308602
LA        -0.1371651843        0.2941149676        0.4912942451
          98
Energy of minimum      4=    -543.1896663     first found at step    11031 after              1491176 function calls
LA         2.3132321027       -1.1781261282        0.6552205857
LA         1.5819704042       -1.7278318259       -1.3044705818
LA         1.9423506566        1.3139637404       -1.4002135244
LA        -0.1068783235        1.3703670303       -2.3426145566
LA         0.2094522207       -2.8642648295       -0.5702730260
LA        -0.9377011908        1.6596970574        2.1716673548
LA         0.7801700031       -1.2002255080        2.2689868809
LA        -2.2467587555       -1.1227814567        0.8719766483
LA        -2.0511769988        1.7498802989        0.2416197354
LA        -1.1886043634       -1.6593028397       -1.8239817505
LA         1.2557137544        1.6651700799        1.7635657498
LA         1.8333375183        0.7046853314        1.7966435637
LA        -2.0124770402       -1.0709456960       -1.3411496860
LA        -2.4886670340        0.8149610492       -0.1991805690
LA         1.0391335475       -0.5925786526       -2.2582668361
LA         0.2668815000        2.4787572373       -0.3900998465
LA        -0.0903035949       -1.6842564291       -2.0652587903
LA         0.5631962149        2.3085870262        1.1526025166
LA        -1.1096506728        2.3512781254        0.3824155361
LA         0.6140676347       -2.2796177897       -1.4279727252
LA        -0.5414163476        2.2960720463        1.3475184344
LA         1.1688757582       -2.3084211051       -0.4398983981
LA         2.0884522522       -0.2389836150        1.2362926628
LA        -2.2684719244       -0.1294839677       -0.7752793075
LA         2.1351483200       -0.6543977754       -0.3003371061
LA         0.9236645232        1.3522884201       -1.8841282750
LA        -0.4900602325       -2.2636683498       -1.1979546295
LA        -1.4952467389        1.7063550105        1.2078746802
LA         0.1586399256        1.6642297933        1.9694202934
LA         1.5047123492        0.3677235060       -1.8478853080
LA         1.5474059999       -1.1896351853        1.4632862515
LA         0.4710231934        0.3947332995       -2.3224912620
LA         1.1157087540        1.9141811322       -0.9050837900
LA         0.0817190260        1.9427569550       -1.3808607588
LA         1.3076245680       -0.2482054465        2.0338838448
LA        -2.1313300517       -1.0968963210       -0.2344541994
LA        -2.3694545047       -0.1545824237        0.3361069116
LA         2.0623120833        0.3319412803       -0.8533003130
LA         0.4037392265       -2.3168176203        0.3794302710
LA         1.8232656918        1.2811715332       -0.2776520442
LA        -0.8825365995        1.3548351944       -1.5226524526
LA        -0.6434313559        0.4065489610       -2.0973008999
LA         0.5939851172       -1.7620803704        1.3251584456
LA        -0.6132194119       -2.2905748230       -0.0879699628
LA        -0.3651619245        0.7066474577        2.2125487580
LA        -1.3805218894        0.7323359481        1.7436310575
LA         0.2072092365       -0.2459317380        2.2452252814
LA        -1.4316992966       -1.7104406910        0.3920184547
LA        -1.8167271068       -0.1943958767        1.3104722795
LA        -0.2311866627       -1.1786341285        1.8076486475
LA        -1.2393553096       -1.1526191185        1.3422975052
LA         1.6647003815        1.2245864729        0.8360518580
LA        -1.1558753554       -0.5555246695       -1.8120101874
LA        -1.6273509723        1.3129724476       -0.6797489520
LA         1.3665272846       -1.7603563212        0.5172061084
LA         1.6055145555       -0.6150977022       -1.2889484027
LA        -1.3187033512       -1.6912395480       -0.7167045739
LA         0.7353311501        0.7099292778        2.0152461414
LA        -1.9441545767        0.7779027894        0.7789516473
LA        -0.0653063516       -0.5743376152       -2.0537358838
LA         0.9809724478        1.8645706342        0.2244200411
LA        -0.6908133713        1.9094146102       -0.5458442685
LA        -0.4222843112       -1.7459154432        0.8658956908
LA        -0.8095079011       -0.2243932258        1.7881012850
LA         1.9229944753        0.2889244065        0.2771443691
LA        -1.4123561663        0.3800010779       -1.2567567184
LA         0.2674338289        0.3536119806       -0.5143830080
LA         0.6347091092       -1.1824702988       -1.4073823572
LA        -0.1312637197        1.8502461990        0.4337805839
LA         1.1871325234       -1.2140558142       -0.4221741777
LA         1.0909370187        0.8248817550       -0.9488631908
LA         0.0823066536        0.8529762988       -1.4124799632
LA         0.2301678448       -1.7573878116       -0.5502536228
LA        -0.5234000695        1.2094707696        1.2480045859
LA         1.3663244193       -0.6551752977        0.5185515333
LA         0.6482111851       -0.1004976608       -1.3745918350
LA         0.2715235447        1.3972757678       -0.4631451250
LA         0.6030250491       -0.6660645939        1.3135630536
LA        -1.3829577611       -0.6158018231        0.3961872456
LA        -0.4618425689       -1.1647923883       -1.1757383682
LA        -1.0764200264        1.2606432299        0.2939723269
LA         0.5630976449        1.2182779630        1.0487380472
LA         1.1309762692        0.2745823723        1.0820185014
LA        -1.2737935801       -0.5894272160       -0.7006511591
LA        -1.5089380725        0.3419264590       -0.1363786772
LA         1.1905793672       -0.1323261157       -0.4109778870
LA         0.9596889719        0.7832745259        0.1441327996
LA        -0.4323880977       -0.0875962297       -1.1570706253
LA        -0.6633949248        0.8269900144       -0.6030223286
LA         0.4206865943       -1.2240501081        0.3871682924
LA         0.2533599578       -0.6886821084       -0.5352047541
LA        -0.1220324658        0.7797125401        0.3536399840
LA        -0.5827100624       -1.1983361809       -0.0749819238
LA         0.0390792320        0.2722755677        1.2945702591
LA        -0.9630473167        0.2975132357        0.8315415273
LA         0.4350583840       -0.1488027619        0.3880333529
LA        -0.3941993647       -0.6486122208        0.8641849072
LA        -0.5485517570       -0.1244850426       -0.0668379031
          98
Energy of minimum      5=    -543.1654807     first found at step    12028 after              1632822 function calls
LA         0.5212806616       -2.6654843318       -0.4876479168
LA         2.1092717441       -0.1089248059       -1.7308123311
LA         2.4391612642        1.1774480643        0.0918612962
LA         0.0138505811       -2.3994986546        1.6671012082
LA        -1.9777754446        1.8728575798       -0.9937882916
LA        -2.1585809586       -1.4477689576       -0.6850608191
LA        -1.6750233719        0.4569542945        2.0123121428
LA        -0.9865644038        0.5613187451       -2.4988773085
LA         1.0459381661       -0.5848568767        2.4511147739
LA        -1.0454272484       -0.5530240680       -2.3952376179
LA        -0.4538291778        2.6336316023        0.4457963638
LA        -0.3485849464        2.1570073364        1.4557783915
LA         0.4814054972        0.3776203035        2.5634038729
LA         2.2806381383       -1.0827223618        0.3195808353
LA         0.9292358823        1.8241618812       -1.4837584855
LA         1.3066421614       -2.3195335061        0.2407004238
LA         1.5716619051       -1.2664079427        1.7260846611
LA        -0.2050488279        2.5442620425       -0.6481805858
LA        -0.4741866185        1.4956783891       -2.1374872825
LA        -0.6351724002       -1.4552013719       -1.8605091181
LA         1.0486396218       -2.1716403478        1.3216577761
LA        -0.9660205755        2.1489195925       -1.3705981321
LA        -1.1849567959       -1.8984222169       -0.9901726014
LA         0.0658789535        1.2769021907        2.0255376013
LA         0.7259679288       -1.7997089298       -1.1413888842
LA         2.2899057865        0.5379576294       -0.8249692628
LA         0.2680229092       -2.5344245083        0.5909104834
LA        -1.4831749581        1.2181741329       -1.7472667605
LA         0.5304749744       -1.4937018098        2.0606655475
LA        -1.2167677933        2.2549694086       -0.2747666255
LA         2.2164083328       -0.6003939950       -0.7132621510
LA        -1.6034620710       -1.0021279440       -1.5408566920
LA         1.7020848387        1.5144154241       -0.7023619313
LA         2.3831586176        0.0493154492        0.2064975283
LA         1.5359972200        0.8658537662       -1.6218410737
LA        -1.0120311994        1.3074303764        1.7357749945
LA        -0.5974320376        0.4183373845        2.2892774436
LA         1.4309332608       -0.9683998288       -1.4497472233
LA         1.0157135907       -0.0676676968       -2.0076201648
LA        -1.4385148617       -1.7730750889        0.0994696567
LA         1.8676845910        0.7320053943        0.9576180191
LA         1.4500240456        1.6275634633        0.4007397052
LA        -0.7146750886       -2.0895624934        0.8839441631
LA        -0.5531866581       -1.4502375301        1.7885103275
LA        -1.8835353574        1.4044272860        0.0108801911
LA        -2.0461581457        0.7661547212       -0.8934775328
LA        -2.1065242002       -0.3399550397       -0.7906948373
LA        -1.1154093546       -0.4985948001        1.9035121553
LA        -1.7825724462        0.9329966232        1.0123475668
LA        -2.0034300062       -0.8143825074        0.2166910210
LA        -1.8423316951       -0.1798856343        1.1150613265
LA        -0.0872848080       -0.0248278574       -2.2376468243
LA         0.4424183355        2.0375994618        0.6935114717
LA         1.2650939151        0.2732533449        1.7910957926
LA        -0.4646522641       -2.2302053945       -0.1980961574
LA        -1.5548648370        0.1080674403       -1.6509613535
LA        -1.1238542826        1.7896467887        0.7355835326
LA        -0.0375028403       -0.5412851122        2.1871877008
LA         1.5178151523       -1.4524083427       -0.4211104318
LA         0.4270107530        0.9003841279       -1.8799281215
LA         0.6955753176        1.9479061688       -0.3913722378
LA         1.7893847716       -0.3994232490        1.0672534220
LA         0.3240845889       -0.9192079573       -1.7100326338
LA        -1.2867420906       -1.1411340795        1.0070611431
LA        -1.9566648439        0.2960260362        0.1131456051
LA         0.8584055603        1.1691574085        1.2608174105
LA         0.6204682430        0.1281824486       -0.2342227738
LA         1.2539119914       -1.3111705476        0.6734598475
LA        -0.0820260448        1.5540781919       -1.1113370523
LA        -0.2435147833       -1.3624646309       -0.8383675657
LA         1.3510340051        0.0110158964       -0.9701738843
LA         1.5134428309        0.6442140859       -0.0729679736
LA         0.4765049635       -1.6656594482       -0.0515976612
LA         0.2218192107       -1.5291060622        1.0135626911
LA        -1.0843199872        1.2718664368       -0.7320146936
LA         1.4418249250       -0.4599016999        0.0320113168
LA        -1.2042550867       -0.9072509892       -0.5303493264
LA         0.7826475390        0.9586043929       -0.8477928855
LA        -0.5944348194        0.6270995764       -1.4819342491
LA        -0.8868977894        0.3438091587        1.2404577785
LA         0.7371736385       -0.6352553098        1.4048635591
LA        -0.3305097526        1.6548184118       -0.0220613199
LA        -0.6537456704       -0.4695602424       -1.3805910980
LA        -0.2298083967        1.1878027343        0.9714256549
LA         0.1800291490        0.3089002192        1.5184219122
LA         0.6805081068       -0.8164994089       -0.6849123431
LA         0.2798785650        0.0514829272       -1.2218547275
LA         0.9431208388        0.2045850166        0.7600480374
LA         0.5404481042        1.0678891800        0.2229149830
LA         0.4279341330       -0.6900208405        0.3815144914
LA        -0.4982977625       -1.2300412915        0.2438573342
LA        -0.2184079334        0.6944301533       -0.4820648837
LA        -0.3388950974       -0.5985216800        1.1374069832
LA        -0.9972911410        0.8141393674        0.2578135785
LA        -1.1573151690        0.1833200212       -0.6350003076
LA        -1.0573171892       -0.2845931006        0.3592617294
LA        -0.2790673343       -0.3863936674       -0.3834306028
LA        -0.1224687445        0.2358920832        0.4946992853
