          38
Energy of minimum      1=    -173.9284266     first found at step       84 after                17896 function calls
LA        -0.8676024293        1.2199738755       -0.9054117613
LA        -1.1257659758        0.9222084101        0.9710938704
LA         0.3124095142        1.7213530285       -0.0135910953
LA        -0.8488440631       -0.5448808588        1.4294787021
LA        -0.7700492808        1.5647660453        0.1391831061
LA        -1.6753397309       -0.4084977152       -0.2953085324
LA         1.6753396547        0.4084982917        0.2953084599
LA        -0.3124097148       -1.7213530173        0.0135913770
LA         0.2148563648        1.3765608891       -1.0581859871
LA         0.8676025941       -1.2199739317        0.9054115607
LA         1.1257658295       -0.9222084730       -0.9710939223
LA        -1.0444262279       -1.2361451667       -0.6648004427
LA         0.7700491835       -1.5647661218       -0.1391831739
LA        -1.5773110508       -0.0620257111        0.7543761188
LA         1.3213479377       -0.2309440726        1.1231852455
LA         1.0444257150        1.2361452847        0.6648010837
LA         1.5773110774        0.0620258580       -0.7543760790
LA        -1.3213475690        0.2309440046       -1.1231857343
LA        -0.2148562601       -1.3765608599        1.0581860707
LA         0.6904340546        0.5967028863        1.4926778155
LA        -0.3972990288        0.4393532245        1.6461965157
LA        -0.6904340538       -0.5967034731       -1.4926776398
LA         0.8488441661        0.5448809386       -1.4294786200
LA         0.3972989671       -0.4393534091       -1.6461964859
LA        -0.2354433281        0.3878122751       -1.2707067116
LA         0.0408087015       -1.0757291319       -0.8134303928
LA         0.2354434677       -0.3878124261        1.2707065128
LA        -0.0408087830        1.0757289577        0.8134305220
LA         1.2179671233       -0.5755622898        0.0762330320
LA         0.9417148972        0.8879789446       -0.3810429312
LA        -0.9417149572       -0.8879786814        0.3810429674
LA        -1.2179669623        0.5755624587       -0.0762332454
LA         0.1375817511       -0.7288868051        0.2277369812
LA         0.4893257900       -0.0935051318       -0.5948831473
LA        -0.1375816766        0.7288868391       -0.2277371046
LA         0.5862596475        0.2490977245        0.4430787951
LA        -0.5862595885       -0.2490977600       -0.4430788532
LA        -0.4893257565        0.0935050995        0.5948831235
