66 11766 0.27
62 8081 0.19
124 18888 0.45
82 9967 0.22
108 16949 0.38
24 3670 0.08
14 2431 0.05
369 56500 1.29
133 18854 0.43
72 9754 0.22
143 20900 0.62
67 8978 0.22
224 39430 0.93
425 55037 1.32
58 6686 0.16
54 8176 0.19
108 14800 0.34
91 7981 0.22
92 14741 0.34
37 4674 0.11
113 12334 0.28
105 13917 0.31
222 28602 0.69
123 15999 0.38
109 13955 0.34
70 9805 0.22
62 9697 0.22
42 7148 0.16
212 30344 0.70
58 9575 0.22
97 14483 0.32
12 2355 0.06
365 49049 1.19
94 11858 0.27
22 3704 0.08
10 1600 0.04
99 12975 0.29
209 27089 0.64
21 3725 0.08
285 37348 0.90
48 8422 0.19
230 34427 0.79
140 21607 0.50
468 70534 1.76
150 16941 0.40
94 17858 0.40
51 7910 0.18
261 41331 0.95
272 45076 1.04
209 31004 0.73
21 3377 0.08
241 38497 0.89
37 6072 0.14
114 9699 0.26
43 4968 0.13
196 21328 0.54
265 42196 0.95
135 22547 0.53
42 6785 0.15
56 9872 0.22
32 4545 0.10
902 140664 3.74
64 10650 0.25
126 16458 0.44
286 37760 0.88
415 61681 1.43
9 1760 0.04
152 24466 0.56
294 42437 1.09
286 33544 0.82
14 1840 0.05
47 6725 0.15
108 17015 0.39
81 10593 0.25
314 42186 0.98
31 5939 0.14
51 7023 0.17
183 21118 0.53
208 32745 0.74
318 55442 1.26
8 1281 0.03
146 25617 0.57
130 19517 0.45
5 617 0.02
56 8204 0.18
239 30539 0.75
190 23235 0.55
162 21802 0.49
68 8398 0.19
51 7913 0.19
451 75036 1.74
70 11533 0.26
71 11413 0.25
95 15093 0.34
200 25851 0.62
152 20867 0.46
100 16411 0.37
33 5168 0.12
281 41834 0.98
42 6342 0.15
