          38
Energy of minimum      1=    -173.9284266     first found at step      184 after                33805 function calls
LA         1.4608416410       -0.5834237727       -0.7657677080
LA         1.0580979326        0.8949930711       -1.0678283085
LA        -1.4659366992       -0.5577137498       -0.7751296897
LA        -0.8215725788        1.2425940934       -0.9175073068
LA         0.0141238293        1.7214386037        0.3119142708
LA         0.8215723552       -1.2425942461        0.9175072603
LA         0.2095266538        0.4023077695        1.6897005271
LA        -0.2095260434       -0.4023073653       -1.6897006303
LA        -1.0580980742       -0.8949925245        1.0678286563
LA        -1.4608415079        0.5834234791        0.7657675548
LA        -0.0141240342       -1.7214385287       -0.3119142249
LA         1.4659366703        0.5577133507        0.7751295044
LA         0.2244793731        1.5597200450       -0.7600810776
LA        -1.6773177001       -0.3952064648        0.3020887699
LA         1.0319283084       -1.4043140332       -0.1544879964
LA         0.6363607229        1.2192175927        1.0813852215
LA        -0.8416225600        0.0836374386        1.5315080167
LA         1.0391031284       -0.2591961236        1.3834457036
LA        -0.2244797255       -1.5597198634        0.7600813189
LA        -1.0319285074        1.4043138279        0.1544879087
LA         0.8416230126       -0.0836368072       -1.5315078044
LA        -1.0391030643        0.2591958262       -1.3834457800
LA        -0.6363603525       -1.2192173443       -1.0813854753
LA         1.6773175718        0.3952062095       -0.3020889665
LA        -0.8426381730       -1.0537779263       -0.0063791994
LA        -1.2444071938        0.4210615297       -0.3077095288
LA         0.4107326725       -0.8987476396       -0.9187376018
LA        -0.0089634264       -0.5760917331        1.2200678508
LA        -0.4107324683        0.8987477524        0.9187375661
LA         1.2444070795       -0.4210618500        0.3077093425
LA         0.8426379661        1.0537777928        0.0063792446
LA         0.0089634262        0.5760919071       -1.2200675591
LA         0.2000928034       -0.7345136875        0.1500713740
LA        -0.6242155963       -0.0772096135        0.4543814141
LA        -0.4151945878       -0.2379018538       -0.6108067369
LA        -0.2000929572        0.7345135865       -0.1500713478
LA         0.6242155515        0.0772095281       -0.4543813689
LA         0.4151945514        0.2379017233        0.6108068062
