50.000000000000000     50.000000000000000     50.000000000000000
50.608598249248679     50.209565823566408     49.950877189773728
49.970960677070273     50.641480532632947     50.125954072245499
50.330020744604823     50.349926488413836     50.445037728680838
50.020038374845171     50.048411433002215     49.414474642721991
49.534107825738957     50.922488195097714     50.426997017029983
50.288718746538386     50.291054561247897     48.948756778153879
49.516161080521314     49.652505678062070     49.036216466245243
48.963622363395807     49.778976139439699     49.545612467925402
50.967440861981956     50.777618184535712     50.201731071697054
49.820532462562966     51.474109582942766     50.714840440609933
49.585152670522092     52.016628082588113     50.971472969061317
50.438314043836471     50.676430464757765     49.473958451863098
49.856963320707088     50.592262333829936     49.584842787914553
50.095582329195636     51.210515089604208     51.241097609897267
49.497692749886198     49.051533696718465     48.965794006630915
49.947358583122991     52.050559943328231     50.352174196999478
49.238527616001889     50.415207770383738     49.599592172876356
49.898161010508566     49.345900227756680     48.808083948393453
49.183382421081042     48.494256945612335     49.011067303126666
50.440348045988777     51.777795171588629     50.388815022893738
49.639606047600424     48.646107959106224     49.594968955656029
51.486913017267455     51.186825533103608     50.260313517049291
50.083491561177659     52.182883886781227     49.616631848325468
50.925461748328281     51.895631741979408     50.517323917666850
50.358221077820161     49.796052338800280     50.628356521929661
49.609496751404819     52.595401457713550     51.056138080127980
52.209448738359484     50.949749979576474     50.515628410667439
49.844360590916679     50.643612307793099     51.288966959129098
50.982302589864418     49.404555402732512     50.481258700268420
50.263300388604655     50.730680504263823     50.822683634303658
50.873186384341686     51.006089755456479     49.652647525525062
50.670127896691696     48.915856394003121     50.159967873186488
50.520612397869520     52.417306418869543     49.536098116671987
51.577186438729925     51.250147110772161     50.785293045437029
49.977703850646279     51.789185455611126     51.623825186143563
51.135119312898524     48.859660188426609     49.717099290003887
50.177215702100149     52.915712589277845     49.378134017401756
