          38
Energy of minimum      1=    -173.9284266     first found at step      234 after                27480 function calls
LA        -1.4123730148        0.3236292861        0.9804630090
LA        -0.0723797248        0.9720407849        1.4528382818
LA         1.4974704492        0.0173247287        0.9045018083
LA        -1.1890427450       -1.2826567664       -0.0425487762
LA         0.0723799864       -0.9720410241       -1.4528380061
LA        -1.4974701561       -0.0173248259       -0.9045022605
LA         1.1890425251        1.2826569314        0.0425489172
LA         1.4123727961       -0.3236291851       -0.9804632407
LA         0.0611075365        0.9452832333       -1.4708997432
LA        -0.6794652126        1.5915441779       -0.2572049795
LA         0.6794650660       -1.5915442233        0.2572052470
LA        -0.0611073939       -0.9452832632        1.4708996458
LA         0.9791747549       -0.9442086711        1.1002397653
LA        -0.3608168866       -1.5926194981        0.6278655007
LA        -1.7135427801       -0.3268606903        0.1333208423
LA         0.9729710245        0.9731209729        1.0803722450
LA         1.7135426029        0.3268609781       -0.1333212725
LA        -0.9729707595       -0.9731212349       -1.0803720940
LA         0.3608166113        1.5926195172       -0.6278653180
LA         0.5881628738       -0.0151700739       -1.6476269966
LA        -0.9791744802        0.9442086355       -1.1002399021
LA         0.8965901791       -1.2805003756       -0.7856747155
LA        -0.8965900944        1.2805003060        0.7856750431
LA        -0.5881629546        0.0151699982        1.6476267974
LA         0.1451443271        1.2769059760        0.4110616123
LA        -1.1916071376        0.6300629298       -0.0601708815
LA         0.8839254491        0.6322083149       -0.7996973204
LA        -0.4528257564       -0.0146349064       -1.2709295846
LA        -0.1451443452       -1.2769059418       -0.4110613118
LA         1.1916070637       -0.6300628230        0.0601707633
LA         0.4528259820        0.0146347401        1.2709295587
LA        -0.8839256612       -0.6322081952        0.7996972615
LA        -0.1532345074        0.6286483401       -0.4282396768
LA         0.3679348399       -0.3210784643       -0.6029936223
LA         0.6657417279        0.3221470224        0.2346876031
LA        -0.6657417607       -0.3221469402       -0.2346876209
LA        -0.3679349258        0.3210785592        0.6029936640
LA         0.1532345009       -0.6286483298        0.4282397574
