          98
Energy of minimum      1=    -543.6653608     first found at step      441 after                84307 function calls
LA        -0.4293643024       -1.0006136577        2.3624425771
LA        -1.9359128849       -1.1705508283        1.2840437617
LA         1.4065627299       -2.1881910648       -0.0108086519
LA        -0.1041539384       -2.3585984039       -1.0921910051
LA        -0.0341427948        2.5309863062        0.5997155010
LA        -0.9267124632        2.4303053396       -0.0391925901
LA         1.8997465225       -1.5896735320       -0.7941139565
LA        -0.4474656414       -0.2417385136       -2.5510885160
LA         0.3890296630       -1.7600808933       -1.8754964471
LA         2.5697998291        0.0986060306       -0.3913071866
LA        -2.2686733137       -0.9509240222       -0.8459199267
LA         1.6411615365       -0.5098985472        1.9527692893
LA        -1.7614494573        1.4172859274        1.2865891736
LA        -0.8688797904        1.5179668924        1.9254972648
LA         0.2244417200        1.4512112433       -2.1471674510
LA         1.7309903851        1.6211484333       -1.0687685745
LA        -0.7643319875        1.7522504619       -1.7641232948
LA         1.6347864730        2.0228686308       -0.0468162407
LA         1.2441822581       -1.5101363892        1.7141220679
LA        -1.7730832019       -1.8504809264       -0.4456592538
LA        -1.4362392811        0.0593005805       -2.1680441901
LA         2.4735957511        0.5003260790        0.6306451531
LA        -2.4315028112       -0.2709938383        0.8837829958
LA        -0.0323850056       -0.0003757489        2.6010895870
LA         1.2903097188       -1.1628967845       -1.6193405048
LA         0.0883304169        1.8585062823        1.4756842409
LA        -1.6876454230        1.6581779824        0.2044273581
LA         0.3090055514       -2.3537871538       -0.0607715001
LA         0.1447258160       -1.6678019890        1.6843345544
LA        -1.3794440020       -1.8397268217        0.5933223297
LA        -1.5233657112        0.9721923846       -1.5406785551
LA         1.7767798951        1.3444455177        0.8215905157
LA         0.4440304445        0.3732044522       -2.3028345995
LA         1.9682003083        0.5451292969       -1.2118223393
LA         0.9346091217        0.3224048460        2.1591786831
LA        -2.3655361392       -0.0498482454       -0.2030901443
LA        -1.0021064320        0.4633720060        2.2821675775
LA        -1.8987720861        0.3622290153        1.6403275491
LA         2.2604172011       -0.5299267349        1.0182884052
LA        -1.5813410520       -0.9632732431       -1.7316710671
LA        -0.5880297861       -1.2656938679       -2.1164734194
LA         2.3570629472       -0.9334903352       -0.0083538791
LA        -1.0834765231       -1.8669582016       -1.3295732826
LA         1.8616158379       -1.5347547110        0.7785459917
LA         0.7218314049        2.0346560205       -1.3290424295
LA        -0.2714798185        2.3370768298       -0.9442404709
LA         0.6251859926        2.4382198394       -0.3024003320
LA        -1.4009078818       -0.5414561620        2.0424255672
LA        -0.2984247830       -1.8895296755        0.7146639695
LA         1.1935990757       -0.0788406236       -1.6550621368
LA         0.9025539791        1.1364797156        1.4366402653
LA        -1.7977282702        0.8318905732       -0.4962421008
LA         1.5712060387        0.3065567645        1.2234985697
LA        -1.6830963185       -0.0605252981       -1.1059555548
LA        -0.8431270163       -1.2141110427        1.3691914268
LA        -1.8402864698        0.5958561552        0.5638398855
LA        -0.0443779626        0.7984328407        1.8493647192
LA         0.3063810443       -0.6662360031       -1.8766658391
LA         1.7647749933       -0.5017306156       -0.8327364758
LA         0.9550171673        0.9680794145       -1.4867342419
LA        -0.6859367390       -1.8704922986       -0.3006041062
LA         0.7724570087       -1.7059869352        0.7433251114
LA        -1.0344600619        1.5737901392       -0.7160242181
LA         0.7614484162        1.7763668229        0.5695005915
LA         0.7949108220       -1.7479043268       -0.8350693863
LA        -0.7949106665        1.7479044796        0.8350691525
LA         0.5364639248       -0.6687053926        1.9103489111
LA        -0.5364641346        0.6687052621       -1.9103489070
LA        -1.8613748018       -0.9391792071        0.1939579000
LA         1.8613748783        0.9391791133       -0.1939576914
LA        -0.9392196198        0.6913112618        1.2031731497
LA        -0.6862185585       -0.3651490731       -1.4843990858
LA         1.6610980997       -0.1003740912        0.1958278443
LA        -1.1779795375       -0.9619400974       -0.7033532025
LA         1.1693369761       -0.6971651320        0.9768736247
LA        -0.1920581501       -1.2621109094       -1.0852926167
LA         1.2652635886       -1.0977264671       -0.0421307511
LA        -0.0380592129        1.2679648513       -1.0947543082
LA         0.8519357019        1.3683553911       -0.4576892480
LA        -0.4450593863       -0.2056507093        1.6022797725
LA        -1.3350542035       -0.3060412358        0.9652147816
LA        -0.1339856728        1.6685263248       -0.0757500144
LA        -0.7787433040       -0.9675434220        0.3070236618
LA         0.0974085853       -0.8687143630        0.9341797798
LA         0.6848662058       -0.6647227915       -0.8520253217
LA         0.4942589877        0.1311976551        1.1727490666
LA        -1.2741719309       -0.0682795882       -0.0931070988
LA        -0.7900597003        0.5192289414       -0.8620046467
LA         0.9783712772        0.7187061918        0.4038515604
LA         0.1918431114       -1.2630453654       -0.0689750389
LA        -0.8844941145        0.9135600762        0.1411500625
LA         0.0077849135        1.0142082602        0.7798501093
LA         1.0745440135        0.3171167535       -0.6177680003
LA         0.1983919993        0.2182876790       -1.2449242074
LA        -0.2941076789       -0.3703350002       -0.4681458067
LA         0.5858105113       -0.2710811053        0.1617062569
LA         0.0972452294        0.6157251607       -0.2328816168
LA        -0.3889480505        0.0256911596        0.5393211141
