          98
Energy of minimum      1=    -543.6653608     first found at step      834 after               175266 function calls
LA         0.0559253462       -0.0065403510        2.6006817947
LA        -2.4236961940        0.9445869813       -0.0129773067
LA        -1.1507136409       -1.2741536446        1.9542535126
LA        -2.3888118994       -0.7992468599        0.6492290439
LA        -2.2837587593       -1.1869450901       -0.3772575770
LA        -0.3121370610       -1.9432150516        1.7009414203
LA         0.0211373655        1.7324824643        1.9403022385
LA        -1.2203860270        2.2087030543        0.6316674888
LA         2.4529363726       -0.7220703262       -0.4779469777
LA         0.4813146636        0.0341996415       -2.5561459850
LA        -0.8683435614       -2.3162391272       -0.8048175339
LA        -0.1348201072       -2.5976023094       -0.0316429900
LA         1.2496262363       -1.9861865105       -1.1225919640
LA         0.5161027885       -1.7048233304       -1.8957665010
LA        -0.2251029375        1.9155558678       -1.7454771674
LA         2.2545185602        0.9644285496        0.8681818878
LA        -2.3186430924        0.5568889146       -1.0394639943
LA         0.8945020393       -0.6756016531        2.3473697956
LA         1.1942276310        0.7831377168       -2.1742197574
LA         2.4323258469        0.3082309465       -0.8691953348
LA        -0.4024199619        2.5699430139       -0.0128928830
LA         0.8391034338        2.0937224222        1.2957418698
LA        -0.9380159541        1.1666178094       -2.1274034472
LA         2.2751291347       -0.0658727435        1.2594302963
LA        -0.9483746479       -0.2026861539        2.1677168136
LA        -2.2009539028        0.2777752170        0.8474285692
LA        -0.9835694453        1.5566768022        1.4996132574
LA         0.8233560814        1.6134069906       -1.5357392451
LA         2.0759353202        1.1329456242       -0.2154510187
LA         0.6439651499        2.2754480087        0.2171097758
LA        -1.9919262232       -0.4936408705       -1.1950064269
LA         0.7201694478       -1.5339400777        1.6636933468
LA         0.8995603270       -2.1959812480       -0.0891558595
LA        -0.5599559375       -1.6361434700       -1.6275672289
LA         2.1169447007       -0.9170795428        0.5630290311
LA        -0.5951508928        0.1232196363       -2.2956706601
LA         1.5065007492        0.2080534123        2.0283957791
LA        -1.6506981073        1.4190842414       -1.2994675221
LA         1.8324251515       -0.0361525577       -1.7516081426
LA        -0.8458025518       -2.2631170801        0.7682050247
LA        -1.5826923033       -1.9804626619       -0.0085177838
LA        -1.6882275999       -1.5909852890        1.0226796316
LA         1.4857955983        1.2430829328        1.6353519068
LA        -0.9345134497        2.1714593217       -0.9157885253
LA         1.1162404358       -0.7885276316       -2.1352870022
LA         1.8531301703       -1.0711820440       -1.3585642119
LA        -1.7562332948        1.8085615642       -0.2682701668
LA         0.6640757530        0.8801851762        2.2828702655
LA         1.1422500931        1.6188927005       -0.4945460700
LA        -1.3323345473        0.5260371766        1.4554360884
LA         1.2046029957       -1.4980677135        0.6890937961
LA        -1.0145185778       -0.6468623374       -1.6499838432
LA         1.3490901807       -0.6469741229        1.3494423818
LA        -1.3253310401        0.3788740091       -1.4695464241
LA        -1.5030286479       -0.5244890584        1.2350831557
LA         1.3076204138        1.4260595078        0.5622250718
LA         0.1090965259        1.8857864506       -0.7010858065
LA         0.1842423516       -1.8706843042        0.7254027601
LA        -1.2916549238       -1.3045631372       -0.8302751066
LA        -1.5367046877        1.1589480543        0.5958117889
LA        -0.3381807751        0.6992211026        1.8591226937
LA         1.4792694526        0.7925889457       -1.1149791441
LA         0.0448419399       -0.7143233997       -1.8834397012
LA         1.5207392019       -1.2804445621       -0.3277618489
LA        -0.1687942019        1.9046885610        0.8532662467
LA        -2.0839954812       -0.1072921306       -0.1727573421
LA        -0.1134252489       -0.8631587732        1.9043333510
LA         0.1687942316       -1.9046884015       -0.8532662168
LA         2.0839953865        0.1072923308        0.1727574195
LA         0.1134252335        0.8631589448       -1.9043331888
LA         0.4848773297        1.0560610539        1.2071864676
LA        -0.7127655315        1.5154500544       -0.0551957599
LA        -0.6585631787       -1.1940788041        0.9737253791
LA        -1.3899706963       -0.9135272481        0.2027811504
LA        -0.5538130697       -1.5806585176       -0.0498001838
LA         0.7817012712       -0.9908526722       -1.1021905533
LA         1.3210348992        0.3889297311        0.9546051946
LA        -0.6080155043        1.1288702977       -1.0787212874
LA        -1.4236220274        0.7686724140       -0.4360202711
LA         0.5054284080        0.0287318357        1.5973062449
LA         0.7611502519        0.0364764699       -1.4923103447
LA         1.4925577615       -0.2440750835       -0.7213661249
LA        -0.2735605878       -0.9097070953       -0.8569961241
LA         0.4597240674       -1.1909786797       -0.0840732880
LA         0.3157680685        1.2309040676        0.1483595161
LA         0.3566033155       -0.8104118983        0.9235323372
LA        -1.0967126147       -0.2529524300       -0.6083435346
LA        -0.2937920234        0.1016429441       -1.2410479831
LA         1.1595238709       -0.4558165109        0.2908278507
LA         0.4188888542        0.8503372328       -0.8592460814
LA         1.1389200553        0.5741493768       -0.1002931238
LA        -0.5019316268        0.8697818118        0.7927100087
LA        -0.4817002860       -0.1415683518        1.1767618819
LA        -1.2017314966        0.1346195074        0.4178089141
LA         0.4341566003       -0.1714152884       -0.4742706590
LA        -0.3722154700       -0.5275349804        0.1611535941
LA        -0.3925338325        0.4881626695       -0.2245491432
LA         0.3305925660        0.2107875652        0.5376663249
