       -1.5445856086        0.3659648887       -0.4524709897
       -0.6790619456       -0.9276427876        0.1660403529
        1.4375061651        1.2958906560        0.2164205415
        1.4795651102        1.7294130245        1.3476805245
        1.2274017694       -1.0319494672       -1.4256904996
        1.2807163559        1.0657623488       -0.5116064404
        0.5778720408        1.2827174524       -0.0108197461
       -0.9306545158        1.0112668584       -1.7141882634
       -1.4725843591       -0.3229760249       -1.5711252973
        1.0290378302       -0.3039647711        1.7051949258
       -0.1313757702       -1.0916554578       -0.3893549003
        0.9437402412       -0.6692349638       -1.0455391341
       -0.6016561903        1.2207014506       -1.0426690601
       -1.0264296475       -0.2634060911       -1.6242750865
        0.8139742953        0.1059076302        1.5214534104
       -1.2938855268       -0.1998580527       -1.0683316655
        0.0556907210        0.6925098954       -0.5586896389
        0.0229584587       -0.8293937379        0.1271801474
        0.7820910064       -1.0292753588       -1.3954184166
        1.1642741157        0.0733449496        0.2911331410
       -0.9768789284       -1.6403624953       -0.7204179461
       -0.3356092021       -0.6620406628        0.9134108206
       -0.2230316866        0.6865116953       -0.0756540107
        0.7511779654        1.5003898362       -1.6620840602
        1.2000305238        1.3475357264       -1.3998400909
        1.2122969277       -0.0229710844       -1.6077815722
        0.6984564102        1.4718158550       -0.3405581755
       -1.2026956312        1.4484376432       -1.4484153567
        0.7287025885       -1.7196672928       -1.0653872922
        0.4757747699        1.5278712918       -0.3676152106
       -1.2748502169       -0.9391055283       -1.6023222420
        0.8272258116       -1.2763347155        0.3974800992
       -1.2205528585        1.6925788572        1.3934505080
       -1.5597361720        1.6483822347       -1.0207702302
        1.5914775227       -1.6364792425        0.1942509192
       -0.9589026625        1.6601132142       -0.1024331429
       -0.1827709232        1.6494204681       -1.4079429226
       -0.9281641603        1.2316334449       -0.4812792314
        0.5709892968        1.0556366873       -0.8834868684
        1.0022226969        0.5375060373        1.6341539375
       -0.7337445489       -0.6725484414       -1.2823291249
        1.1646705216       -0.7712368957       -1.7008820986
        1.6826337337        1.6038767442       -0.8125941593
        0.9210567246       -0.1580836098       -0.2863313434
        0.0547085927        0.4897371060        1.4030905915
        1.6100411354       -1.5457737166       -1.6004552552
       -0.1429308236       -1.5393091714       -1.6159323855
        1.3898233652       -1.2660460134       -0.8711939098
       -0.5130433607        0.6507068345       -0.8054688440
        0.9432588815        1.6230297442        1.5408746798
        0.8159430024       -1.5244997363        0.3241076858
        0.3061026164       -0.8413768834       -1.7129076975
       -0.8697478819       -0.1007052358       -0.0185669945
       -0.7389447608        1.5346480295       -0.8242535108
        1.2476579171       -1.5692877367        1.6374990156
        0.6561643225        1.7062881159        0.5082967020
       -1.4725297783        0.1571159430       -0.9004241282
       -0.5870470842       -0.1916655780       -0.4189402487
        0.6601960465        0.4680878062       -0.9794634405
        0.0646703941       -1.2928135812        0.5973026581
        0.2609680580       -0.5584856143       -1.3548172928
       -1.6289210653        1.1795362942        0.6014856649
       -1.3875603193       -0.3790346944       -0.0406590978
       -0.6403039299        1.2766267846       -0.1528867113
       -0.8743237764       -0.4790817499        1.3927911526
        1.7101355628        0.1769907672        0.2386476223
       -0.3942137064       -0.5823452568       -1.1749473933
       -1.0116304378        0.4693840305       -1.4287310652
       -0.4311692706        0.9913608594       -0.5708430049
       -0.5268040934        0.1106779966        1.3587112630
       -0.0574790999       -1.3896678787        0.9713648222
        1.3088511453       -1.5980732224        0.7964417765
       -0.2863963673       -1.2583824105        1.6813680857
        0.4331193077       -1.5001130899       -0.6691462208
        1.3755689261       -0.4162343171        1.5974108005
       -0.2272381704       -1.6228528776       -1.6290068772
        0.0467619460        1.1780223775       -0.4230400051
        0.6968414378       -0.9294379076        1.0921868945
        0.6650476469        1.1966692212        1.5024692260
       -1.0996555174        0.2473312484        0.5023506275
       -0.1276525367       -1.3004931876       -1.7225606874
       -1.3571571802       -0.8231567832        1.7121520337
       -1.0651874100       -0.0256469753       -1.6368271248
        0.8257963051        1.5405805153       -0.3135157148
       -0.3600615548       -1.2001110868        1.0478031430
        0.8958066368       -1.5802750829        0.2309692838
        0.1197498550       -1.6413541521       -0.1814927544
       -0.2069840649       -0.1423460062        1.2848903390
       -0.0344022922        0.9794269877        0.5337085868
       -0.0072261879        1.6916585267        0.0634706282
        1.3684081437        0.4025755516       -0.0296106362
       -1.1527658921       -0.2949372084       -0.6394009031
        0.8365246668        1.5248002113       -0.1065972473
        0.0184327912       -1.2144302837       -0.0968402481
        0.9827357163       -1.6411987366       -1.2838716789
        0.0549087669        0.0026827054        1.3068024334
       -0.4430613147       -1.3183813461       -1.4966716227
       -1.1772841254        1.4948780496        0.3056445385
