          38
Energy of minimum      1=    -173.9284266     first found at step      195 after                22741 function calls
LA        -1.6620105927       -0.5448696821        0.0409847722
LA         0.3756473839        1.1901383214        1.2260919228
LA        -1.0453072722       -0.0854473915        1.4003118279
LA         0.8607610519       -0.2690567522        1.4991798861
LA         0.1888912972        1.6199433926       -0.6332020963
LA         1.1614798804       -1.3055503325       -0.0856963756
LA         1.0453078292        0.0854473245       -1.4003113474
LA        -0.1888917341       -1.6199433096        0.6332016107
LA        -1.1614802193        1.3055499981        0.0856962011
LA         1.6620103602        0.5448698017       -0.0409847000
LA        -0.3756477243       -1.1901377271       -1.2260920779
LA        -0.8607606998        0.2690559912       -1.4991799732
LA        -1.2933885178       -0.6177372370       -1.0031886968
LA         0.0569795566       -0.3033450053       -1.7220847535
LA         1.5962158224       -0.4144364093       -0.5841047552
LA         1.1111038208        1.0447539245       -0.8571921799
LA         0.7946449756       -1.2330374033        0.9534140706
LA        -0.1779442587        1.6924581419        0.4059081353
LA        -1.5962155597        0.4144361167        0.5841052055
LA        -1.1111039470       -1.0447535883        0.8571921263
LA         0.1779437129       -1.6924578657       -0.4059085864
LA        -0.0569788306        0.3033448883        1.7220846827
LA        -0.7946451641        1.2330367371       -0.9534143772
LA         1.2933880557        0.6177372357        1.0031887877
LA         0.7391874218        1.1138034239        0.1832258419
LA         1.2231268960       -0.3418602887        0.4556530997
LA        -0.6079163192        0.8001708213        0.9003843949
LA         0.6079163455       -0.8001706599       -0.9003841935
LA         0.1239770873        0.6554924508       -1.1728114572
LA        -0.1239768736       -0.6554926471        1.1728114285
LA        -1.2231267373        0.3418600097       -0.4556529263
LA        -0.7391875246       -1.1138028217       -0.1832258790
LA         0.2410161485       -0.7249632474        0.1356767896
LA         0.6708976074        0.1561983103       -0.3571659746
LA        -0.2410160424        0.7249633811       -0.1356767563
LA        -0.3063928806       -0.2282521329       -0.6753466185
LA        -0.6708974530       -0.1561981000        0.3571662147
LA         0.3063930976        0.2282523307        0.6753467263
