          38
Energy of minimum      1=    -173.9284266     first found at step       26 after                 4989 function calls
LA         1.5433535912        0.0360867222       -0.8231638268
LA         0.6917256700        1.3439635027       -0.8809761062
LA         0.1305922653        0.1618219157        1.7371241205
LA        -0.6917257034       -1.3439633803        0.8809760696
LA        -0.2962908313        1.6552370084       -0.4829526950
LA        -1.5433535221       -0.0360867632        0.8231638375
LA         0.2962907256       -1.6552369591        0.4829527369
LA        -0.7743735923       -0.4376419855        1.5065377450
LA        -1.2454159515       -0.8501701361       -0.8871248821
LA         1.2454158999        0.8501701953        0.8871247500
LA         1.4111143251       -0.9668888749       -0.3670464200
LA        -0.5105365753        1.5634460153        0.5965147339
LA        -0.1305921782       -0.1618219572       -1.7371240255
LA        -1.4607056722       -0.9424082291        0.1976021761
LA         0.5105364644       -1.5634460402       -0.5965146526
LA        -1.1968685371        1.0586796554       -0.7124209756
LA        -1.4111143399        0.9668887687        0.3670463998
LA         0.7743737124        0.4376419905       -1.5065377556
LA         1.1968685347       -1.0586796643        0.7124209666
LA         1.4607055519        0.9424082492       -0.1976022409
LA         0.2621902355        1.1599342643        1.2832183824
LA        -0.2621902382       -1.1599342992       -1.2832183152
LA        -1.1138178921        0.1479422113       -1.3410306244
LA         1.1138179947       -0.1479421067        1.3410305736
LA        -1.3231839861        0.0572422649       -0.2577495350
LA         1.3231840302       -0.0572423015        0.2577494686
LA        -0.4736157914       -1.2474712977       -0.2000769977
LA         0.2110564340       -0.7439257030        1.1056930106
LA         0.6385117921       -0.5607878638       -1.0480205135
LA        -0.6385117252        0.5607878549        1.0480205535
LA         0.4736156443        1.2474712852        0.2000770158
LA        -0.2110563580        0.7439257019       -1.1056929746
LA        -0.3409869872       -0.2507805728       -0.6503120522
LA        -0.4231100679        0.6497859014       -0.0287226043
LA        -0.5538723913       -0.3419886298        0.4223009222
LA         0.5538724221        0.3419886007       -0.4223009317
LA         0.4231100473       -0.6497859264        0.0287226146
LA         0.3409870001        0.2507805827        0.6503120514
