          98
Energy of minimum      1=    -543.6653608     first found at step      206 after                38050 function calls
LA         1.3014849867        0.6349573977       -2.1609447820
LA         2.2066026769        1.3686409576        0.1563404780
LA         2.4196064047        0.6762490883       -0.6744685829
LA         0.4260392192        1.3028859444       -2.2108132681
LA         0.1035620892       -1.2328655993        2.2882380510
LA         0.7289568941        2.4960228349        0.0721687753
LA         2.4339212367       -0.7550993284        0.5220797909
LA         0.1945850782       -0.8377969156       -2.4549842509
LA        -2.1442312660       -0.4698851287       -1.3957777468
LA        -0.6808606895       -0.1698683510       -2.5048529473
LA        -0.7241865006        0.7677754802        2.3775596594
LA         2.2209174267       -0.0627075845        1.3528888892
LA         0.4630866641       -2.4015387175        0.8859338379
LA        -2.5047499200        0.7020214381        0.0104053568
LA        -1.3781714626       -0.1023645309        2.2038331986
LA         0.2088604875       -2.2651960157       -1.2617367660
LA        -0.7384617686        2.1951749833        1.1843124609
LA         0.0665149204        2.4715593976       -0.8085087892
LA        -1.4009036929        2.1707118382        0.3036348010
LA         0.7575467731       -0.3627253651        2.4619644206
LA         1.3300750585       -2.2237902531        0.2288512200
LA        -2.1357740069       -1.3155619655       -0.6888265456
LA        -0.6581279990       -2.4429443012       -0.6046542586
LA        -2.4962928537       -0.1436553747        0.7173565615
LA         1.1473437899       -0.4573748857       -2.0282757100
LA        -0.9270196364       -1.0727989440        1.9050537409
LA        -0.5945601610        0.8716249126       -2.1275010033
LA         2.2785431153       -0.4156002392       -0.5244134899
LA         1.8547224109        0.9620751299        1.1286752607
LA        -2.0750465107        0.5680988206       -1.0054536758
LA         0.3597937224        2.1026432279        1.0435190231
LA         0.3742360066        0.6585483188        2.2507227953
LA        -0.5632900441       -2.2551413302        0.4863478541
LA        -0.9582895166        2.0539675736       -0.7087948576
LA         1.1617860778       -1.9014693040       -0.8210716670
LA        -2.0582187844       -1.1145728363        0.4011911446
LA        -1.2900685002       -1.7846633290       -1.2561528531
LA         0.8593003698        1.9359801704       -1.3931275999
LA        -1.9928882067        0.4999298851        1.4851552015
LA         1.5526886456       -0.8298109034        1.8242234417
LA         1.7666700160       -1.5253802117        0.9896016998
LA         0.8957028420       -1.7039444564        1.6496998233
LA         1.7387637048        1.2649864242       -1.3430302108
LA        -1.3359021629        1.3740631154        1.6596790273
LA         1.5247824608        1.9605558925       -0.5084084521
LA        -0.4191012855       -1.6060994219       -1.9162508869
LA        -2.0013841706        1.3494877171        0.7749597625
LA        -1.2985645830       -0.9351055684       -1.9663483397
LA        -1.1695356005        1.1262716856       -1.2384762351
LA        -1.1439497335       -1.4321462518        0.9002564878
LA         1.4789416992       -0.8944058323       -1.0876092354
LA         0.8345437073        1.2002805271        1.4258289066
LA        -0.1600019903        1.5225498539       -1.3099068992
LA        -0.2437208226        1.2813437694        1.5356991497
LA        -1.2115483398       -1.6007532580       -0.1713306743
LA        -0.1291663000       -1.5607819581        1.2676319013
LA         1.6152711160       -1.2031404101       -0.0544614279
LA         0.5328890309       -1.2431120960       -1.4934238159
LA        -1.5595809373       -0.4694351409        1.1861502320
LA         1.1728747330        1.5717719117        0.4620739749
LA        -1.5765973610        1.2321221306       -0.2362818084
LA         1.1866936061        0.1899972836        1.6171805536
LA         1.6014521239        0.1786340194       -1.2095681669
LA        -1.2285649682        0.1008038119       -1.5937628370
LA         0.2747510964        0.2058954606       -2.0655537698
LA         2.0543649583        0.2716155176        0.3003373778
LA        -0.2747511324       -0.2058958298        2.0655536680
LA        -0.2974715588        2.0659683738        0.1663686407
LA        -2.0543648394       -0.2716150501       -0.3003377652
LA         0.2974716908       -2.0659682932       -0.1663683616
LA        -0.3484186633       -0.5713610997       -1.5361707878
LA         0.5292113249       -0.6842617127        1.4350581025
LA         1.3936987344       -0.5070259706        0.7798708830
LA        -1.5606826495        0.3818899609        0.4754993196
LA        -0.9001516422        0.4062826043        1.3536364728
LA        -0.9085845263        1.2495200607        0.6487246513
LA         0.7193588526        0.8493398387       -1.2525237040
LA         0.7416006860       -1.3746562468        0.6066458037
LA         1.3798899429        0.8737327426       -0.3743866145
LA         0.5069695837        1.5397345194       -0.4241112575
LA        -0.3399857118       -1.4145984285       -0.8312588702
LA        -1.2129060752       -0.7485965565       -0.8809836464
LA        -0.4951541262        1.1270532960       -0.3484512591
LA         0.5890922339       -0.2203140286       -1.1141261711
LA        -0.2860683936        0.4473969831       -1.1639785521
LA        -1.1286549067       -0.5724833066        0.1877389769
LA        -0.2693119564       -1.2281262248        0.2366903260
LA        -0.4783977638       -0.5484700227        1.0522175060
LA         1.0264151119        0.4958659328        0.5808907252
LA         0.1670721613        1.1515087380        0.5319395199
LA         1.2393494763       -0.1963005034       -0.2496477098
LA         0.5973940934       -1.0504356818       -0.4201783682
LA         0.1753739795        0.3213869158        1.2258871916
LA        -1.1371094661        0.2729181989       -0.5189820935
LA        -0.4819301668        0.2914525576        0.3544100664
LA         0.3811067614       -0.3670086359        0.4035717715
LA        -0.2719456379       -0.3911253062       -0.4646227838
LA         0.3727692094        0.4666814642       -0.2933589863
