          38
Energy of minimum      1=    -173.9284266     first found at step       65 after                 8782 function calls
LA         1.4427407286        0.7263096027       -0.6721719449
LA         1.6403701608       -0.3514523253       -0.4964960255
LA         0.2200320558        1.6740960164       -0.4580715876
LA        -1.6403702652        0.3514519699        0.4964957670
LA        -0.5782608995       -1.0363726367        1.2854519997
LA        -1.0845118125       -1.3640327691       -0.1552085997
LA        -0.9221670840       -0.9271010905       -1.1622961149
LA        -0.8110044342        1.5487381280       -0.0672522481
LA        -1.1188381977        0.1454350360       -1.3371201300
LA         0.0928014301       -0.2701846885        1.7260443112
LA         0.8110042651       -1.5487381624        0.0672526722
LA         0.1038700279       -0.8023514128       -1.5512200706
LA        -0.1038701373        0.8023512398        1.5512201694
LA        -0.9725620377        1.1139248961        0.9349519470
LA        -1.4788126645        0.7862651382       -0.5057084195
LA         1.4788127292       -0.7862650326        0.5057083364
LA         1.1188384789       -0.1454346654        1.3371199475
LA         0.9725617143       -1.1139253655       -0.9349517243
LA        -1.4427405051       -0.7263098135        0.6721716610
LA        -0.0928010731        0.2701847334       -1.7260441036
LA         0.9221669334        0.9271012936        1.1622958407
LA        -0.2200322544       -1.6740957182        0.4580718165
LA         0.5782610327        1.0363728199       -1.2854517559
LA         1.0845117719        1.3640327578        0.1552082510
LA        -0.7710424748        0.0389855241        1.1065716139
LA         0.7710424819       -0.0389856902       -1.1065715918
LA        -1.2760688351       -0.2878819273       -0.3306045749
LA         1.2760688836        0.2878819951        0.3306042791
LA         0.4487090137       -0.9065083821        0.8929895074
LA        -0.0563176685       -1.2333760723       -0.5441867612
LA        -0.4487088963        0.9065085588       -0.8929893728
LA         0.0563175036        1.2333760188        0.5441868678
LA        -0.4120497409       -0.5948417336        0.2800843296
LA         0.6074722671       -0.4708840000       -0.1063702795
LA        -0.6074723118        0.4708839317        0.1063703502
LA         0.2515181198        0.1627897447        0.7157561874
LA        -0.2515180900       -0.1627896838       -0.7157562254
LA         0.4120497843        0.5948417647       -0.2800843251
