          98
Energy of minimum      1=    -543.6653608     first found at step    54720 after              7413905 function calls
LA        -1.4407545371       -1.8608906563        1.1081650188
LA         2.3973494073        0.7408072974       -0.6860290170
LA         2.1728577976       -1.0905538266       -0.9252556107
LA         0.6679849619       -2.5006030861       -0.2598005584
LA        -1.3367351831        0.9853198849       -2.0022487541
LA         1.2505915872        2.2521955450        0.3610439394
LA        -2.2071850109       -1.1321138111       -0.7831783240
LA         1.8829731778        1.5419551206        0.9184244266
LA        -1.8496909099        1.7842577494       -0.4022221684
LA         1.4074732821       -1.4653218329       -1.6243667796
LA         0.0762328651        0.6081010373        2.5280658476
LA        -0.5542411482        2.4185706730        0.7810562175
LA         0.3400880695       -0.2665230929       -2.5651551006
LA        -1.4697374207       -0.0996886590       -2.1439797988
LA         1.1455237876        0.5095303902        2.2792255512
LA         0.9204120348       -1.3268972125        2.0393379320
LA        -0.1488788893       -1.2283280026        2.2881784547
LA         0.4730905276        0.8184853117       -2.4234237618
LA        -0.9911504123        1.8069007010        1.5872764880
LA        -1.1368475982       -2.3342292120        0.1602135033
LA         1.4333690407       -2.1258350642        0.4393107964
LA        -2.5110915516       -0.6587751651        0.1647732675
LA        -2.2865996814        1.1725875606        0.4039981139
LA         1.7649673084        1.4510474500       -1.2434093045
LA         2.2537268062        0.6263233559        0.4097885867
LA        -0.8304874258        2.2078337110       -0.2743242462
LA        -0.6199516834       -0.2220484855        2.2816325642
LA        -1.9269370263       -0.8620098550        1.0878167731
LA        -0.3115317698        1.3995512645       -1.8930652880
LA         2.0266096669       -1.2264585637        0.1677640846
LA         0.5036985029       -1.9721470039       -1.2232807522
LA        -0.5761708431       -0.7593265936       -2.1750727347
LA        -1.3222438716       -1.8038272883       -0.7983543985
LA         1.5076524802       -0.4181763100        1.7865056707
LA        -1.6998197540        0.9907729423        1.3298396944
LA         0.9954551317        2.0395123814       -0.6992492948
LA         1.4774508998        0.6372905242       -1.9591375096
LA        -2.4896581067        0.3480517692       -0.3281500495
LA         0.6711272494       -2.0944551803        1.2609775707
LA        -0.0977690101       -2.4709436102        0.5586579025
LA         0.0357781937        1.5846242336        1.9786120352
LA         1.1099762106        1.4856010581        1.7286299872
LA         1.3438382626       -0.4526970546       -2.1015194271
LA         0.4746927253        2.1991011537        1.1686918022
LA        -2.1843571727       -0.1274590746       -1.2804519531
LA        -0.4030708985       -1.9954332032        1.5109598401
LA        -2.0507442976        0.9625287991       -1.1380702923
LA         2.1127353944       -0.0762090990       -1.3991998952
LA         1.8658911808       -0.3282762838        0.7621083970
LA        -0.0472482392        1.8204072384       -0.9241269877
LA        -1.3690241683       -0.0300725484        1.5149238303
LA        -0.4496188933       -1.4620584603       -1.3529052730
LA         1.2664888366       -1.2015129816        1.0059752825
LA        -1.9182611029        0.1572976834        0.5959418072
LA         0.7079711392        1.2269615992       -1.4328142438
LA        -1.3067814744       -0.7950902104       -1.3113989963
LA        -0.6676789955        0.7696417395        1.7382380031
LA         1.9803655327       -0.2020886707       -0.3113298323
LA         0.2114108449        2.0003619132        0.1160696686
LA         0.4403617769       -0.9561464392       -1.7179871315
LA        -0.2735146117       -1.9555710643       -0.4006817054
LA        -1.0391721062        1.3880181297       -1.0262266593
LA        -0.8849944260       -1.0031833665        1.5066591599
LA         1.4838043309        0.5713115334        1.2375545134
LA         1.6149473964        1.3250056423       -0.1438712221
LA        -1.6149467865       -1.3250063134        0.1438720101
LA        -1.2576434976        1.5898097765        0.5246249206
LA         1.2576441205       -1.5898090706       -0.5246256517
LA        -0.4412166902        0.3182121706       -2.0219945451
LA         0.4412154998       -0.3182120951        2.0219945687
LA        -1.4738010397        0.7672503349       -0.2165812528
LA         1.3382641895        0.5080263128       -0.8709929506
LA        -1.6064197804       -0.3146284207       -0.3579035929
LA         0.4922937761       -1.5725419394        0.3040211610
LA         0.5750872964        0.1343394309       -1.5680873324
LA        -1.1707715228        0.2952773075       -1.1617983412
LA         0.4064195977        0.6709524400        1.4806471751
LA         1.2056455342       -0.5738521419       -1.0123157277
LA         0.1892637748       -1.1005690480        1.2492384059
LA        -0.2241379164        1.3791441844        0.9248751882
LA         0.8420685289        1.2808580158        0.6767525386
LA        -0.5739126416       -1.4742563051        0.5521442576
LA         1.2066528332        0.3756716406        0.1992608976
LA         1.0760969556       -0.6893793930        0.0601362704
LA         0.3109617729       -1.0640254287       -0.6387470634
LA        -0.2911624893       -0.1262092699        1.2394114050
LA         0.5744766685        1.0856807857       -0.3579372935
LA        -0.7386608906       -0.9672684216       -0.3944831966
LA        -0.1768298065        0.7178061599       -1.0441889822
LA        -1.0424684382       -0.4940841742        0.5531598001
LA        -0.3097887421       -0.3668490811       -1.1858741738
LA        -0.9119126261        0.5709671357        0.6922841304
LA         0.7777802905       -0.2247475184        0.9906516808
LA        -0.4751460372        1.1824381930       -0.1136738163
LA        -0.6080222902        0.1069726109       -0.2483417499
LA         0.4461122684        0.0097995646       -0.4936554555
LA         0.0153964179       -0.5932006385        0.3011372849
LA         0.1465134809        0.4764287707        0.4408597712
          98
Energy of minimum      2=    -543.6429572     first found at step    24481 after              3286384 function calls
LA         2.2429452876        1.4465211129       -0.6340919799
LA        -0.6555929985       -1.7636580191       -2.2061248253
LA        -1.3744106578        1.2850580200        2.2061050750
LA        -1.7128391023       -1.7921489548        0.9592732376
LA        -2.3013101056        0.8630140107       -0.9712340225
LA         0.6527562991       -2.5959254635       -0.6031286543
LA         0.1104560220       -0.2958696626        2.7256088659
LA         0.0110110099        0.3046096455       -2.7098859485
LA        -0.5308624043        2.6028522130        0.6162265022
LA         0.0005452927       -1.3310494431        2.3040213112
LA         0.3004286238       -2.6029447039        0.4632803708
LA        -0.8396245982        2.4602130901       -0.4535110997
LA        -0.5399591606        1.1892451343       -2.2929086742
LA         1.9747643987       -0.6531127216       -1.4883239955
LA         1.4848588138        1.4247148948        1.5187954051
LA         1.0928128882       -1.9665702246       -1.4270596801
LA         0.4506912692        0.7568551259        2.5143958543
LA         0.7688559790       -0.4990160667       -2.4924546837
LA         0.1270409285        2.2231069551        1.4471154021
LA         2.4639280349        0.5550210843        0.0179089802
LA        -0.2929744916        1.5491414158        2.2391915431
LA         0.4343743349       -1.5357573234       -2.2254031989
LA         2.3345019553       -0.5086099486       -0.4176702775
LA         2.0854832864        0.5475488739        1.1108472335
LA         1.7461932920       -0.5228698314        1.3473862799
LA         1.8981952356       -1.1675550339        0.4143707017
LA         0.1503212652       -1.9826022766        1.3944064948
LA        -0.6960307217        1.8386814893       -1.3838668833
LA         2.1307670865        0.4017787661       -1.0703287405
LA         1.8838243737        1.4491317387        0.4454441982
LA        -0.0014814342       -2.1811491621       -1.4061125301
LA        -0.6325632699        0.4954543552        2.4675806591
LA        -0.3222676227       -0.7306263269       -2.4599560901
LA        -0.9532017460        1.9453486807        1.4128269424
LA        -0.8562595352       -1.5632655120        1.6319736944
LA        -0.7064925929       -2.1984720040        0.7126758319
LA        -1.5711044590        1.6623390726       -0.7137067134
LA        -1.4214297495        1.0275249477       -1.6324360985
LA         1.3703409091        1.2106763580       -1.3089875947
LA         1.2196214734        1.8499200708       -0.3838474169
LA        -1.6899358299        1.1482048834        1.1481285535
LA        -1.2096732850       -0.8887290742       -1.7998076586
LA        -1.4926616626        0.2573241942        1.7959946863
LA        -1.0123656778       -1.7797527022       -1.1521490865
LA        -1.6050796844       -0.7677648028        1.3809413160
LA        -1.3641859281       -1.7894670154       -0.0977095154
LA        -1.7576380181       -0.0136262150       -1.3887091527
LA        -1.9984993753        1.0079372500        0.0897401170
LA        -1.9149599281       -0.9080419289        0.3154542379
LA        -2.1109304806       -0.0237289715       -0.3275055910
LA         0.8245607963       -0.6741082905        1.9732983777
LA         1.1220527500       -1.9358583685        0.1472406286
LA         0.1854401638        2.2105416740       -0.1270402896
LA         0.4822801239        0.9515582605       -1.9490932526
LA         1.5640397816       -1.3085048109       -0.6684333504
LA         1.1681476911        0.3705873274        1.7616196434
LA        -0.7517551258       -0.5377140293        2.0606469020
LA        -0.3592869959       -2.2022878175       -0.3483949972
LA        -1.2724311622        1.8126060331        0.3512701983
LA        -0.8800817941        0.1485383817       -2.0570378482
LA         1.2387307060        0.1590099829       -1.7321173554
LA         0.8435578966        1.8350504803        0.6935183436
LA        -1.8136730348        0.1192634920        0.7377810591
LA        -1.5719706234       -0.9058680659       -0.7458323920
LA         0.9793181943       -1.3240400014        1.0744164546
LA         0.3314684598        1.5998741450       -1.0514632747
LA         0.6950044183        0.1447086540        0.0132373337
LA         0.4082832198        1.1607768092        1.4913652807
LA         0.8907327971       -0.8854305536       -1.4699918799
LA         1.6646785520       -0.1032933846        0.3425737652
LA         1.4542508114        0.7841477946       -0.3049027157
LA         1.3309378305       -0.2412074397       -0.7185358596
LA         1.0921876117        0.7714001484        0.7469524656
LA        -0.6647932853        0.8924734421        1.4506612105
LA        -0.1934522897       -1.1066212281       -1.4425125054
LA         0.4571236897       -1.5227730770       -0.6534751216
LA         0.0714660173        0.1129138332        1.7137597265
LA        -0.8877188128       -1.1261438933        0.6335084050
LA        -1.2737509173        0.6161014230       -0.6332202261
LA         0.1385701041       -0.0850316040       -1.6979885535
LA        -0.2469104360        1.5499028137        0.6681569131
LA        -0.0391796392       -0.9041473654        1.3019475503
LA         0.1089171726       -1.5322693895        0.3929026973
LA        -0.5525939350        1.4108939387       -0.3819974513
LA        -0.4046441378        0.7833960653       -1.2901385730
LA         0.7658628921       -0.2592484799        0.9754617563
LA         0.9113527267       -0.8763130962        0.0824197098
LA         0.4490908534        1.1623175628       -0.0595923258
LA         0.5943233926        0.5463449699       -0.9510536219
LA         0.0256426258        0.5158545658        0.7233088937
LA         0.2586597966       -0.4724388112       -0.7069907634
LA        -0.7860729736       -0.1188833502        1.0511260037
LA        -0.5484040538       -1.1269072852       -0.4077288100
LA        -0.7431445194       -0.2476453261       -1.0468391777
LA        -0.9807791659        0.7602327521        0.4118041949
LA        -1.0930069104       -0.2577845260        0.0000543230
LA        -0.0862650256       -0.4833652137        0.3199366826
LA        -0.2771497766        0.3794808640       -0.3073615567
          98
Energy of minimum      3=    -543.5467256     first found at step    24647 after              3313817 function calls
LA         2.6165647388        0.0238633597        0.7193700489
LA         1.9793981700        1.7713966999       -0.5555271607
LA        -0.4141794049       -1.7810455353       -2.2343257927
LA        -2.4343902020        0.5567720958       -0.9706053509
LA        -1.4917726720       -2.0285126946        0.9154650939
LA         0.0810632884       -0.3253547110        2.7347461813
LA        -0.9480663077        2.4972051244        0.6755740945
LA         0.9826043966       -2.4505685423       -0.6291187041
LA        -0.0464586050        0.3718064053       -2.6881571508
LA        -1.2209013745        2.3353205831       -0.4014437491
LA         0.1249886567       -1.3560056242        2.2915290962
LA        -0.7226155531        1.1594991971       -2.2614912735
LA         0.6230467889       -2.5312019173        0.4310267404
LA        -0.5817053456        1.4517809137        2.2807176410
LA         1.2115370012        1.5948990542        1.5806674966
LA         2.0238247688       -0.3211513691       -1.4516744269
LA         0.2707708333        0.7691700176        2.5489793337
LA        -0.2499819530        2.1974202409        1.5070129128
LA         0.8167797617       -0.3190698542       -2.4750857480
LA         1.3373840006       -1.7469143296       -1.4334143731
LA         0.6322000735       -1.3985922685       -2.2330451932
LA        -1.2810249526        1.7685058881        1.4549804815
LA        -0.7668535486        0.3583049689        2.4837794230
LA        -1.5769514309        0.0156284414        1.7976071488
LA        -1.8926194730        0.8814009928        1.1659909695
LA        -0.9804054353        1.7604595428       -1.3420807495
LA         0.3758569031       -1.9593140233        1.3716461424
LA         2.3139953682        0.9037663744        0.0823292220
LA        -0.2302755187       -0.7056829863       -2.4632703802
LA         0.2844312419       -2.1173519824       -1.4333997776
LA         1.9339054094        0.8169246714        1.1596245244
LA         1.6123863416        1.6987429910        0.5163020374
LA         2.3433945390       -0.1488895295       -0.3688583287
LA         2.0218638803        0.7329605512       -1.0122041207
LA        -1.8287952798        1.4467841003       -0.6875312551
LA        -0.6835534830       -1.6942310010        1.6039672610
LA        -1.5797849226        0.8593560317       -1.6167709867
LA        -0.4346750510       -2.2812974433        0.6744639646
LA         1.7467289068       -0.2854530826        1.3699115325
LA         0.9051557442        2.0226994295       -0.3139802429
LA         1.1558201469        1.4314148460       -1.2495709453
LA         1.9973374780       -0.8765847713        0.4342095485
LA        -1.5367530519       -1.0081926914        1.3591314285
LA        -2.1671096669        0.7206657948        0.0978590006
LA        -0.7772334871       -1.8708649196       -1.1861318661
LA        -1.0934788147       -1.0035093594       -1.8189030912
LA        -1.7663664919       -0.2244962204       -1.3982121234
LA        -1.1359356518       -1.9535566539       -0.1367918417
LA        -2.1263665038       -0.3077793819       -0.3420536072
LA        -1.8123511948       -1.1690185745        0.2862554079
LA        -0.1739043607        2.2279792878       -0.0650844356
LA         0.8503420555       -0.5811859661        1.9843162225
LA         0.3199674591        1.0629963253       -1.9084349974
LA         1.3441029917       -1.7458643562        0.1407440322
LA        -1.5661589210        1.6152961954        0.3842838527
LA        -0.7314844292       -0.6739376240        2.0543728335
LA        -0.9133927467        0.0758141910       -2.0511157711
LA        -0.0790518101       -2.2125031002       -0.3816945445
LA         1.0440275412        0.5042019949        1.7975688894
LA         0.5238348850        1.9309153688        0.7567234027
LA         1.7005960516       -1.0446601276       -0.6538683892
LA         1.1804784037        0.3818475118       -1.6945643920
LA        -1.8640031708       -0.1468067282        0.7303568603
LA        -1.4617704273       -1.0950570697       -0.7704610122
LA         1.1052040644       -1.1814482974        1.0759451087
LA         0.0676037280        1.6643417606       -1.0001751103
LA         0.6169002215        0.2533478047        0.0389565184
LA         0.1800274351        1.1853733081        1.5348477357
LA         0.9821570020       -0.7060199684       -1.4586199672
LA        -0.8464170987        0.7680449850        1.4758000540
LA         1.2854682837        0.9996043993       -0.2536756733
LA         1.5990122881        0.1396586770        0.3736899411
LA        -0.0603909299       -1.0811854794       -1.4518257952
LA         0.9184755107        0.9123200830        0.7915053980
LA         1.3149616435       -0.0224923369       -0.6880204218
LA        -0.5168764770        1.4951623129        0.7103706899
LA        -0.0065305949        0.0954538743        1.7315149737
LA        -1.3866760286        0.4519832247       -0.6237905096
LA        -0.7680391764       -1.2447307486        0.6140315615
LA         0.6345764890       -1.4163974954       -0.6617405493
LA         0.1243938592       -0.0171373668       -1.6825583124
LA        -0.7885470157        1.3365544699       -0.3468896400
LA         0.0334958160       -0.9180338781        1.2979245286
LA        -0.5424480214        0.7558809150       -1.2654477531
LA         0.2794730891       -1.4983737397        0.3791233242
LA         0.2343180554        1.2270763657       -0.0155686935
LA         0.7392444123       -0.1577674722        0.9947314433
LA         0.4760102507        0.6570160494       -0.9175943607
LA         0.9808845512       -0.7276850320        0.0926017728
LA        -0.1017313462        0.5096087089        0.7493766693
LA        -0.8163423870       -0.2422782189        1.0531569953
LA        -1.1285617696        0.6140355058        0.4284413285
LA         0.2864469909       -0.4050077341       -0.6983143364
LA        -0.7329342943       -0.3184360122       -1.0471912511
LA        -0.4207965001       -1.1745255158       -0.4226390422
LA        -1.0895052431       -0.4010896290       -0.0052725264
LA        -0.3716891749        0.3533211592       -0.2893083892
LA        -0.0651842163       -0.4873194304        0.3239732447
          98
Energy of minimum      4=    -543.4923253     first found at step    46803 after              6324601 function calls
LA         1.7232112900       -0.3327815018       -2.0666779183
LA         1.4481430046        1.8009176158       -1.3907073951
LA        -2.7419654153       -0.0569910752       -0.9924225251
LA         1.3440290425       -0.6392837467        2.5082717443
LA        -1.5588181069        0.9190410417        1.9723156051
LA        -1.3063579372       -1.5150502324       -1.8810508293
LA         1.7740621691       -1.9540388478        0.7581126733
LA         0.9348366504       -2.4896694206        0.2388677572
LA        -0.7686997871       -2.2468993646       -1.2206451844
LA        -1.7506172853        1.9311194931       -0.7890290725
LA         1.3295480360        1.4921667070        1.8499165376
LA        -1.3490023142        2.2596255131        0.2062948438
LA         0.3545200847        2.0168572665        1.6657956707
LA        -0.2722779390        0.7095029490       -2.4071191426
LA         2.5044959092        0.3137860311       -0.0281053583
LA         2.3105607852       -0.9708907260        0.8752739950
LA        -1.3361919912       -0.4511942604       -2.2490973444
LA        -1.5608661362        1.2921716975       -1.6966127081
LA         2.0856314169        0.7725111864        1.4275408761
LA        -2.0478803076        0.2864271684       -1.7934669732
LA         2.0850306250       -0.3025516670        1.7474230787
LA        -0.1116239682       -2.3657594308        0.6061584643
LA        -0.9607741452       -2.2447475981       -0.1213549920
LA         0.0839889393       -2.3868211752       -0.4950464679
LA        -1.6883760318       -1.5173751070        0.3188095885
LA        -0.3214845572       -1.7121698080        1.4898998950
LA        -1.2920304092       -1.1900658105        1.3101007087
LA        -0.5018318767        2.1547030578        0.9441418341
LA         1.5967209428        0.7393033088       -1.7407121017
LA        -2.0261690315       -0.7860493439       -1.4381018737
LA         1.5606556160       -1.2972052815        1.6349259107
LA         1.3382894072        0.4264361859        2.1809618947
LA        -2.2483265626        0.9375628195       -0.8918878053
LA         0.7343148212        0.1908071652       -2.2584053389
LA         2.1340183349       -0.0086640630       -1.0592029113
LA         0.5955133301        1.2675333706       -1.9172767249
LA         1.9951959465        1.0680651560       -0.7180919493
LA        -0.6031879734        1.4694843972        1.8198220526
LA        -1.4542639168        1.5907708541        1.0906587596
LA         0.7544530866       -0.8907196302       -1.9060893099
LA         1.6113707782       -1.0128386875       -1.1719210743
LA         0.3912246601        1.9273166275       -1.0132484302
LA         1.2480056138        1.8052171583       -0.2791972447
LA        -2.2187315006       -0.7888744001       -0.3368518375
LA         0.5115404721       -1.1779637863        2.0023207027
LA        -2.3553869427        0.2705774877       -0.0016335261
LA         0.3753837033       -0.1185831444        2.3379664972
LA        -0.5915970855        0.4008894007        2.1594061900
LA        -1.9611778719        0.5960677838        0.9860115271
LA        -1.4274744250       -0.1359446091        1.6435290826
LA        -0.2196090970       -1.4206699396       -1.7082438068
LA         1.4684305999       -1.6612318027       -0.2620081135
LA        -0.6616295427        2.0091607320       -0.6217941468
LA         1.0263910223        1.7686016950        0.8244254647
LA        -1.5035651766       -1.5240590899       -0.7829291598
LA         0.7276485115       -1.8420277838        1.1286730336
LA        -1.8636246110        1.2699419925        0.1025836035
LA         0.3670916813        0.9520436654        2.0137600649
LA        -0.2429320418       -0.3646025342       -2.0754265119
LA         2.0019083472       -0.6845138242       -0.1521493608
LA        -0.4674144896        1.3772479109       -1.5235899926
LA         1.7773394740        1.0573489476        0.3996135082
LA        -1.8354700225       -0.4627008612        0.6579828923
LA        -0.4608188032       -0.6586016284        1.8357214843
LA         0.6284457779       -1.5626612006       -0.9934468676
LA         0.1803559882        1.9117345265        0.1074802585
LA         0.4254368616        0.1843801269       -0.4658989778
LA        -0.9696144774        0.3681804892       -1.6130730472
LA         1.7711255736       -0.0224009741        0.7350684418
LA        -0.6115517753       -1.4067408005        0.4798082498
LA         1.0627446725       -0.0707302893       -1.2521958424
LA         0.9273761634        0.9792640248       -0.9195419518
LA        -1.6524736528        0.0258437505       -0.8103743450
LA         1.0271119996       -0.3560223197        1.4853727806
LA         1.4478171970        0.2513523523       -0.2610677649
LA         0.0930877825        0.4444143142       -1.4217384026
LA        -0.8775478358        0.6663065932        1.1351008896
LA        -0.9453228831       -0.6959724762       -1.2561436404
LA         1.2462135224       -1.0082869514        0.6214648538
LA        -1.1655580542        1.0124870918       -0.7147114743
LA         1.0257870747        0.7001996840        1.1627336055
LA         0.4220331988       -1.5367707980        0.1133387869
LA        -0.4194710264       -1.4168484808       -0.6076238341
LA        -0.7741760815        1.3357317468        0.2644391428
LA         0.0671342089        1.2158370038        0.9852356871
LA         0.1149091272       -0.6051286727       -1.0805444787
LA         0.9409936511       -0.7228536450       -0.3727927514
LA        -0.1029953906        1.0856280651       -0.5449083725
LA         0.7230262037        0.9679121076        0.1627895226
LA        -1.1434872893       -0.6967760072       -0.1649840890
LA         0.2080669322       -0.8893850882        0.9929659853
LA        -0.5991794604        0.1074625208       -0.6396635942
LA         0.7261397593       -0.0814079229        0.4958096837
LA        -1.2780613201        0.3486021217        0.1661479908
LA         0.0733233634        0.1560170695        1.3239529990
LA        -0.7525399939       -0.3734237470        0.8162471892
LA        -0.0852138026       -0.6021397125       -0.0006967414
LA        -0.2173130139        0.4245292934        0.3242612983
          98
Energy of minimum      5=    -543.1896663     first found at step     1863 after               265947 function calls
LA         1.0037881584       -2.4764978247       -0.1664493052
LA         2.2542651404       -0.9680775088       -1.0820314737
LA         1.9997891116       -0.1329040096        1.8555334760
LA         1.5750409802        1.9381912754        1.0676292781
LA         1.0824868946       -0.7937014853       -2.6021828691
LA        -2.5695126766       -0.0394345218        1.3213881619
LA        -1.1615442692       -2.3264568011       -0.6602438831
LA        -1.7839115951        0.7337230645       -1.8298131779
LA        -1.6740530298        1.9485842382        0.8534367916
LA         1.0764017735        1.3811635421       -2.1039777426
LA        -0.9906784548       -1.3921285614        2.1307995454
LA        -0.5177454852       -2.1609446812        1.4655698143
LA         0.1149451385        1.8954972857       -1.8410729044
LA        -1.4054549483        2.2090874465       -0.2047546016
LA         2.5084604765        0.3821179541       -0.3038573011
LA         0.0275140662        0.8854675346        2.3628015234
LA         1.9014609962        0.7162953736       -1.7267123414
LA        -1.0099694849       -0.3048708183        2.4212128325
LA        -1.3554099486        1.3851994150        1.7748696410
LA         1.8979348825       -0.3787877494       -1.9665212750
LA        -1.7948517041        0.3793123642        2.0038747167
LA         1.4277486387       -1.3795119493       -1.7167032784
LA         0.2437768714       -2.3366930557        0.6539146461
LA        -0.6511143615        2.0678522663       -1.0314190429
LA         1.5756695154       -1.6000460053        0.1855155099
LA         1.7992063673        0.9093431145        1.4723218208
LA         1.0801638185        0.2939303071       -2.3550583699
LA        -2.1235078463        0.9549674849        1.0886340405
LA        -1.7820677691       -0.7159715837        1.7277332309
LA         2.2758091961        0.1279163475        0.7863775677
LA        -0.0793423836       -2.4028501368       -0.4134242134
LA         2.0611928418        1.1716862442        0.3876570910
LA         1.0247985226        0.3801991736        2.1291567795
LA         0.8106731925        1.4254191813        1.7316896049
LA        -0.8399275177       -2.2451184578        0.4026628178
LA        -0.8355613872        1.3157668927       -1.8361136284
LA        -1.5953261057        1.4726161555       -1.0185840453
LA         1.8032295086       -0.8810952420        1.0312481397
LA         0.3354331972       -1.3119918363       -1.9597904643
LA         1.0376384708       -0.7242302913        1.8551509869
LA         0.4774681541        2.0105551080        0.8140101460
LA         1.2421238533        1.8533764788       -0.0089329545
LA        -0.4120289449       -1.8224844820       -1.3124681524
LA         0.1247301193       -0.2849456192       -2.3523942623
LA        -2.1070510897       -0.8066397654        0.6616144767
LA        -2.3155266013        0.2199536420        0.2690039210
LA        -1.6381909305       -1.5686881016        0.0016626125
LA        -0.8299151771        0.2243376695       -2.0952237453
LA        -2.0537670789        0.4777833852       -0.7806335690
LA        -1.3730864469       -1.3086819213       -1.0546113377
LA        -1.5803720385       -0.2893308702       -1.4439554019
LA         0.0642426829       -1.2896905753        1.8172488222
LA         0.8906191085        1.7278584105       -1.0720723580
LA        -0.6162324577        2.0378260746        0.5493170304
LA         0.6765737239       -1.9044370331       -1.0719703460
LA         2.0588098963       -0.6137409041       -0.0451055003
LA         0.1200633829        0.8072276572       -2.1087684674
LA        -1.3209785594       -1.4895649847        1.0687097713
LA        -1.8720942539        1.2189410451        0.0328757535
LA         1.7105385699        1.0709869750       -0.6921013996
LA         0.0511133377       -0.2096095920        2.1077822691
LA        -0.2940388992        1.4804710807        1.4638238425
LA        -0.6270826662       -0.8042218903       -1.7135677506
LA        -1.8561634777       -0.5495318992       -0.3945042856
LA         0.8250097179       -1.4658715029        1.0142848203
LA         0.1338416121        1.9048427784       -0.2687906570
LA         0.5026661756        0.2318154697        0.3933705904
LA         1.6995109387       -0.0306805052       -0.9447423689
LA        -0.7493828876        0.4709257137        1.6868494441
LA         1.2307516955       -1.0289175933       -0.6985880537
LA         1.2380682186        0.0515588895        1.1115050895
LA         1.0287615295        1.0709272735        0.7240214781
LA         0.8828452090       -0.4419801471       -1.5714345220
LA        -1.5129413165        0.0535485597        1.0012111543
LA         0.4802552704       -1.5269731163       -0.0519670685
LA         1.4899083288        0.3101858480        0.0611398656
LA         0.2796630186        0.5554703990        1.3615613161
LA        -0.5910765916       -1.4471988009       -0.2982840961
LA        -0.9986839922        0.5608819522       -1.0662035997
LA         0.8844576917        0.6361470219       -1.3287032109
LA        -1.0729735594        1.0404021955        0.7749920279
LA        -0.7342620994       -0.6161302216        1.4079680512
LA        -0.2700205950       -1.3722270781        0.7545521011
LA        -0.0616878593        1.1419564947       -1.0737862376
LA        -0.8127742099        1.2966216364       -0.2656625077
LA         1.0327609838       -0.6679861014        0.3018141066
LA         0.2942296274       -0.5163656435        1.0963992794
LA         0.6961303728        0.9721537030       -0.3221248802
LA        -0.0414361518        1.1241430764        0.4714093489
LA         0.1459759841       -0.9550588979       -0.9443138110
LA         0.6953418042       -0.1021690279       -0.5753084208
LA        -0.4908576089        0.1455473759        0.6969788750
LA        -0.0610972593        0.0588134170       -1.3319126535
LA        -1.0635811256       -0.7042846384        0.3526353501
LA        -1.2691405695        0.3090215311       -0.0349800618
LA        -0.0363489343       -0.5981624561        0.0535572310
LA        -0.8034053484       -0.4482337234       -0.6903137392
LA        -0.2377110689        0.3965020883       -0.3273414546
