          98
Energy of minimum      1=    -543.6653608     first found at step       84 after                25504 function calls
LA         2.0330735209       -0.7859816001       -1.4197047413
LA         1.1176614300        0.5904310541       -2.2735304529
LA        -1.1221811244       -1.8655150612        1.4238254542
LA        -2.5799390247        0.3263683712        0.0641415822
LA         2.4971159451       -0.6219566163        0.3798652993
LA         0.6637591863        2.1346767583       -1.3301483162
LA        -1.4368979730        2.0321093421        0.7566839408
LA        -1.5849439823       -2.0290865508       -0.3707789579
LA        -2.1272891194       -1.2136169136       -0.8766365692
LA         0.3449903588        2.2600894771        1.2408435593
LA         0.3964592603       -0.7245248768        2.4666978887
LA         1.2629352232        0.8798684615        2.0970316108
LA         2.0444649907        0.9180280516        1.3206451040
LA         1.9837638250       -1.5724953665        0.5988777903
LA         1.1265202287        2.2982488698        0.4644571397
LA        -0.3919382035        1.9996078317       -1.6169935331
LA         0.6646371176       -1.6369039528        1.9093238669
LA         0.0619638864        0.4553619847       -2.5603752515
LA        -1.7110652862        1.9351999254       -0.3065477345
LA         1.5197209968       -1.7365201314       -1.2006920236
LA        -2.3057713449        0.4232776842        1.1273731150
LA        -1.3903587818       -0.9531358144        1.9811991885
LA        -0.8045134638       -1.1490308580       -2.1907076697
LA        -0.2621683684       -1.9645004073       -1.6848500809
LA        -0.0563953779       -2.0611564170        1.1781111671
LA         2.2995943849       -0.1046759477       -0.5834393576
LA         1.3734753125        1.2878357335       -1.4472517251
LA        -2.0616373502        0.9539235134       -0.6922235613
LA        -1.5161167899        1.1467475783        1.4233241560
LA        -0.5899973901       -0.2457647030        2.2871367547
LA         0.2866131940        1.3773941527        1.9131465705
LA        -1.6036932899       -0.6040739280       -1.6440055230
LA        -0.5245708651       -2.2266413661       -0.6374835228
LA        -0.7270814754        1.0190845569       -2.0179966677
LA         1.2781600028       -1.9959945356       -0.1476623337
LA         1.8416492914        1.4533211938        0.3683441491
LA        -2.1337474739       -0.6830889591        1.1864786355
LA         0.7143680839       -1.4737470064       -1.9351919035
LA         0.1695341142       -0.6545351809       -2.4433709385
LA        -0.7153330715        2.3559211339       -0.6042794232
LA         1.6190042275       -1.1539861365        1.5730100739
LA         0.3452090091        2.4916099187       -0.3161177506
LA         2.1347121261       -0.1990851929        1.3529925704
LA         1.3495957852       -0.2374200146        2.1329421732
LA        -0.4399075816        2.4532755345        0.4638316452
LA        -2.4091735937       -0.7804431953        0.1183679918
LA        -1.8643394790       -1.5996552630        0.6265471281
LA         1.2300765426       -0.5188462664       -2.1552098091
LA        -0.5865579760        0.7344871779        1.8128991154
LA        -1.4159949218        0.4413073952       -1.4036848062
LA         0.2247565074       -2.0257248640        0.1266813265
LA         1.7777965264        0.8499303557       -0.5358956772
LA         0.4662747162       -1.7439617152       -0.8948740472
LA        -0.6249591597       -0.1031835214       -1.9126926872
LA         1.0609917058        1.6593456137       -0.4248334530
LA         1.9471438458        0.3269281402        0.4017008295
LA        -1.0631405707        1.3875780379       -1.0019846789
LA        -1.3502777616        0.0294558016        1.4951576448
LA         0.3746548267        0.2501486978        1.9638414583
LA         0.9142456607       -1.5856179610        0.8423683948
LA        -0.5114975454        1.5825665717        1.1373069779
LA        -1.9019212959       -0.1655326465       -0.6441335474
LA        -0.8106873922       -1.8063109102        0.3736850817
LA         1.4991734354        0.1685841154       -1.3355421108
LA         0.3212784317        1.1466130726       -1.7223392326
LA         1.7782582826       -1.0441003578       -0.3633809577
LA        -0.3212778384       -1.1466134893        1.7223388898
LA        -1.7782580763        1.0441006363        0.3633803327
LA         1.0578144824        1.4069560300        1.1339738390
LA        -1.0578153831       -1.4069559405       -1.1339728414
LA        -0.0760638745       -0.9186107259       -1.3992993482
LA        -0.0020515944        1.5188513961       -0.7076416347
LA         1.4242297799       -0.6257038616        0.6226834482
LA         0.6449545567       -0.6637533063        1.3968304408
LA        -0.7813269878        1.4808022518        0.0665052199
LA         1.1568258734        0.2840433640        1.1784497512
LA         0.2713249948        1.6154816280        0.3525229265
LA         0.9765884296       -0.7839313530       -1.1132821804
LA         0.4358078725        0.0291857569       -1.6176805119
LA        -1.6194908787       -0.0711666850        0.4240930300
LA        -1.0787101825       -0.8842840347        0.9284914599
LA        -1.3520873576       -0.9809141277       -0.1316727906
LA         1.2372154826       -0.1006559708       -0.3098574741
LA         0.7048462291        0.6998139071       -0.8064103905
LA         0.9739709068        0.7949411784        0.2372643546
LA        -0.0431239856       -1.0883425579        0.6711898821
LA        -1.1176619418        0.5273316853       -0.3310560812
LA        -0.8435834926        0.6242097384        0.7318292816
LA        -0.3112141133       -0.1762603549        1.2283822948
LA        -0.8544176255       -0.3682656124       -0.8781775594
LA        -0.3122490758       -1.1834697168       -0.3724846377
LA         0.1926956432        0.7567942489        1.0133981093
LA        -0.3505074976        0.5647888849       -1.0931619119
LA         0.7240302703       -1.0508850470       -0.0909161069
LA         0.4614184291       -0.1438050079        0.4574068323
LA        -0.0732393289        0.6601058769       -0.0412806154
LA         0.1911366681       -0.2393411628       -0.5907541281
LA        -0.5793153328       -0.2769594977        0.1746277806
