          98
Energy of minimum      1=    -543.6653608     first found at step       73 after                14525 function calls
LA        -1.1998276071        1.3724354626       -1.8556804426
LA        -0.3152821705       -2.4332696578        0.8640090448
LA         1.0197480039        1.4245686968        1.9228712020
LA        -0.8289751381        1.3031638688        2.0931507798
LA         0.8309838871       -1.1493930963        2.1806138663
LA        -1.4085001278       -2.1017690335       -0.6044912197
LA        -1.1697121778        2.0884856654       -1.0181927469
LA         0.7800121918       -2.3613421224        0.7631253333
LA         0.6540106098        1.4941762124       -2.0264310359
LA        -0.2643104052       -1.2213204308        2.2814976338
LA         1.6963973438       -0.0459291328       -1.9715077440
LA        -2.4029393631        0.6512023419        0.7540120010
LA         0.8878299949       -1.7120357889       -1.7456826228
LA        -2.0061642467       -0.2890748280       -1.6304773490
LA         2.3949158626        0.9662753855        0.3120979279
LA        -0.9608936055       -1.8334408772       -1.5754026786
LA         0.6841257282        2.2102263761       -1.1889432127
LA        -2.4537707518       -0.5574028308       -0.6595656210
LA         1.6373203077        0.5121178946        1.9554112689
LA         2.3440849748       -0.2423297526       -1.1014799305
LA        -1.9252175656        1.6355808399        0.6205878527
LA         1.5355176775       -1.9084365692       -0.8756548674
LA        -1.3066967633        0.3187855365        2.2265747845
LA         1.7773435984        1.8787262652        0.2795574344
LA        -0.2596258551        0.8831451826       -2.1890960280
LA         1.3193369294       -1.5239616327        1.2555409349
LA        -0.1997043482        2.3078943290       -0.5227183395
LA        -0.8600067954       -1.6670781189        1.4562727246
LA        -1.9660114090       -1.3317004164       -0.0294036649
LA        -0.9640462107        1.8496919346        1.1352296631
LA        -1.0753937131       -0.7977987459       -1.9612589740
LA         0.9063001795        1.9725167093        0.9629584304
LA         2.1351044853        0.1569823132        1.0277045776
LA         2.0836791979       -1.0657589757       -0.4024067740
LA        -1.9145853707       -0.1089588036        1.4007079069
LA         0.7949529918       -0.6749736798       -2.1335303196
LA        -1.9747608407        1.5115670808       -0.4926503309
LA         0.0327062796       -2.2184602570       -1.2266151639
LA        -0.3175868226       -0.1253651874        2.5120990474
LA         0.6833663536       -2.4157622201       -0.3525946942
LA         0.7827338413       -0.0531076114        2.4107522910
LA         1.6392350253        1.7488965676       -0.8255231595
LA        -2.4546751547        0.5226714029       -0.3586139208
LA        -2.0050146644        0.7922307303       -1.3339814256
LA         2.2596415055        0.8322583730       -0.7928335410
LA         1.6089816695        1.0295602456       -1.6668541961
LA         0.1623274445        0.8635307445        2.3780632142
LA        -0.4169544977       -2.4880197209       -0.2512479998
LA         1.7853402835       -0.7842490769        0.6063315733
LA        -0.0829950478        1.9761795556        0.5078888617
LA        -1.5282426795       -1.0018505691        0.9115343860
LA        -0.1741029642       -0.1900799214       -2.0257547593
LA        -0.0709679706       -1.1937321872       -1.6215984972
LA        -1.9806496781       -0.2427479920        0.2787720762
LA         0.7701891600        1.8554097057       -0.1545222053
LA         1.2322222596       -1.5889032694        0.1289541834
LA         2.0127852258        0.0194989233       -0.0890496050
LA         0.0388325872        1.4169814042        1.4318762865
LA        -0.9223752091       -0.5636522167        1.7003334741
LA        -1.0800362594        0.2971456352       -1.6747656008
LA        -1.0194420163        1.7378855455        0.0103145476
LA         1.2814283861       -0.4189293526        1.4973487477
LA        -0.9715816796       -1.7336260828        0.3319391270
LA         0.7095951652        0.4146699217       -1.8396026291
LA         0.2283017600       -1.5860489221        1.3478580615
LA        -0.2283017184        1.5860484364       -1.3478583197
LA        -1.5116756170       -1.0584290841       -0.9894229428
LA        -1.4307720140        0.8652000490        1.2604419195
LA         1.5116754158        1.0584291803        0.9894230928
LA         1.4307722588       -0.8651997790       -1.2604418361
LA         0.1786996516       -0.4861016278        1.5935626109
LA         0.7400432270        1.1293771654       -0.9922263095
LA        -0.5162898697       -1.4593811259       -0.6413437547
LA        -1.0482724356        1.0119393687       -0.8275107110
LA         0.5758449109       -1.3876611126       -0.7419366321
LA         0.1295295487       -1.6552152955        0.2261741668
LA        -0.4370910768        0.4237172175        1.5611167489
LA        -1.4945877728        0.7443854931        0.1406002316
LA         1.3858625770        0.9335431940       -0.1247083013
LA         0.6550435657        0.4954372277        1.4605240268
LA        -1.5246164088        0.0304007445       -0.6944717761
LA         1.3558340938        0.2195585966       -0.9597803197
LA        -0.4215714523       -0.9105807191        0.7937036443
LA        -0.1409500820        0.5167200779       -1.1618857739
LA        -0.5502179180        0.9691445696        0.6283821824
LA         0.6733660959       -0.8386766645        0.6928526797
LA         0.4652627152       -0.3789472901       -1.1299445120
LA        -1.0277842674       -0.0149132146        0.7617625191
LA        -0.1108445302        1.2325370732       -0.3246706787
LA        -0.6098850454       -0.4495517719       -1.0309162656
LA        -1.0573458234       -0.7177926002       -0.0603208922
LA         0.5249297612        1.0397490218        0.5293539856
LA         1.1127395696       -0.5752840717       -0.2602000903
LA         1.1423009739        0.1275952554        0.5618833377
LA         0.0270449149       -0.6439609289       -0.1655015915
LA         0.4979954134        0.3264645393       -0.2970339781
LA         0.0567333875        0.0619397318        0.6601156630
LA        -0.5817738511        0.2555565734       -0.1975800688
