          98
Energy of minimum      1=    -543.6653608     first found at step      811 after               177530 function calls
LA        -1.5057478692        1.4946214219        1.5051733598
LA         1.4508353971        1.3810525099        1.6596648061
LA        -0.9930627627       -2.3393148413       -0.5551124504
LA         0.8635503309       -2.4106315588       -0.4580980075
LA         1.9533257059        1.6634288222       -0.4292295182
LA         0.9598287026        2.1697904186        1.0665157345
LA        -0.8967851160        2.2411070709        0.9695014138
LA        -1.7650371423        1.8062594476       -0.6235265496
LA         1.3765362445       -2.1537120599        0.4831026237
LA        -1.8241143594       -1.0043385912       -1.5590466435
LA         1.8942484158       -1.1471693282       -1.3647494355
LA        -1.5800464650       -2.0401430584        0.3286110177
LA         1.0874687569        1.2297812272       -2.0178617850
LA        -0.7742807681        1.3012952189       -2.1151445181
LA        -2.3739998100        1.0597737974       -0.0878547554
LA         2.4443322901        0.8746909007        0.1639194163
LA        -2.4110977531       -0.7051670925       -0.6753229187
LA         2.4072339678       -0.8902500630       -0.4235485990
LA        -0.6769886315        0.1633282260        2.5063371298
LA         0.4229806108        0.1210759952        2.5638142506
LA         0.3857798473       -1.6487471578        1.9747206280
LA        -0.7141893376       -1.6064949090        1.9172434684
LA        -0.7962597536        0.2556383359       -2.4631960543
LA         1.0654894936        0.1841243388       -2.3659132977
LA         1.0275389385        2.1405327311       -0.0421364770
LA        -2.0624636719        0.7273762409        0.9255589770
LA        -0.8507900111        2.2126835284       -0.1402854962
LA         2.0045114084        0.5711546721        1.1380722008
LA        -0.9320545200       -1.6534797003       -1.4271552555
LA         0.9462741229       -1.7256305684       -1.3290061153
LA         0.9646346954       -0.7035588586        2.0527973337
LA        -1.2240112435       -0.6194881121        1.9384331293
LA         0.1515546237        1.7018131376       -1.6493501644
LA         1.9669789647       -1.2144294935        0.5437326914
LA        -2.0999953063       -1.0582078738        0.3312193686
LA         0.1078219884       -0.3787656457       -2.3418799218
LA         1.9069446781       -0.0681426041       -1.6691728136
LA        -0.0077654533        1.9694482384        1.5963815363
LA        -1.7224746921        0.0712716207       -1.8588223603
LA         0.4854944751        1.1770908754        2.1922529125
LA        -0.6195227661        1.2195370183        2.1345120333
LA         2.4222843255        0.1899554097       -0.7236525943
LA        -0.6920444049       -2.2306756689        0.9860931994
LA        -2.3121518090        0.3718157674       -0.9710430039
LA        -0.1023671228       -2.5312200204        0.0983141491
LA         0.4129727538       -2.2731218480        1.0438341398
LA        -1.7003947246        1.1217270974       -1.5091733548
LA         1.9290246843        0.9823129019       -1.3195238579
LA         0.0393429294       -1.2114377093       -1.6434710474
LA         0.1058361946        1.9519780335       -0.5905138763
LA        -1.7364524099       -0.3063573382        1.0300499474
LA         1.5912732999       -0.4341827013        1.2039349440
LA         1.0370783779        0.3655173396        1.6883365268
LA        -1.1761317478        0.4505316455        1.5726887930
LA         0.9640055026       -0.6402447637       -1.6493618388
LA        -0.8332632351       -0.5712075990       -1.7432752747
LA        -0.7890397881        1.5327224987       -1.0429726584
LA         1.0082289634        1.4636853613       -0.9490592755
LA         1.9961659803       -0.1233066905        0.2443959043
LA        -2.0143122400        0.0307447512        0.0348347580
LA        -1.2120439299       -1.2579949742        1.0039978466
LA         0.0491410016        1.9525093308        0.4948813311
LA         1.0011659059       -1.3430093062        1.1196456182
LA        -0.0309947705       -1.8599474951       -0.7741119952
LA         1.5070258562        1.3477953192        0.5447151336
LA        -1.4479801212        1.4613036780        0.3903060856
LA        -0.1289184372       -0.6575965663        1.9837692183
LA        -1.5070255684       -1.3477954212       -0.5447151531
LA         1.4479797843       -1.4613038478       -0.3903059825
LA         0.1289184788        0.6575969597       -1.9837690452
LA         1.4745897928       -0.3770467192       -0.7007784616
LA        -0.0690831359        0.4097264048        1.6232753296
LA        -1.4181534410       -0.2659299405       -0.8519341720
LA        -1.3962377636        0.7767105206       -0.5048865531
LA         1.4965055863        0.6655937645       -0.3537308873
LA        -0.8109476411        0.4784023153       -1.3860611724
LA         0.9849998875        0.4094159169       -1.2922168021
LA         0.5381228527        1.1540584907        1.0891483072
LA        -0.5586732896        1.1961888638        1.0318370017
LA        -0.1049690672       -1.2975443521        1.0550024999
LA        -0.6164748637       -1.5537223154        0.1165166036
LA         0.4803211124       -1.5958527152        0.1738279519
LA         0.5420811173       -0.9342555604       -0.6856820273
LA        -0.5376550908       -0.8927804628       -0.7421019407
LA         0.5856279902        1.1374840749        0.0039058642
LA        -0.4941082870        1.1789591522       -0.0525140153
LA         0.0601062638       -0.1600256083       -1.2679211535
LA         1.0548996307       -0.6774200247        0.2552124169
LA        -1.1244473537       -0.5937064262        0.1413340993
LA        -1.1028726190        0.4327166902        0.4829837840
LA         1.0764746060        0.3490031037        0.5968620775
LA         0.0820782429        0.8852908270       -0.9199829200
LA        -0.6208977244       -0.3415131327        1.0652230132
LA         0.4787132343       -0.3837516381        1.1226814298
LA         0.5658429202        0.0998301834       -0.3356537211
LA        -0.5185346132        0.1414835560       -0.3923161401
LA        -0.0344879509       -0.6360743245        0.1924259213
LA        -0.0128203507        0.3947609351        0.5355441346
