50.000000000000000     50.000000000000000     50.000000000000000
49.742724921202438     50.158731449344195     50.537906924722670
49.838627131607907     49.763733841146490     49.283358667900238
49.555747313532443     49.489365801016561     50.797406375433553
50.185075301858021     49.932554769901948     50.853183492793015
50.054400607232125     49.357059143891064     49.043766687059062
50.519398004534914     49.069192475779602     49.001614676394837
50.397163339467404     49.638717447077951     50.125741383415921
49.235543147935431     49.914746218339509     51.020379606516421
50.663912337691769     48.999995533052527     48.422777379156415
50.439533855917688     49.441546971264486     50.641755936424786
49.803676464190040     50.708342199425836     50.308630579004806
49.576717804970549     50.336237269460810     48.795336788358775
49.244863387445250     49.876171647316404     49.150067208662854
49.026869531013034     50.354969958670203     49.141709251341339
50.723900172212147     49.499347573775992     47.937807185805930
50.688440014592985     50.154353481742817     51.025525986898401
50.905481230087346     49.389162161962098     49.796578418172217
50.109406248441474     48.606115126834275     48.309948259227234
50.181554337412472     50.142567535986430     51.543861035441807
50.368668378253091     49.858630234987842     48.669202923984116
50.585887849212938     50.301196052538572     50.077989007821706
50.526363315639244     49.679075593995805     47.274563703397249
49.042350694793150     50.555099673846136     51.232113126355486
50.537373356663203     50.612413797374650     51.412993936622826
50.184934567143692     49.753126778733680     48.122350244542069
50.146139191095500     49.351346850852664     47.103566298631264
48.947117359237893     49.471818888902192     49.243866375742456
48.995764013151508     51.051267785898929     50.834115530155515
50.322820386244217     50.163109083751557     49.415102031291475
49.040342319673414     51.571883241271848     51.028682375168444
49.642934212915357     50.126004056302961     51.414944898133321
48.232694525869178     49.474891315797066     49.388480581101881
50.085945524500310     50.793321566868642     48.580543217710066
48.097018946882557     50.088620661315751     49.329736935143416
50.405687537430730     51.262317335871025     51.054248831060562
50.903729335396747     49.408731659159990     46.863818877414786
47.803179170007972     50.404938877513480     48.906038218875494
