          38
Energy of minimum      1=    -173.9284266     first found at step        6 after                 1068 function calls
LA        -0.6143751254       -1.6203835068        0.2402958369
LA        -1.2085696868       -0.9223438964        0.8657267852
LA         0.5836016888       -1.4688368224       -0.7501791785
LA        -0.9966500009        0.9757418775       -1.0561520455
LA         1.7018365495        0.0495084842       -0.4026690942
LA        -1.1932197105        0.6185128535        1.1200489923
LA        -0.4855549954        1.6470175758       -0.3352768879
LA        -0.5836006633        1.4688371867        0.7501793327
LA        -1.0119991339       -0.5651150609       -1.3104743036
LA         0.6999522052        0.2543230875       -1.5831069745
LA         1.6033125404       -0.1295404517        0.6880759978
LA         0.5163292292        1.4422028223        0.8451604456
LA         0.6143749083        1.6203833779       -0.2402958559
LA         1.1932199835       -0.6185120831       -1.1200491145
LA         0.4053362236       -0.2810867965        1.6785507890
LA         1.0119993679        0.5651143989        1.3104744112
LA        -0.6999530516       -0.2543228472        1.5831065044
LA        -0.5163282262       -1.4422031598       -0.8451603284
LA         1.2085691566        0.9223437595       -0.8657271650
LA         0.9966495458       -0.9757417443        1.0561524230
LA        -0.4053370950        0.2810867601       -1.6785506632
LA        -1.7018364008       -0.0495082381        0.4026691785
LA         0.4855547833       -1.6470174577        0.3352770774
LA        -1.6033123293        0.1295401999       -0.6880759183
LA         1.0896137177       -0.7951345520       -0.0321018808
LA         0.0901529423       -0.5908153804       -1.2096847172
LA        -1.1049259009       -0.7419954342       -0.2216051630
LA         1.1049260691        0.7419952040        0.2216049995
LA        -0.1054655189       -0.9463145390        0.9559775936
LA         0.1054649891        0.9463145813       -0.9559775903
LA        -1.0896134521        0.7951346672        0.0321020709
LA        -0.0901527649        0.5908153282        1.2096845870
LA         0.5951846015        0.0752920947       -0.4920928616
LA        -0.5951846013       -0.0752921114        0.4920927763
LA        -0.4977609622        0.1017569701       -0.5864709687
LA        -0.0076259473       -0.7655361441       -0.1263536506
LA         0.4977609642       -0.1017570878        0.5864709474
LA         0.0076261006        0.7655360849        0.1263536129
