          98
Energy of minimum      1=    -543.6653608     first found at step     1262 after               256957 function calls
LA        -1.5101815758       -2.0671682052       -0.4613934875
LA         0.2440772592       -2.5868573183       -0.1237426375
LA        -1.2039899242        1.9929158600        1.1599181998
LA         1.5895991432        1.1653311412        1.6976140581
LA         1.5656989586        0.6674749503       -1.9671755133
LA        -0.1934137337        1.1886019864       -2.3057606071
LA         2.3529410890        1.0597173748       -0.3276918470
LA        -1.1604313927        2.1005337994       -1.0039279704
LA         0.1836332234        0.3197964163        2.5750195884
LA        -0.8556952090        0.6276914971        2.3749749225
LA         1.6539326064       -1.7389816679       -1.0035761945
LA        -1.8594385367       -0.6981656297       -1.6798120641
LA        -2.4323577740       -0.1578825438       -0.9085283902
LA         2.1203420621       -1.5065937365       -0.0322478057
LA        -1.9934097386        1.5995868702       -0.4841012199
LA         2.5592911647        0.2508753676        0.3921795684
LA        -0.4534729097        0.1473720519       -2.5572172054
LA         1.3056395661       -0.3737549210       -2.2186321518
LA         0.7104866482       -2.3544686703        0.8475856929
LA        -2.0831003586       -1.5268845538        0.3098902288
LA        -0.2565297290       -1.4425343757        2.1494186401
LA        -1.2958580112       -1.1346393379        1.9493740031
LA         1.3832487114        1.9741727622        0.9777423954
LA        -0.3710114225        2.4938622527        0.6400912995
LA        -1.8816850694        1.3246209958        0.5866280895
LA         1.9610803741        0.1862237974        1.3262640986
LA         0.5889663806       -2.0541921447       -1.0358117342
LA        -1.1858109635       -1.5284245408       -1.3774118826
LA         0.7540482779        1.3987728576       -1.7647485131
LA         1.5504984133        1.7956033246       -0.1060889339
LA        -0.2242799239        2.3213712158       -0.4476892701
LA         0.5386699261       -0.6692007249        2.2139323593
LA        -1.5293168560       -0.0565715126        1.8158967496
LA        -2.3257670450       -0.4534042621        0.1572369208
LA         1.5169970375       -1.5918010631        0.8968726693
LA         0.2365995000       -0.6729973312       -2.2650798791
LA         0.3493513148        2.0867241688        1.3966948210
LA        -1.3455327874       -1.8521274359        1.0892131154
LA        -0.3014348902       -2.1614354452        1.2901757834
LA        -1.4508500910        0.2739343923       -2.0608770822
LA         1.9784818931       -0.7419855249       -1.4008166420
LA         2.4470317295       -0.5085312242       -0.4250306784
LA        -2.0263985608        0.8166968187       -1.2860538654
LA        -1.1895976138        1.3199428765       -1.8082664547
LA         2.2397349356        0.3040227945       -1.1482059083
LA        -0.4874496865        1.5834791684        1.9189076177
LA         0.5566486424        1.2741710340        2.1198703694
LA        -0.7699848152       -2.3948908077        0.3143898122
LA         0.6706217927        1.7781279420       -0.7474303217
LA        -1.8493793414        0.2626194779        0.8251979828
LA         1.2948907822       -0.6688524946        1.4303911536
LA        -0.1161332384       -1.3718949822       -1.5081588762
LA        -1.5921842198       -0.7856841881        0.9525039827
LA         0.4990125467       -1.4051892258        1.3550069322
LA        -0.7765944741       -0.5511822848       -1.7755883271
LA         0.9215918027       -1.0542602221       -1.4487300398
LA         0.5087406619        1.9235462129        0.3174380075
LA         1.8600382211       -0.5866802045        0.5056461351
LA        -1.9293453364        0.5359029195       -0.2237152011
LA        -0.2533384118        1.5438406517       -1.2696414448
LA         1.4448485121        1.0407625245       -0.9427830344
LA        -1.1672661376        0.9156094453        1.3633644314
LA         0.9239307264        0.2961043819        1.7658673994
LA        -0.4394339173       -1.8727703156       -0.5993691746
LA         1.0467310679       -1.8121752220       -0.0690571580
LA        -1.7453664928       -0.9850323448       -0.6064659430
LA        -1.0467318524        1.8121744936        0.0690570087
LA         1.7453667672        0.9850313098        0.6064659948
LA         0.4923836282        0.3607336595       -2.0029535708
LA        -0.4923831094       -0.3607317933        2.0029537817
LA        -0.5446851097       -1.0935331806        1.1468100441
LA         1.3866061489       -0.8143506689       -0.4709851029
LA        -1.3466621878       -0.0046356141       -0.9970707372
LA         1.6459155337        0.2238755809       -0.2202540717
LA        -1.0873532598        1.0335907692       -0.7463397928
LA        -0.5160868088        0.4948662382       -1.5153984682
LA         1.1808515744       -0.0078420168       -1.1887803700
LA        -1.0097492091       -1.3252517239        0.1782837931
LA         0.0265809295       -1.6322585793        0.3777513638
LA        -0.3258343818        1.4130176996        0.8395730770
LA         0.7104960442        1.1060107618        1.0390407025
LA        -0.1200793473        0.6065098649        1.5573686075
LA         0.3440925767       -1.1154827251       -0.5235877692
LA        -0.6761184971       -0.8132510504       -0.7199528249
LA         0.1415381975       -0.3215186495       -1.2302186606
LA        -0.9935751730        0.7489343425        0.2979104955
LA         1.0656262779        0.1389077353        0.6942551501
LA         0.8593433157        0.9474859683       -0.0253823606
LA        -0.1608680402        1.2497177248       -0.2217474699
LA         0.2479695702       -0.3528239811        1.2045210845
LA        -0.7910204520       -0.0450291520        1.0045415531
LA         0.4015128636        0.7193722345       -0.9788441973
LA        -1.2488508797       -0.2731435031        0.0510796415
LA         0.8103501510       -0.8831699874        0.4474242159
LA        -0.4219551150        0.2179530902       -0.4661096962
LA         0.6026415757       -0.0855777974       -0.2689005195
LA        -0.2185298830       -0.5794235987        0.2435588264
LA         0.0378433689        0.4470476801        0.4914507032
