          98
Energy of minimum      1=    -543.6653608     first found at step      317 after                70911 function calls
LA         2.5011077829       -0.4505698434        0.5551245022
LA        -0.1108485960        1.8272769061       -1.8481037741
LA         2.1541343490        1.2721729297       -0.7127392813
LA         1.0019119242        0.7982142872        2.2640104114
LA        -2.1363823350       -1.4691118154        0.2104693517
LA        -2.5188598380        0.6475087428       -0.0528543050
LA         0.1798669523       -2.5929535826       -0.1046665643
LA         0.6421297126       -1.7335111237        1.8301158821
LA        -0.7111480657        2.4991879652        0.1226542235
LA        -1.1574612784        0.9274227080        2.1370274740
LA        -0.9081012083       -1.2919736161       -2.0670928264
LA         1.0636505035       -0.4336631888       -2.3339451412
LA         2.3152246927        0.2748430226       -1.1536515572
LA         0.1610525674        0.1439054649       -2.5923096617
LA        -0.0055033098       -1.8695423523       -1.8087280576
LA         2.3400172046        0.5467600018        0.9960369108
LA         0.6306590095        2.2470381341       -1.1488273438
LA        -0.6129069951       -2.4439773577        0.6465566595
LA        -0.5257781678        1.7757764388        1.8267158855
LA         1.4349035455       -1.8824871935        1.0788925547
LA         0.3702289078       -0.0501395843        2.5743218052
LA        -2.4090354679        0.2189168933        0.9567338320
LA        -2.2462063804       -1.0405199557       -0.7991189148
LA        -1.4526558180        2.0794260841       -0.5766221397
LA         0.3716295369        2.3443748793       -0.0727327411
LA         1.1547761885       -2.0749795719        0.0210525346
LA         2.2334508072       -0.6263138251       -0.5088418222
LA        -0.4226324752       -1.7785565882        1.5157868786
LA        -0.8286916538       -0.1938992821       -2.2170171942
LA         0.9672377787       -1.3431070739       -1.7029405125
LA         0.5591674307        1.6125021825        1.6512601617
LA        -0.6977136077       -0.0754957101        2.2686974178
LA        -1.9639267667       -0.7922885549        1.0745987217
LA         1.9129237364        1.3581069619        0.3684559651
LA        -1.1037729109        1.5091612780       -1.4641067701
LA        -2.1824478281        0.0604953760       -0.9342127241
LA        -1.4403458253       -1.7214737389       -1.1786231027
LA         1.5506744500        0.4975058943       -1.9429659134
LA        -1.8615460329        1.1387232456        1.2904168889
LA         1.7512171685        0.0852446737        1.8311722842
LA         1.1166352796       -0.7670024925        2.1429075103
LA         0.6439342995        1.0777251367       -2.2025160337
LA        -1.3300176193       -2.1520326214       -0.1644017625
LA         1.3888448280        1.4994127209       -1.5000303883
LA         1.9130471872       -0.9166621481        1.3882365914
LA        -1.2269640755        1.9909700877        0.9786809311
LA        -1.9718744931        1.5692819299        0.2761955650
LA        -0.5336057175       -2.3016927757       -0.9190726248
LA        -1.3265366382        0.4435070335       -1.4878598521
LA        -0.9942861745       -0.8531088217        1.5664370749
LA         0.9167387063        1.7134073061        0.6276548434
LA         1.4040841242       -1.3038054505       -0.7062320977
LA        -1.6405862482        0.9991396877       -0.6081199720
LA         0.4387099895       -1.7925303441       -0.8086918049
LA         0.0551666432       -0.8069206632        1.8453861678
LA        -0.3452519847        0.7557235529       -1.8355645485
LA        -1.1564025385       -1.4927801539        0.7028190476
LA        -1.4196125854        0.1367843339        1.4232373061
LA         1.3261545926        0.9000226505        1.2210192405
LA         1.4708341176       -0.4063822759       -1.3157181974
LA        -1.3773761561       -0.6304245870       -1.3285382989
LA         1.1467096744        1.6003109169       -0.4285742476
LA         1.6502792261       -1.1066706199        0.3338752037
LA        -0.1486247530        1.8437274613        0.7988701434
LA         2.0608807932        0.3637245573       -0.0697761809
LA         0.3638987605       -1.9153306450        0.7638582736
LA        -0.0688618414        0.7639413215        1.9483442460
LA         0.0688618357       -0.7639413467       -1.9483443056
LA        -0.3638988051        1.9153306861       -0.7638582347
LA        -2.0608807058       -0.3637245648        0.0697763128
LA        -0.8928400790        1.4145582885        0.0976302164
LA         0.8509882902       -0.9502618239        1.0865043539
LA         0.4015419700        1.1713207649       -1.1289118769
LA        -1.2596845100       -1.0597147369       -0.3128419949
LA         1.3015362902        0.5954182647       -0.8712926227
LA         0.5621677545        0.1768677357       -1.5685521196
LA        -0.3596901944       -1.6356171824       -0.0552227680
LA         0.6903625034        0.0441912363        1.5261446285
LA        -0.4691977636       -1.2082613073       -1.0618985848
LA        -0.7833325579        0.9872024080        1.1043060386
LA        -1.5227009922        0.5686517568        0.4070466561
LA         1.4808492972       -0.1043553101        0.7770881276
LA         1.0559564074        0.6990790177        0.1819060963
LA        -1.1913695539        0.0136498356       -0.4661514678
LA        -1.0815810619       -0.4148027576        0.5431078720
LA        -0.5713054253        0.8463991970       -0.7707551003
LA        -0.4131780250       -0.1325861362       -1.2035572521
LA         0.5969302590       -1.1306754873        0.0457412203
LA        -0.1955852736       -0.9817476599        0.7967201236
LA         1.2169943696       -0.2979261905       -0.2588624400
LA         0.2777648374        0.8453151275        0.9193117925
LA         0.1699606029        1.2660239679       -0.0717062016
LA        -0.3537126866       -0.0027622869        1.2295222126
LA         0.4891259521       -0.7099667008       -0.9452768202
LA         0.4322673260       -0.1445219002        0.4848363677
LA         0.3239997057        0.2779953721       -0.5104416304
LA        -0.2987298654       -0.5583335622       -0.2045286375
LA        -0.4575369862        0.4248600859        0.2301339048
