          98
Energy of minimum      1=    -543.6653608     first found at step     1758 after               397160 function calls
LA         1.1966311384       -0.4176852632       -2.2716360154
LA         1.5115242158        1.3116174808       -1.6618277183
LA        -1.2561613685        0.4249366332       -2.2379018224
LA         0.6683940948        2.0062786713       -1.5148638229
LA         0.1669394934       -0.7475666038       -2.4859590851
LA        -1.0695998322        1.4494791977       -1.8766148634
LA        -0.4870894313       -2.3048156894        1.1033061916
LA         0.1435681087        1.1585739090        2.3246098122
LA         1.2509043838       -1.7480162878        1.4650574526
LA         1.5666686745       -0.0139296339        2.0765527233
LA        -2.4581233591        0.1500659859       -0.8377499061
LA         1.2092339376        2.2897476860        0.2480399089
LA         1.4217065809       -1.8683028952       -1.1202274854
LA        -1.5992336513        0.6002342296        1.9618579140
LA        -2.2715618147        1.1746084822       -0.4764629703
LA        -1.9141268994       -1.1290687163        1.3520495474
LA         0.3920150453       -2.1981842111       -1.3345506034
LA         2.0523639248        1.5950864745        0.1010760754
LA        -2.2336686435       -1.2965495763        0.3104814882
LA        -1.7322138711        1.4572958389        1.2815767716
LA         0.0105879088        2.0156355083        1.6443286305
LA        -0.8066311113       -2.4722964658        0.0617380978
LA         1.9610540916       -1.5856157556        0.6378124630
LA         2.2768183477        0.1484708371        1.2493077025
LA         1.7319010888       -0.8367756083       -1.3927731532
LA         2.0504772557        0.9127534972       -0.7758323830
LA         0.3728730865        2.2949442201       -0.4834133808
LA        -1.7566566492       -0.3069344058       -1.5682603430
LA        -0.3169108553       -1.4931515808       -1.8192189594
LA         0.8645481607       -0.8739159342        2.0318268195
LA        -1.3854488719        1.7316322830       -0.8493955601
LA        -0.8937736364       -1.4372277778        1.6658444525
LA        -0.5751973331        0.3123014538        2.2827852629
LA        -0.8397926069        2.0176259536        0.9292068321
LA        -1.5295766843       -1.7704700049       -0.4065987843
LA         2.2775570231       -0.5507821618        0.3858293940
LA         0.0142215675        1.3498141841       -2.1459309837
LA        -0.1731961069        0.3205699311       -2.5088759222
LA         1.9155703472        1.2045788668        1.1431530261
LA        -2.1953732043       -0.0470317494        1.2670214856
LA         0.2655813214       -2.5073612979       -0.2642436083
LA         1.2999982538       -2.1759661130       -0.0489369098
LA        -2.3289637846        0.8139630544        0.5836185473
LA         1.0685711340        1.9024279996        1.2907913047
LA         0.8612208900        0.6519651389       -2.2935693303
LA        -2.5163815033       -0.2152812635        0.2206736058
LA         1.2021616371        1.0414331750        1.9741943211
LA         0.5865894808       -2.3391118913        0.7821043476
LA        -0.1948495873       -0.6443726955        1.9279374892
LA         1.9535594305       -0.1530640727       -0.5747188233
LA        -0.5971535259        1.9484875538       -0.1301104120
LA        -1.1615563218       -1.1510507845       -1.2231082550
LA        -1.1846875707       -0.3458922964        1.5926358404
LA         1.9266209971        0.5198700308        0.2783527728
LA         0.4977533170        0.1931096648        1.9428240444
LA         0.1929253101       -1.4809180260        1.3525075207
LA        -0.4500136420       -1.8179002532       -0.7431957599
LA         1.6217930586       -1.1541574796       -0.3119636794
LA        -1.4522525411        1.3785718384        0.2238655479
LA         0.2301883328        1.9175737829        0.5740536800
LA        -1.8276265740       -0.6828746668       -0.5030673953
LA        -0.2919198748        1.6439224985       -1.1277926494
LA        -0.6672938716       -0.4175240787       -1.8547256350
LA         1.4045129932        0.2462187689       -1.4234936386
LA         1.2044826390        1.5943283806       -0.6258854694
LA         0.7032954137       -1.1580483189       -1.5964628661
LA        -1.5617269662        0.7081204277       -1.2016523443
LA        -1.2044825181       -1.5943282648        0.6258853158
LA        -0.7032951849        1.1580483568        1.5964626721
LA         1.5617266446       -0.7081204718        1.2016523666
LA        -1.3153597967        0.5124349777        0.9027231621
LA         0.5833180915       -1.4814111624       -0.5223321204
LA         1.0739453026        1.2129726729        0.4277951093
LA        -1.5013831892       -0.5091520364        0.5424784236
LA         1.2065419301        0.3583833299        1.1061139565
LA        -0.1247831095       -1.6433432190        0.3025266298
LA         0.9019380686       -1.3144135298        0.5162314694
LA         0.3658441455        1.0510406549        1.2526538764
LA        -1.6339799235        0.3454372821       -0.1358403619
LA        -0.4745003072        0.6105928567       -1.4865049459
LA         0.5522210740        0.9395226320       -1.2728001597
LA         0.3661977043       -0.0820644892       -1.6330449474
LA         0.9025112916       -0.4737202846       -0.7732449149
LA         1.0856412505        0.5319769676       -0.4186034075
LA        -0.9544666954       -0.1216104891       -0.8432374766
LA        -0.7679659020        0.9025983978       -0.4820681719
LA         0.2427857650        1.2264119519       -0.2716873758
LA        -0.1268449869       -0.8034941879       -0.9874981839
LA        -0.8239323383       -0.9629075254       -0.1754692123
LA        -0.4543015687        1.0669985535        0.5403415732
LA         1.2161754511       -0.3093201181        0.2491648880
LA         0.5062569952       -0.4716677648        1.0761406353
LA        -0.5044946070       -0.7954812879        0.8657597875
LA        -0.3213646149        0.2102159783        1.2204012953
LA        -0.6365898433        0.0498777160        0.1872787007
LA         0.3785065328        0.3750831747        0.3985638482
LA         0.1945893674       -0.6349370994        0.0423979054
LA         0.0634939799        0.2099763492       -0.6282408719
