          98
Energy of minimum      1=    -543.6653608     first found at step    28536 after              3867810 function calls
LA        -1.1415771354        0.9614304684       -2.1305326992
LA         0.8018003513        1.9924726362        1.4676120547
LA         0.7088837880       -2.1563596650       -1.2705562008
LA         1.1788263025       -0.4429868802        2.2761474447
LA         0.8169340978       -2.4601756460       -0.2164964948
LA        -0.4754103828        2.5502852752       -0.1916917886
LA        -1.7768500033       -1.3424606742        1.3443661002
LA        -0.2925304821        2.0360622368        1.5923544424
LA        -2.3242544854       -0.4201535453        1.0899672125
LA         1.7257523235        0.4357308513        1.8970064791
LA        -2.5066299837        0.0926510487       -0.6891567642
LA        -1.1433235095       -2.0825821200       -1.0594235054
LA         2.4693807191       -0.6110943618        0.5435422734
LA        -1.5809309774        1.5799219261       -1.3308719377
LA         1.6320283804       -0.6731918315       -1.9105003186
LA         0.6189204196        2.5066954300       -0.3164345232
LA        -1.0352732263       -2.3863979982       -0.0053638567
LA         0.7055199672        0.8878564674       -2.3410827818
LA         1.9224545724       -1.4898119465        0.9226833568
LA         1.3604967276        1.4627578038       -1.6661643937
LA        -0.6682708286       -0.3694130926        2.4866972340
LA        -2.0672759445       -0.5258401903       -1.4888176091
LA         2.2870048670       -0.0982902322       -1.2355820268
LA        -1.2156754462        0.5528939900        2.2322986307
LA        -0.0378602027       -2.3253495646        0.4804246294
LA        -0.9433573797        2.0664591349        0.6923263648
LA         1.2340694544        1.9797272358        0.4441222080
LA        -0.2528514981       -1.7208367766       -1.6168732345
LA         2.1688282675        0.4047775572        0.8785389942
LA        -1.1876108549       -0.1458868725       -2.0512898184
LA        -2.0618083912        1.0847461052       -0.4601778709
LA         1.0805909418       -1.3436364324        1.6329287047
LA         0.6810905808       -0.2203213515       -2.2643024905
LA        -0.7881105528       -1.2692020574        1.8459413135
LA         1.9843195434        0.9235795568       -0.9213946435
LA        -1.8772997476        0.5659435660        1.3397556086
LA        -0.2556656312        1.1317185708        2.2541224481
LA        -1.9754330891       -1.3865357137       -0.7761456284
LA         0.4871688837        2.0903896002       -1.3491321175
LA         1.7439300312       -1.8355726278       -0.1288447776
LA        -1.8668870219       -1.6917459165        0.2827512770
LA         2.2933661983       -0.9528225305       -0.5097259148
LA        -0.6121839396        2.1341795541       -1.2238168365
LA         0.8436872078        1.0879289262        2.1288075596
LA        -0.1708138881        1.5128499094       -2.0271475346
LA        -2.4168036402       -0.7652061678        0.0271848520
LA         0.2942511794        0.2051787721        2.5096885884
LA         1.6353837969       -1.5303623796       -1.1877415635
LA         0.0820826793       -1.5919384053        1.2763696214
LA         1.7366932909        1.0664369688        0.1293574646
LA        -0.2448010114       -0.6728069202       -1.9124666401
LA        -1.5739749653        1.1983083480        0.5067394432
LA         0.1868060162       -0.6953936897        1.8817931121
LA         2.0051304053        0.0620744891       -0.1876512881
LA        -1.1007823668       -1.0234428152       -1.3418112541
LA        -1.9847917792        0.2210019275        0.2671588054
LA        -0.9146078878        1.1603487169        1.3699261509
LA         1.1107112824        1.5690565756       -0.6033206494
LA        -0.2071447115        0.4123172214       -1.9613005837
LA         0.9046790110       -1.7059625982        0.5752056124
LA        -0.8833780429       -1.6347402610        0.7790258045
LA        -1.0911538788        1.6567619339       -0.3523306633
LA         0.6872746088       -1.0946650355       -1.5456313052
LA         1.2872573155        1.0726435674        1.1189362676
LA        -0.1444929497       -2.0110839498       -0.5648512697
LA         0.1444932274        2.0110839337        0.5648512425
LA        -1.6150652089        0.4666430762       -1.2482796709
LA         1.6150652421       -0.4666428570        1.2482796959
LA         1.3247939888        0.3495417805       -1.5833933388
LA        -1.3247941449       -0.3495419747        1.5833931670
LA        -1.5367364913       -0.4023459966       -0.5331313319
LA        -0.9909109997       -1.3219925125       -0.2794663290
LA        -0.3596006365        0.2333706929        1.6198443978
LA         0.0093316756        1.6056015819       -0.4791938543
LA         1.3411800289       -0.5169797848       -0.8611841571
LA         1.4489187116       -0.8199193113        0.1898347982
LA         0.1857478976        1.1095534071        1.2417968508
LA         0.7315734389        0.1899067810        1.4954618112
LA        -0.6437557063        1.0323585403       -1.1521653088
LA         0.4474183662        0.9888945531       -1.2765479783
LA         0.7958315020       -1.3931624710       -0.4831366625
LA        -1.4289979360       -0.7052855426        0.5178877553
LA         0.6266681834        1.0872271362        0.2491370723
LA        -1.0041725440        0.2682481389        0.7460063185
LA         0.6172557774       -0.6965465641        0.8778743108
LA         1.1640039063        0.1818848149        0.4988565370
LA        -1.1102354345        0.5664757492       -0.2886652075
LA        -0.4673062862        1.1308026450        0.3738388742
LA        -0.0256733641       -1.2608734031        0.2153702342
LA         0.4031776743       -0.0946018959       -1.2105136303
LA        -0.4569462151       -0.6537586777        1.0003222605
LA        -0.6710243126       -0.0518140351       -1.0880656964
LA        -0.1336885613       -0.9571563897       -0.8383462031
LA         1.0579410228        0.4801124101       -0.5358149986
LA         0.0797711982        0.2192419040        0.6231993110
LA        -0.5659216586       -0.3475107610       -0.0421525923
LA        -0.0267476191        0.5187514737       -0.4159198370
LA         0.5128979025       -0.3904825628       -0.1651269142
          98
Energy of minimum      2=    -543.6429572     first found at step    25289 after              3401882 function calls
LA        -2.4227654414        0.1781961783       -1.2742656755
LA         1.7797933260        2.0388286563       -1.0405728710
LA        -0.3121841331       -1.5408361802        2.4363174427
LA         2.4503822088       -0.6817804884        0.7724139984
LA         0.4366181411        1.6802100274        1.9925801920
LA         1.8541256400        0.0376209816       -2.0222481162
LA         0.2758653758       -2.6630010077        0.6008368513
LA        -1.9232661306       -0.0829584463        1.9314649306
LA        -0.3462512162        2.6155334562       -0.6895530722
LA         1.2030801094       -2.3730607449        0.0372588976
LA         2.0758330513       -0.8796580982       -1.4132675642
LA        -0.8003030374        2.4928155574        0.3296597753
LA        -1.6724203738        1.0005027175        1.7791271540
LA        -0.5184690611        0.7780140086       -2.3805972052
LA        -1.9442379877       -1.6616790776       -0.0109503530
LA         1.0633591299        0.7850187687       -2.3132556143
LA        -0.8054099359       -2.4127045728        0.7926594638
LA        -0.0503134067        2.0886202266       -1.6393964700
LA        -1.9181880727       -1.1075733395        1.4650333615
LA        -1.7587212805       -0.6249859365       -1.7016471652
LA        -1.1008058337       -1.8363366550        1.7075555207
LA         1.0159998278        1.7858120803       -1.8105996299
LA        -0.7974848935       -0.3202109698       -2.2681521639
LA        -1.5222025064       -1.5603061633       -1.0636617702
LA        -0.4255819718       -1.8373661683       -1.2573778923
LA         0.0167895918       -1.0804054716       -1.9926052981
LA         1.6531661863       -1.6386744534       -0.6924345005
LA        -1.2453165927        1.7604317022        1.0631851206
LA        -1.4866529788        0.4813907106       -1.8453519146
LA        -2.2053281879       -0.7483645121       -0.6509043876
LA         1.8181052753        1.0394696752       -1.5325022778
LA        -0.0185353717       -2.1032776232        1.5200146440
LA        -1.1185684472       -0.8131295585        2.1855617723
LA         0.7176402428        2.3288790521       -0.8662386872
LA         1.8282200746       -1.5279275158        0.4041866887
LA         2.2640880276       -0.7820965508       -0.3202311254
LA        -0.1826277816        2.0872709418        1.1623531487
LA        -0.6182268587        1.3419010831        1.8863229289
LA        -2.2250083794        0.2793553252       -0.1682804637
LA        -1.7863703858        1.0299268745       -0.8973022038
LA         1.3353205377        1.9257841845       -0.0270326020
LA        -0.0623893179       -0.4658912128        2.2959769391
LA         0.6133789651       -1.2584772800        1.8867572363
LA         2.0111870783        1.1333666777       -0.4364155747
LA         2.2345705373        0.2269612810        0.1671104192
LA         1.5334954924       -0.9726756451        1.3323048257
LA         0.1866700783        0.6070464074        2.1481712334
LA         0.8876499256        1.8065194356        0.9831352608
LA         1.7830389035        0.1073764969        1.1833706139
LA         1.1123349572        0.8940375126        1.5897352630
LA         0.2030914171       -2.1974672077       -0.3976439244
LA         1.0688823609       -0.7159763237       -1.8365996405
LA        -1.1210303997        1.8496831522       -0.5089055446
LA        -1.9849232629        0.3714414107        0.9268944341
LA         0.2790607824        0.0227597232       -2.1276316725
LA        -0.8731030880       -1.9487559311       -0.2127200088
LA         0.9122462822       -1.8244212417        0.9694487895
LA         2.0544491427        0.1300466124       -0.9289049586
LA        -0.8704508155        0.2668095368        2.0491803893
LA         0.2714045077        2.2206819267        0.1514042536
LA        -0.8338211248        1.3251039464       -1.4521743510
LA        -1.9838912488       -0.6428278714        0.4592561446
LA         0.8670600610       -0.1819496941        1.7501587632
LA         1.5704881498        1.0217132959        0.5810534651
LA         0.6495154759       -1.4744473610       -1.1272314386
LA        -1.5681744379        1.1265379408        0.2162982776
LA        -0.4857425707       -0.1856940493       -0.4834448767
LA        -1.1581090808       -1.3728855862        0.7157070067
LA         0.2459637381        1.0296788931       -1.6178788166
LA        -0.7706697239       -0.8018788105       -1.2892787260
LA        -1.4366284921       -0.0064834039       -0.8710657064
LA        -0.5105555560        0.2809559313       -1.4164275532
LA        -1.2053893618       -0.9080030443       -0.2616049643
LA        -0.3704811586       -1.0730376369        1.4332517363
LA         1.0012639346        1.2742089392       -0.8466043327
LA         1.0399521669        0.2864509802       -1.3383853432
LA        -0.0824287518       -1.6340989874        0.5270243423
LA         1.4422378488       -0.5099698623        0.3427222998
LA         0.1208059940        1.0398574708        1.1432814184
LA        -1.1723688818       -0.3550445905        1.1870518497
LA        -0.0505046237        1.5646213689       -0.6774998488
LA         0.8300161741       -1.3507743194       -0.0238079769
LA         1.2610228606       -0.6132615561       -0.7401463188
LA        -0.4950616130        1.4462152102        0.3244675942
LA        -0.9256401433        0.7094356335        1.0400936838
LA        -0.1496777090       -1.1755904452       -0.4481798635
LA         0.2737414968       -0.4510604188       -1.1519078881
LA        -1.2269937121        0.0908793892        0.2060182034
LA        -0.8043239062        0.8141268561       -0.4964641338
LA        -0.4315372257       -0.6244476370        0.4623634232
LA         0.2466129792        0.5359618718       -0.6647301964
LA         0.5430182149       -0.7976568128        0.8976550495
LA         1.2347073465        0.3859194650       -0.2519401144
LA         0.5677819387        1.1678882065        0.1520686369
LA        -0.1238070526       -0.0155164796        1.3014973654
LA         0.7902807111        0.2680573587        0.7514776083
LA         0.4666097296       -0.3463603364       -0.0758485777
LA        -0.1879824722        0.4210621397        0.3204029573
          98
Energy of minimum      3=    -543.5467256     first found at step      277 after                55556 function calls
LA        -1.6990836190       -1.7799936795        1.1442075121
LA        -1.2591404429       -2.1708482997       -1.0326938519
LA         2.7338888697       -0.6443870317        0.6682042826
LA         0.8909828642        1.9957587492        1.5496521163
LA         1.5418275624        1.4175323827       -1.6708364922
LA        -1.9889248136        1.4638386103        1.2217276738
LA        -1.2783471970        0.8325425364       -2.2943331579
LA         1.9163068976       -1.4731223001       -1.2346127664
LA         1.2057718582       -0.8418681611        2.2812182497
LA        -0.2548985241        0.4930063692       -2.6071921262
LA        -1.1841887385        1.3186100682        1.9910907348
LA         1.5120256413       -0.7816617440       -2.0208261731
LA         0.5828903736        0.0438028282        2.5766790466
LA        -2.1839149494        1.5373962361       -0.7173915363
LA        -2.4888988843       -0.3484853283       -0.4404265014
LA         0.3912568790       -2.4265835078        0.5147554553
LA        -2.0808508582        0.7452618673       -1.5089335039
LA        -2.4404115875        1.0647053405        0.2702366959
LA         1.7015180734       -1.9837236812       -0.2542851698
LA         1.3420575470       -1.6643710555        1.5243795828
LA         2.1004224197       -1.5601257224        0.7046006885
LA        -1.7482135397        1.9420338928        0.2405420477
LA        -1.3931966605        1.6266271280       -1.5161443683
LA        -0.7083095184        2.2838700391        0.0254477134
LA        -0.4903519502        2.0902305882       -1.0530445616
LA         0.6343756207       -0.1446186814       -2.3320047741
LA        -0.3020774733        0.6873479893        2.3017156942
LA        -1.4892383954       -1.9892604323        0.0561951378
LA         2.3271392997       -1.0597587866       -0.2829332475
LA         1.9717505557       -0.7440237493        1.4755820772
LA        -2.1135241048       -1.0764344131        0.3555139229
LA        -1.8915254524       -1.2736624515       -0.7429667141
LA        -0.6617682877       -2.1239590065        0.8370080190
LA        -0.4397618036       -2.3211944312       -0.2615121365
LA         0.6447775636        0.9553066827       -2.1405667480
LA        -0.1459720944        1.6578279703        1.7721944880
LA         1.5274671546        0.3184474121       -1.8475921826
LA         0.7368075992        1.0208880109        2.0647188797
LA        -1.0972634577       -1.1812793855       -1.5523516449
LA        -1.6783421746       -0.6650365318        1.3229126039
LA        -0.2085941859       -1.8224719758       -1.2575298392
LA        -0.7896347341       -1.3062629945        1.6175441115
LA         0.0911936180        2.1434344528        0.7890964473
LA         0.5264328206        1.7567567477       -1.3645418470
LA         2.1260263138        0.2388548155        0.9664868288
LA         2.3443831452        0.0448612415       -0.1139776708
LA         1.5120590131        1.1181972829        1.2604593433
LA         1.9473499586        0.7314743071       -0.8934309523
LA         1.3289710683        1.6156818975       -0.5971351242
LA         1.1121543626        1.8083072830        0.4757102658
LA        -0.9174151361       -0.1777977267       -2.0310362311
LA        -1.6246227225        0.4505018505        1.4683392179
LA         0.1263572584       -0.8128768672        2.0488359948
LA         0.8334897698       -1.4411086910       -1.4501605895
LA        -0.9496601331        1.8116224554        1.0128569622
LA        -0.3733469843        1.2996108568       -1.8388400931
LA         1.9399504058       -0.3696351603       -1.0710149330
LA         1.3638654728        0.1421715693        1.7795410473
LA        -1.7136259499       -0.2703869104       -1.2513376058
LA        -2.0728012047        0.0487124739        0.5259184605
LA         0.2555901408       -1.6312114669        1.2979626882
LA         0.6147141693       -1.9502654410       -0.4790373829
LA         0.3140355685        1.9615060861       -0.2887160638
LA         1.7394084495        0.9328016077        0.1840450738
LA        -0.7545331588       -0.1781931798        1.7815390249
LA        -0.0381045876       -0.8146843669       -1.7634599461
LA        -0.4159304014       -0.5226613155        0.0097841268
LA        -1.8149031176        0.5341569379       -0.4626888324
LA         1.0281746772       -1.5175243203        0.4802551005
LA        -1.1292624082        1.4064010517       -0.4807321405
LA        -1.0461056731       -1.1397566213        0.5679849988
LA        -0.8296135521       -1.3320927520       -0.5032489669
LA         1.6503508938       -0.6015015396        0.4415256957
LA        -1.4346360309       -0.4475523644       -0.2095773085
LA        -0.0294600005       -1.4616272871        0.2564758427
LA        -1.3753311945        0.9360237340        0.4895119136
LA        -1.0229552454        0.6229639524       -1.2541039387
LA         0.8697527200        0.7514998763       -1.0931841815
LA         0.4426052273        1.1309879400        1.0204118168
LA         0.8976279278       -0.7041625579        1.2430557835
LA         1.2498925667       -1.0171221240       -0.5000018510
LA        -0.0167606533        0.2927998298       -1.5628512302
LA        -0.5843530264        0.7970623221        1.2456883404
LA         0.8558027704       -0.3366982644       -1.2732634654
LA         0.2882935726        0.1674897579        1.5348607492
LA        -0.6639394360       -0.3604718871       -0.9950419711
LA        -1.0125740583       -0.0507369517        0.7300572015
LA        -0.1557653797       -0.6689764782        1.0141215171
LA         0.1928338202       -0.9786797362       -0.7107999436
LA        -0.7715705495        0.4268553343       -0.2325708640
LA        -0.1283067814        1.0897185736       -0.7939169026
LA        -0.3438834213        1.2812423658        0.2727925848
LA         0.6032351381       -0.5655954158        0.2234613340
LA         1.2731469955        0.0781742086       -0.3289211626
LA         1.0576263979        0.2696477736        0.7375091814
LA         0.6639535592        0.9517044375       -0.0366931132
LA         0.2184904877        0.1050884512       -0.5365690574
LA         0.0068591846        0.2931066006        0.5106165898
          98
Energy of minimum      4=    -543.4923253     first found at step     4365 after               601673 function calls
LA        -2.0320192041       -1.7893383051        0.1432635143
LA        -2.6599199951        0.3307104699       -0.2999099963
LA         1.2842075480       -0.1837362451       -2.6121976078
LA         0.8064854432        0.7833936403        2.6911707579
LA         1.5553101679        2.1635268310       -0.2544433289
LA         0.6775332491       -2.0968963385       -1.6383759426
LA         0.3173787325       -1.3677803021        2.3598192534
LA         0.8790603672       -1.9585954892        1.5876361262
LA         1.0782319634       -2.3618121510       -0.6234497964
LA        -0.6965929319        2.0564327903        1.6438654809
LA        -0.3364704802        1.3273759426       -2.3539985852
LA        -0.2487689878        2.1153166023       -1.5594304742
LA        -0.4479398693        2.5185295180        0.6516365668
LA        -1.4866222505       -0.8464091432       -1.8561514060
LA        -1.8112722240       -0.1891668726        1.7479303153
LA        -0.0789298093       -1.4814276959       -2.2014919195
LA        -0.5052975695       -0.6182640061        2.5317678543
LA        -0.5919195668        0.2508769870       -2.5634347839
LA        -1.0182561655        1.1139812827        2.1694941340
LA        -0.2614594783        0.4658839423        2.6845797749
LA         0.2217479444       -0.5123508618       -2.6796833700
LA         1.6851363844       -1.4665466246        0.9931068851
LA         1.7844162702       -1.6675353852       -0.1090377730
LA         0.9859633368       -2.1773467911        0.4858785302
LA         2.0928160919       -0.7131104000       -0.6052056600
LA         1.9330029679       -0.3895759829        1.1689351100
LA         2.1824513829        0.0723492932        0.1833995265
LA        -0.3500697268        2.3354222305       -0.4574249618
LA        -2.3623646139       -0.7342851027       -0.0788934443
LA         0.9814649287       -1.1408243804       -2.1275849612
LA         0.5621036211       -0.2918452152        2.5278917118
LA         0.0549655498        1.4207811844        2.1697512917
LA         0.4743010151        0.5718507819       -2.4854546476
LA        -1.7777981633       -1.3303600297       -0.8634792044
LA        -1.9414458683       -0.9990607142        0.9532499290
LA        -2.0946508865       -0.2605142341       -1.0871046384
LA        -2.2582967911        0.0707801118        0.7295977958
LA         0.6534327418        2.1414176400       -0.9068231017
LA         0.5539276031        2.3428620327        0.1978209004
LA        -1.0137362556       -1.9674791443       -0.3116446348
LA        -1.1139235141       -1.7646528903        0.8005818333
LA        -1.9431984443        1.0353534628        0.2151786381
LA        -1.8430262715        0.8325593033       -0.8968705530
LA         1.3725060866        0.1970591926        1.9328619447
LA         1.6917215062       -0.4491790214       -1.6108622827
LA         1.3797724258        0.6032528690       -1.8312225196
LA         1.0604992463        1.2496095131        1.7131489349
LA         1.4698543577        1.3854560011       -1.0458367808
LA         1.3097272583        1.7096272750        0.7317944951
LA         1.8716774936        1.1193366937       -0.0355249966
LA        -0.1848988693       -1.7009211717        1.4343315791
LA         0.0124606526       -2.1004687489       -0.7566399456
LA        -0.9970298720        1.3073101679       -1.4690064023
LA        -1.1943878160        1.7068532248        0.7219401508
LA         1.3925208563       -1.4111905361       -1.1251084191
LA         1.1316536455       -0.8830762262        1.7708693643
LA         0.3096017986        1.8931234072        1.1902116547
LA         0.5704098732        1.3651262192       -1.7051202662
LA        -0.7435181717       -1.4916548210       -1.3120567460
LA        -1.0059767333       -0.9603167817        1.6016080462
LA        -1.2561479784        0.2390446322       -1.6737874500
LA        -1.5185970658        0.7703621867        1.2397652159
LA         1.6316249721        0.6650750497        0.9547037058
LA         1.7923449683        0.3397037533       -0.8295086208
LA        -0.0813972924       -1.9233396197        0.3434096509
LA        -1.1036023395        1.5289886983       -0.3782390948
LA        -0.6236699836       -0.2067578379       -0.0184749690
LA        -0.7473443210        0.1288952048        1.7614129257
LA        -0.4269059734       -0.5198208469       -1.7958985809
LA         1.4190515494       -0.7094175987        0.2571969689
LA        -1.3147550115       -0.9849362253        0.0611824151
LA        -1.6237360442        0.0583472419       -0.1569039682
LA         0.6285562217       -0.1912385304       -1.7194151501
LA         0.3152673648        0.4430029278        1.7585215682
LA        -1.0566483511       -0.5224359744       -0.9154586292
LA        -1.2150384176       -0.2017810752        0.8428968621
LA         0.8074109925        1.3492791827       -0.1733259204
LA         0.3274226211       -1.1412778282       -1.2434586223
LA         0.0711948082       -0.6225550106        1.6010202270
LA        -0.1752521134        0.5563580987       -1.5981928088
LA        -0.4314567745        1.0750361096        1.2460379309
LA         0.6251059178       -1.2036106151        0.8445035394
LA         0.7234917274       -1.4027893901       -0.2477170734
LA        -0.0866129385        1.3321727815       -0.8193106323
LA        -0.1849761882        1.5313055938        0.2726582350
LA        -0.3170332899       -1.1415160183       -0.3786719874
LA        -0.4136160830       -0.9459872649        0.6935349401
LA        -0.8146291724        0.5384097657       -0.7298051352
LA        -0.9112048556        0.7339236045        0.3423199897
LA         1.0348617620       -0.4531816190       -0.7375411341
LA         0.8768421846       -0.1332772102        1.0166927684
LA        -0.0089535955       -0.2004688984       -0.8599220184
LA        -0.1639055589        0.1132259271        0.8602605647
LA         0.7270786143        0.5854459262       -0.9545569764
LA         0.5690789825        0.9053104430        0.7994568893
LA         1.1248271986        0.3240398627        0.0422309395
LA         0.3836103907       -0.4569259214        0.1178806781
LA         0.0811610923        0.5629534957       -0.0953501932
          98
Energy of minimum      5=    -543.1896663     first found at step      338 after                60857 function calls
LA        -0.4113984081        0.4506556644       -2.6069137923
LA        -2.1961369712        0.6379744517       -1.3998743338
LA        -1.2283849699       -2.2379470840       -0.9708181679
LA        -1.5580734519       -1.8550706042        1.2281251764
LA        -1.6345922357        2.3333962428       -0.6756220976
LA         2.7920558014       -0.5514448752        0.5003501792
LA         1.3939662434        1.4516302375       -1.7740167960
LA         0.9003185457        2.0210296800        1.4743713995
LA         1.3656530865       -0.7984697389        2.1966400790
LA        -1.9691287504        1.3763413553        1.3119427046
LA         1.9010924479       -1.4216530588       -1.3507487411
LA         1.4317427121       -0.7490574693       -2.1153403685
LA        -1.1181117744        1.2675184507        2.0344272452
LA         0.7257856009        0.0639195515        2.5231815948
LA        -2.4940011897       -0.4639563814       -0.3089017694
LA         0.5156467481       -2.4228431765        0.4812282818
LA        -2.4587034673        0.9549587153        0.3911525592
LA         1.7618291944       -1.9345841759       -0.3586050447
LA         1.4906529682       -1.6192724866        1.4359614420
LA        -2.2807120931        1.4282361540       -0.6093750706
LA         2.1973685681       -1.4906041952        0.5749393762
LA        -1.5403029057        1.5443434173       -1.4598149453
LA         0.5149516318       -0.1494215326       -2.3790051287
LA        -0.1969951953        0.6717246800        2.2964682976
LA        -1.0278024790       -0.2284791990       -1.9921640036
LA        -1.4022446249       -2.0612076609        0.1300450318
LA        -1.8031910391        1.8564884023        0.3184361655
LA         2.0807382173       -0.6757358751        1.3491783690
LA         2.3489502757       -0.9875222947       -0.4250588634
LA        -1.8786119982       -1.3673088440       -0.6444716984
LA         0.4920008656        0.9516488045       -2.1916214464
LA        -2.0447690576       -1.1726658089        0.4641311189
LA        -0.3612459413       -2.3529671497       -0.2472217922
LA        -0.5277921988       -2.1599565397        0.8624285382
LA         1.4134386600        0.3516815127       -1.9459404843
LA        -0.1083785573        1.6449262732        1.7559014180
LA         0.8129587032        1.0435897432        2.0002989422
LA        -1.1356609858       -1.2440574194       -1.5013441369
LA        -0.6258179335        2.0455013693       -1.0482802529
LA        -0.2069543827       -1.8498352684       -1.2562118433
LA        -0.6431646223       -1.3437431442        1.6473047348
LA        -1.5706358011       -0.7385478191        1.4020006072
LA         0.3831019818        1.7513295421       -1.4141664916
LA        -0.7898354001        2.2371560390        0.0424644606
LA         2.3337010444        0.1184360828       -0.2605350224
LA         2.1677323428        0.3096110390        0.8291462132
LA         1.8682169283        0.7856284657       -1.0183361296
LA         0.0542561199        2.1330532375        0.7590713985
LA         1.5374670794        1.1663905544        1.1538426058
LA         1.2322846826        1.6472554484       -0.6915517129
LA         1.0679018297        1.8366899922        0.3904488158
LA         0.8071243498       -1.4294192686       -1.5083544498
LA        -1.5525514002        0.3794975110        1.5406497960
LA         0.2749950524       -0.8128636018        2.0243163461
LA        -0.5254795511        1.2568415338       -1.8379264828
LA        -1.7708134240       -0.3627487330       -1.1619137361
LA        -0.9584133955        1.7631211569        1.0420095584
LA         1.8935556808       -0.3165387479       -1.1917128953
LA         1.4566758843        0.1881266209        1.6835493650
LA        -2.0383662044       -0.0448717279        0.6284980576
LA         0.6638614725       -1.9424688828       -0.5247829045
LA         0.3931675723       -1.6294728362        1.2693585388
LA         0.2224268441        1.9540845150       -0.3292418626
LA         1.7115782800        0.9843272218        0.0675379133
LA        -0.1061377501       -0.8376351614       -1.7734984076
LA        -0.6430483566       -0.2138193108        1.8053691043
LA        -0.3923344636       -0.5539894566        0.0179305777
LA        -1.8559952892        0.4439074509       -0.3742258224
LA         1.1134889372       -1.4901704463        0.4102942733
LA        -1.1186217671        0.5625107939       -1.2221758307
LA        -0.8027888283       -1.3808284064       -0.4687831577
LA        -0.9647280892       -1.1926088503        0.6135357552
LA        -1.2067577450        1.3401622092       -0.4380292710
LA         1.6966427063       -0.5512977665        0.3343009158
LA        -0.1099680011        0.2669870620       -1.5753153033
LA        -1.4243260267       -0.5209273625       -0.1403934696
LA         0.0437558808       -1.4760541456        0.2448624851
LA         0.7813683188        0.7628621754       -1.1576849318
LA         0.4565700646        1.1367156266        0.9737399181
LA        -1.3781933685        0.8684821012        0.5465553727
LA         0.9946675249       -0.6784159349        1.1767369823
LA         1.2601760024       -0.9869961648       -0.5821738695
LA         0.7996438697       -0.3260569630       -1.3339881735
LA        -0.5418482363        0.7650323242        1.2577808114
LA         0.3690335391        0.1707165588        1.4990250191
LA        -0.7039588702       -0.4047869895       -0.9718446241
LA         0.1917922063       -0.9890366753       -0.7350635170
LA        -0.9647966607       -0.1015260818        0.7696131963
LA        -0.0703492974       -0.6851282080        1.0066237681
LA        -0.2133616137        1.0627190044       -0.8063994068
LA        -0.7982771100        0.3788772878       -0.2100579385
LA         0.6382448748       -0.5567701200        0.1748010530
LA        -0.3761391942        1.2516994535        0.2700945233
LA         1.2517401377        0.1094255651       -0.4156276019
LA         1.0876917885        0.2981497620        0.6599005901
LA         0.1869935594        0.0945689183       -0.5639842912
LA         0.6254442876        0.9607541681       -0.0931529933
LA         0.0254499643        0.2800995157        0.4917003988
