          98
Energy of minimum      1=    -543.6653608     first found at step    14953 after              2024210 function calls
LA         1.1440114231        1.4340377729        1.8443130440
LA         0.9861903149       -1.1401525406        2.1199521538
LA        -0.8482638537        1.5978545082       -1.8692313243
LA         1.5220973207       -0.5861722313       -2.0264100784
LA        -1.5020322815       -2.0653706808       -0.4948325108
LA        -1.5101948697       -1.5339319934       -1.4605069140
LA        -1.1778535461        2.1145087296       -0.9530109781
LA         1.5440368349       -2.0146143606        0.5692056173
LA         1.7140957103       -0.3350151860        1.9277853389
LA         0.9504363964        1.1877749988       -2.1101131245
LA         2.2719425113       -1.2094770187        0.3770385841
LA        -2.0583397315       -1.1933212720        1.0516356844
LA         0.0783536064        1.6769932393        1.9870255233
LA        -2.4098687857        0.7517754885       -0.6277593260
LA        -2.0802787889        0.2351212454       -1.5439796433
LA         1.1301970432        2.3335227585        0.2098628771
LA        -1.1502626619        0.3180196020        2.3113792913
LA        -2.3960921810       -0.1452286186        1.0021812519
LA         2.2581654629       -0.3124736228       -1.2529027035
LA         0.2934817082       -1.9451455351       -1.7020552954
LA         1.6865043238        1.4614734324       -1.3366054447
LA         0.3016441301       -2.4765841201       -0.7363808702
LA         0.0645392110        2.5764783702        0.3525756332
LA        -0.8125100506       -0.7300731311        2.3608335062
LA         0.7268230364       -1.8473995006        1.3032021556
LA        -1.1230939561        0.5323931527       -2.0235387075
LA        -1.7788902619        1.5603973961       -0.2005044320
LA        -0.5301011720       -2.3147728181       -0.0176548615
LA         2.1751611747       -0.2453907613        0.9208412467
LA         0.6966440937        0.1175173005       -2.2672380639
LA         1.5984092296        1.5443535334        0.8363926651
LA        -0.5219659542        2.0277704886        1.1203525904
LA        -1.0929153217       -1.4325237530        1.5469011433
LA        -0.5463421712       -1.2573514348       -1.9390897559
LA         2.1612233983        0.6621042153       -0.7281640606
LA        -1.7649524227        0.6529017970        1.4485002622
LA         2.0648467847       -1.2812294110       -0.7225507508
LA        -2.5219093758       -0.2355108992       -0.1082923821
LA        -0.1201364394        2.4210926090       -0.7423595783
LA        -2.1908070995       -0.7545361343       -1.0287171712
LA         0.2460970060       -0.3853269556        2.4936275418
LA         0.9504116873        2.1770218634       -0.8857272701
LA        -0.0932055164        0.6675756318        2.4439465850
LA         0.9773428857        0.4235053431        2.3005789423
LA         1.3336006583       -2.0900614266       -0.5295017940
LA         1.3254006967       -1.5561840209       -1.4996080136
LA         0.2109658255        1.9020672862       -1.6627846268
LA        -2.1826072066       -1.2884138220       -0.0586110869
LA        -0.2889084467       -1.8035788442        0.9131047735
LA        -0.3136019619       -0.1958226485       -2.0083407264
LA        -1.3107068383        1.3672063303        0.7634916140
LA         1.9132173033        0.6321950745        0.3317442137
LA         0.4993276854       -0.8686515846       -1.7480647853
LA         1.4284826010        1.3945550892       -0.2725210185
LA         0.5157510174       -1.9379408002        0.1949354733
LA        -0.7156907137        1.8833978943        0.0146262703
LA        -1.2418792028       -0.4716800718       -1.5148822336
LA        -0.7023543454        1.0150656938        1.5924677297
LA        -0.0227747937       -1.0937656196        1.6919727134
LA        -1.2254560167       -1.5409694081        0.4281180016
LA        -1.9050355054        0.5678620881        0.3286129604
LA         1.9803447139       -0.3179521657       -0.1917169991
LA         1.4418189577        0.5262233654        1.3053206437
LA        -0.0525342332        0.8438556734       -1.8288688836
LA        -1.4423788515        1.0401838021       -1.1054205394
LA         1.4423788743       -1.0401836174        1.1054205427
LA        -0.5350266931       -1.7754598985       -0.9725646524
LA         0.5350267303        1.7754598192        0.9725649051
LA         1.4204514998        0.3874968490       -1.4888106578
LA        -1.4204516094       -0.3874969783        1.4888101784
LA         1.2427397109       -1.1239508883       -0.0017568791
LA         0.5087950419       -1.3968598561       -0.7730331279
LA         0.3545053145        1.6323669216       -0.1318131228
LA        -0.3579741384       -0.0381414084        1.6364809175
LA        -1.5679097968        0.0448893512       -0.5893336013
LA         1.2346008907       -0.5940453458       -0.9646458100
LA         0.6831444450        1.1172030326       -1.0453905177
LA         0.7046096204       -0.2803961115        1.4941798956
LA        -1.2311320857       -1.0001802615       -0.5400221000
LA         0.3678317922        0.7646733733        1.4448685046
LA        -0.3794392339        1.3594578826       -0.9030894414
LA        -1.5597711008       -0.4850163965        0.3735551460
LA        -0.9521309238        0.3101901169        0.7962872816
LA         0.4315675328       -0.9760481678        0.7056376716
LA        -0.2991210095       -0.7134468606       -1.0190020889
LA        -0.2909613569       -1.2447124763       -0.0536421368
LA         1.1592361460       -0.1711730393        0.5135334521
LA         1.1512240530        0.3504903722       -0.4343786435
LA        -0.6144887508       -0.7375614724        0.8457254226
LA         0.8276966310        0.8576414398        0.4649890432
LA        -0.2376142024        1.1005179605        0.6076551818
LA        -0.9601430808        0.8318537218       -0.1516246484
LA        -0.6306604881        0.3153676343       -1.0675465635
LA         0.4153957747        0.0768808660       -1.2076343243
LA         0.1021907916        0.0638111136        0.6544410232
LA        -0.6234438896       -0.2060080857       -0.1081026862
LA         0.4271090152       -0.4455199743       -0.2487925564
LA         0.0941443005        0.5877170013       -0.2975456848
          98
Energy of minimum      2=    -543.5467256     first found at step     5613 after               779141 function calls
LA         2.0279502134       -1.6432078067       -0.7428044655
LA         2.6654466157        0.1326083617        0.4922222139
LA        -0.7125323689        1.7653901635       -2.1706164007
LA        -2.4707177870       -0.6994711091       -0.7646041180
LA        -1.5276119329        1.9276546668        1.0624850588
LA        -0.7330464691       -2.5546453653        0.7264255998
LA         0.2966176493        0.3135947741        2.7212018717
LA         0.7742247441        2.5099446373       -0.6836240861
LA        -0.2553703451       -0.3581084358       -2.6782702331
LA         0.2395631980        1.3475924583        2.2873749450
LA        -1.1070239525       -2.4034746461       -0.3213819886
LA        -0.8431917627       -1.1883340422       -2.2040517804
LA         0.5031675249        2.5620982809        0.4042636546
LA        -0.2937830734       -1.4981766221        2.3058364467
LA         1.4378057147       -1.5267847198        1.4531614280
LA         1.8679260291        0.4533645061       -1.6160679729
LA         0.5356563095       -0.7661026697        2.5076673532
LA         0.0146335228       -2.2174670670        1.4982860431
LA         0.5795108315        0.3832027474       -2.5322535221
LA         1.1003847617        1.8341553904       -1.5231585415
LA         0.3513306981        1.4479089324       -2.2632622415
LA        -1.0411721155       -1.8523719477        1.5395733259
LA        -0.5267333210       -0.4193481981        2.5361990286
LA        -1.4122579919       -0.1230229731        1.9258257388
LA        -1.7280899257       -1.0028069707        1.3139614064
LA         0.3731352277        1.9705774766        1.3561664676
LA        -0.9838293860       -1.8093976815       -1.2726952117
LA         2.3630305366       -0.7604434882       -0.1263252708
LA         0.0308255489        2.1392327320       -1.4287929975
LA        -0.4841477085        0.7047168781       -2.4264564408
LA         1.7509704333       -1.5995446316        0.3572728794
LA         2.0726556392       -0.7034546289        0.9804764893
LA         1.9678116999       -0.6014503995       -1.1898301424
LA         2.2895086213        0.2946718105       -0.5666039543
LA        -1.7900988791       -1.5522709488       -0.5444040429
LA        -0.6442638785        1.6395790589        1.6754340869
LA        -1.6582179603       -0.9451951555       -1.4849518053
LA        -0.5125148007        2.2462874260        0.7346308382
LA         0.9957613979       -1.9614176330       -0.4129211425
LA         1.8377702066        0.3840909988        1.2183096497
LA         1.1285057955       -1.3503534820       -1.3598955097
LA         1.9704587000        0.9949994004        0.2712270857
LA        -1.4721947151        0.9039010917        1.4969654414
LA        -2.1028784560       -0.8529376907        0.2751354048
LA        -1.3050638899        0.9451750116       -1.7072166987
LA        -0.9886547134        1.8265679461       -1.0942336724
LA        -1.8906755037        0.1238484119       -1.2391341708
LA        -1.2599183187        1.8808924102       -0.0171614226
LA        -1.8485001555        1.0538209848        0.4535092773
LA        -2.1626782379        0.1786432329       -0.1551512938
LA         0.9813997059        0.6205984624        1.9105188641
LA        -0.0433773167       -2.2340311497       -0.0747908145
LA         0.2181624166       -1.0300778408       -1.9405694983
LA         1.2428282175        1.8242424449        0.0445253183
LA        -1.4263092890       -1.7106519217        0.4990202795
LA        -0.5912018550        0.6156309204        2.1168817272
LA        -1.0805170228       -0.1196668751       -1.9660296926
LA        -0.2457443607        2.2056850503       -0.3488155986
LA         0.7032942399       -1.8995326000        0.6874739444
LA         1.2237560154       -0.4497289984        1.6957691239
LA         1.0509905992       -0.2986481486       -1.7936315639
LA         1.5713773480        1.1509464717       -0.7854813864
LA        -1.7995655155        0.0277671269        0.8889735230
LA        -1.5864784052        1.0077550931       -0.6301187188
LA         1.1201202056        1.2407202769        0.9904028640
LA         0.0819826305       -1.6511266330       -1.0207905348
LA         0.6321916467       -0.2152151785       -0.0168718466
LA         0.3832476168       -1.1811075791        1.5004612978
LA         0.8081137429        0.7735796620       -1.5294430569
LA        -0.6678867973       -0.8272527942        1.5342362739
LA         1.6307896890       -0.0434104039        0.2337289180
LA         1.3170834772       -0.9172738099       -0.3740168377
LA        -0.2508008388        1.0839747917       -1.4291624281
LA         1.0369376151       -0.8588498489        0.6996735381
LA         1.2469611405        0.1072471886       -0.7978645673
LA        -0.3620515173       -1.5282394565        0.7353239264
LA         0.1485592604       -0.1058780399        1.7245341971
LA        -1.4053017055       -0.5325926144       -0.5076868496
LA        -0.7863444118        1.1915814468        0.6914256627
LA         0.4880658449        1.4565652257       -0.6978392265
LA        -0.0223807651        0.0346590634       -1.6867329437
LA        -0.7329695579       -1.3803841530       -0.2929362993
LA         0.0894989589        0.9106929076        1.3004402450
LA        -0.6026530713       -0.7802916498       -1.2226684455
LA         0.2196938415        1.5104464292        0.3704724418
LA         0.8113034804        0.1969966229        0.9294313768
LA         0.3061156182       -1.2102599295       -0.0492735585
LA         0.9392546080        0.7859829892        0.0163279428
LA         0.4341189816       -0.6211284425       -0.9622762332
LA        -0.0056487459       -0.5193013340        0.7496064986
LA        -0.7357073087        0.1854839228        1.1218661985
LA        -1.0480885783       -0.6846884174        0.5166867961
LA         0.2000828430        0.4259407704       -0.7157286430
LA        -0.8384411436        0.2789968540       -0.9769243310
LA        -0.5261417551        1.1489413820       -0.3719033929
LA        -1.1082231821        0.3334578046        0.0925712024
LA        -0.0664584364        0.4804795687        0.3337822225
LA        -0.3731221344       -0.3737661336       -0.2603205231
          98
Energy of minimum      3=    -542.8914728     first found at step     8551 after              1167134 function calls
LA        -1.7051183882        1.4138248563        1.9396223247
LA        -2.4915635176       -1.0991202090        0.0025835631
LA        -0.0287815406        2.6265310920        1.1223911231
LA         2.5576175623        0.6160673946        0.4913656425
LA         0.5969298397        1.6462481183       -2.0035506088
LA         1.7077800315       -2.1902347626        0.2046090234
LA        -0.4343156991       -1.0647964292       -2.5180875989
LA         2.0032995312       -1.4743978073        1.0186819813
LA        -0.7972333628       -0.0024163146       -2.5441080977
LA         0.4217114295        0.9331793229        2.5005469625
LA         1.2909874350        0.2527528832        2.2877373497
LA        -1.7154645383        2.0539063750       -0.2187798553
LA        -1.5057000689        1.7215155316       -1.2714483993
LA         0.8525391222       -2.1644523757       -1.5488972283
LA        -0.7035498484       -2.4446750235       -0.4475506420
LA         0.8771657396       -2.5184157091       -0.4822111342
LA        -0.2070989574       -1.9492767403       -1.8590848797
LA        -1.8464835674       -1.4602742303        0.8524917882
LA        -0.9448507706       -2.1473972875        0.6247466280
LA        -1.8644490286        0.3647960536        1.6253025069
LA         1.6900591120       -1.8527360966       -0.8608644274
LA         0.6195732526       -1.2906529991       -2.2214460535
LA        -1.5333206850       -0.7159734755        1.6795813923
LA        -0.0921666843       -1.8341997692        1.3272521033
LA        -0.4533288692       -0.9572813649        1.9699423843
LA        -0.6447881058        1.1815274551        2.2334399837
LA        -1.7209884290        1.7449520460        0.8647541842
LA         1.9729135497       -0.8061385050       -1.1204604291
LA         1.3161325141       -0.4613074989       -1.9559305328
LA         1.6612049908       -0.6144850579        1.6659835881
LA        -1.1598626674        0.8672665465       -1.9230324550
LA        -0.8666267150        2.0211665578        1.5306203502
LA        -1.6151430075       -1.7886344451       -0.2230735339
LA        -2.1992959720       -0.3684605112        0.8227979041
LA         2.2815286678       -0.4286247784        0.7565753355
LA        -0.1009462017        0.8233901921       -2.2746989873
LA         0.1963906598        1.7808639511        1.8126351384
LA        -0.8730113664        2.3416854210        0.4523428130
LA         1.9261888201        0.4336859628        1.3903857106
LA        -0.4548017019        1.6844375969       -1.6395528862
LA        -1.8473274030       -0.9081990412       -0.9027331992
LA        -2.2028485865       -0.0405587549       -0.2616825200
LA         2.2690694216       -0.0956733877       -0.3148020384
LA         0.9577499989        0.5932351717       -1.9831877774
LA         0.1799144613        2.3068487321        0.0781821206
LA         0.8381710937        1.9612441657        0.9156489632
LA         1.6998143193        1.2916176082        0.7057697809
LA         0.3881761857        1.9805689736       -0.9631620802
LA         1.9085900234        0.9630695724       -0.3428855074
LA         1.2554610552        1.3062144813       -1.1739508296
LA         0.9601058863       -1.8267358550        0.9316842278
LA         0.2532221995       -0.1124766152        2.1903085443
LA        -1.1720878939       -0.7049858878       -1.7789167630
LA        -1.8733308742        1.0030460327       -0.5176219184
LA         1.9987112452       -1.1446065639       -0.0519427707
LA         0.2620353540       -0.2320365694       -2.2611265919
LA         0.1308144236       -2.1536191890        0.2531069990
LA         1.0694872880        1.1152482580        1.6094282240
LA        -0.6652097064        2.0261836938       -0.5979600537
LA        -0.9527602342       -1.5825583840       -1.1232210550
LA         1.6232261118        0.2535794411       -1.1547926184
LA         1.0520044882        1.6450928739       -0.1313179016
LA        -0.8096592700        0.1305169871        1.9287309483
LA        -1.8854164150        0.6941464288        0.5569048890
LA         0.6200225071       -0.9779887838        1.5799722955
LA        -1.5375388185        0.1555213336       -1.1652102049
LA        -0.4853871736       -0.4366508828        0.2212894328
LA         0.1168209683       -1.7980841823       -0.8193794198
LA        -0.8228328862       -1.1144721799        0.9542090379
LA         0.9301500743       -1.1407422005       -1.1861597297
LA        -1.4701689552       -0.7615158407        0.1133670836
LA        -1.0168989699        0.9749354359        1.2167214797
LA        -0.6011904189       -1.4223063110       -0.1003150432
LA        -1.1658420665       -0.0497921669        0.9105797507
LA         0.9493368541       -1.4821242232       -0.1342643454
LA        -0.1838427607        1.5733257828        0.8100101270
LA        -0.1126055351       -0.9238359732       -1.4847721491
LA         1.5130208702        0.2560477293        0.3970254612
LA         0.2263074314        0.9320208991       -1.2401642797
LA         0.0368826783        0.7392195021        1.4978189159
LA         1.2426559220       -0.7792702414        0.6636833192
LA        -1.0226588981        1.2954088006        0.1490532173
LA        -0.4674154362        0.1199316774       -1.5122644211
LA         0.8911456624        0.0737380692        1.2900549415
LA        -0.8167733370        0.9710618698       -0.8841346707
LA         0.2201580979       -1.1219084142        0.5759611642
LA        -0.1255935956       -0.2830971322        1.1916325807
LA        -0.8294231171       -0.5681791625       -0.7608897523
LA        -1.1725017526        0.2679078061       -0.1435974131
LA         0.2108929553       -0.7861791631       -0.4736518025
LA         1.2338919279       -0.4438280439       -0.3978551575
LA         0.5843967492       -0.1026153911       -1.2240638778
LA        -0.3372341083        0.5549123012        0.5108938164
LA         0.6727171026        0.9245538571        0.6084820775
LA         0.0230200540        1.2657126583       -0.2181840819
LA         0.8790435146        0.6011398749       -0.4260316537
LA         0.5020152743       -0.0952836739        0.3085242493
LA        -0.1356165515        0.2394282317       -0.5024140518
          98
Energy of minimum      4=    -542.8137097     first found at step     5690 after               787653 function calls
LA        -0.4846973891       -2.6659403695        0.5368624658
LA        -1.3759931750       -1.4140760126        2.1668926884
LA         2.2675938183       -1.3805178762       -0.6510244988
LA         2.6028418621        0.3878397414        0.7086939008
LA        -0.7194527415        1.7795150657       -2.1516982433
LA        -2.2939940680       -0.9308063574       -1.0048884393
LA        -1.7969535143        1.6843211257        1.0053848779
LA         1.5091609146       -1.4387915572        1.4918615520
LA        -0.7896080549       -2.4985188209       -0.5277628078
LA         0.0608562932        0.1950565482        2.7394885192
LA         0.0111741458       -0.2519362093       -2.7113278283
LA         0.5541413164        2.6021455380       -0.5157143153
LA        -0.0768946757        1.2367034944        2.3471010878
LA         0.1947585736        2.5678473731        0.5469011927
LA        -0.5143544854       -1.1646638577       -2.3233844210
LA        -0.2869409816       -1.6450799408        2.2028971597
LA         1.9405122226        0.7285998245       -1.4418230144
LA         0.4346173368       -0.8390251620        2.5014626174
LA         1.0183964065        2.0105012120       -1.3535753161
LA         0.7438369307        0.5664896649       -2.4641174054
LA         0.3772607041        1.5845358646       -2.1692387468
LA        -0.9239511472       -2.0416381694        1.3588501932
LA         0.0583329617        1.9172032108        1.4580617088
LA        -0.6566636983       -1.8443984289       -1.4345869895
LA         2.4520885864       -0.4997210413        0.0289374934
LA        -0.6583071001       -0.6096783911        2.4565518461
LA         1.9032307114       -1.4248270428        0.4228154631
LA        -0.3541528341        0.7648687104       -2.4332940267
LA        -0.0826775015        2.1924474135       -1.3353392427
LA         2.0727228045       -0.5310562890        1.1088913854
LA         2.1251937356       -0.3297069423       -1.0552378710
LA         2.2943688112        0.5622852646       -0.3691791050
LA        -1.5414924230       -1.7148041480       -0.7658091710
LA        -1.4052866370       -1.0491362803       -1.6649091836
LA        -0.9373589130        1.4621166654        1.6768757733
LA        -0.8015117328        2.1271841986        0.7775304144
LA         1.2551598931       -1.8263180013       -0.4217379890
LA         0.2285945715       -2.2287853649       -0.1905806799
LA         1.6977537227        0.5083650866        1.3744743129
LA         1.3914711818       -1.1554609736       -1.3269871523
LA         1.8342261034        1.1787435791        0.4690425799
LA        -1.6868964236       -1.2595074403        1.1105227755
LA        -1.5218242045       -0.3797587879        1.7850951831
LA        -1.0834381214        1.7539830403       -1.1004403387
LA        -1.2502195756        0.8767639120       -1.7749845734
LA        -1.9929222026       -1.0974705488        0.0540042785
LA        -1.6611257696        0.6519724684        1.3980613095
LA        -1.4421755532        1.7224774637       -0.0487366061
LA        -1.7744077915       -0.0263419150       -1.3930808896
LA        -2.1346739463       -0.0578682981       -0.3344603928
LA        -1.9690101118        0.8130794513        0.3351292352
LA         0.7688085055        0.6137450840        2.0027210729
LA         0.4987239764       -0.9055848163       -1.9667010526
LA         1.0380594419        1.9341967019        0.2188282517
LA         0.8720688689       -1.8588303243        0.6556387078
LA        -1.2444731240       -1.8874984976        0.2969949169
LA        -0.8047332037        0.4285635849        2.0762461242
LA        -0.8880488182       -0.1421969864       -2.0600298893
LA        -0.4481562139        2.1719316114       -0.2803988018
LA         1.1449621482       -0.4118095136        1.7626805158
LA         1.2299449906       -0.0974442711       -1.7189214220
LA         1.5037556031        1.3450651665       -0.6092278864
LA        -1.8386542979       -0.2231506996        0.7284457095
LA        -1.6196864271        0.8521285672       -0.7234306584
LA         0.3620523974       -1.5844794211       -1.0901852271
LA         0.9084763175        1.2922778215        1.1250118947
LA         0.4117235966       -1.2293601397        1.4687502381
LA         0.6673925184       -0.1542742830        0.0192150950
LA         0.8481061110        0.9263584258       -1.4296941438
LA        -0.2234005203       -1.6121477835        0.6355157632
LA        -0.6731679619       -0.9790459986        1.4285227077
LA         1.4526949135       -0.7570618228       -0.3107156484
LA         1.6175970731        0.1129213542        0.3582766212
LA        -0.2432056333        1.1142746100       -1.4044609106
LA         1.0848678732       -0.7871111921        0.7385852007
LA         1.3007012629        0.2743631906       -0.6936087422
LA         0.0400790185       -0.1887688215        1.7168483403
LA        -1.2767559809       -0.6637497669       -0.6526227315
LA        -0.9508186318        1.0525524864        0.6663515686
LA         0.3898912629        1.5260822347       -0.5990401321
LA         0.1209427489        0.1110677882       -1.6873708141
LA        -0.5324274320       -1.4444738530       -0.4178806982
LA        -0.0993499571        0.8368757519        1.3337658710
LA        -0.3985247449       -0.7849681393       -1.3084244319
LA         0.0346556637        1.4944980037        0.4445001209
LA         0.4587400380       -1.1765199097       -0.0826785171
LA         0.7246233663        0.2256622999        0.9935942049
LA         0.5904818525       -0.5283170974       -0.9563117824
LA         0.8561983438        0.8718080930        0.1206187757
LA         0.0113744490       -0.5675533594        0.7168458231
LA         0.2217927960        0.4724317148       -0.6849055389
LA        -0.9841659557       -0.8309111041        0.3907870136
LA        -0.8210759101        0.0368875184        1.0556063940
LA        -0.7699466954        0.2277566105       -1.0377326257
LA        -0.6054065308        1.0935090702       -0.3719384939
LA        -0.2913983058       -0.4076194380       -0.3135294910
LA        -1.1266255173        0.1964593503        0.0067618202
LA        -0.1300021111        0.4422485082        0.3402261217
          98
Energy of minimum      5=    -542.5307389     first found at step     8664 after              1179878 function calls
LA        -1.4739464963        1.7934949059        1.8282587936
LA        -0.9797226924       -0.2276990628       -2.4816634264
LA        -0.5089161095       -2.1375916774       -1.5803861038
LA        -2.5899962774       -0.8550235009        0.2678269818
LA         1.3871297244       -1.8755118265       -1.8048211220
LA         0.2410518941        2.7411705896        0.7751347833
LA         0.5817685714        1.3368207408       -2.2302111338
LA         2.6049909959        0.4427598090        0.2653322940
LA         1.5085382259       -2.2875793973        0.3847014333
LA         1.9149419988       -1.5082729756        1.0828212566
LA         0.6372335941        1.1945089960        2.3300895391
LA        -1.4557445199        1.6929181936       -1.4023300621
LA         1.4306059867        0.4166991246        2.1586226741
LA        -1.5708345892        2.1639066422       -0.3898623326
LA        -0.9518149377       -2.4035281063       -0.0944664408
LA         0.6117953969       -2.6219093431       -0.2068767026
LA         0.5444686752       -2.4038843924       -1.3039118219
LA        -1.9244163050       -1.1648451482        1.1230816972
LA        -1.0990793743       -1.9547884204        0.9406011205
LA         0.3394939078       -1.6004436480       -2.0762348626
LA        -1.7414581263        0.7337439069        1.6554919409
LA        -1.4984674119       -0.3572085015        1.8301621222
LA        -0.1793561565       -1.6352598153        1.5476812507
LA        -0.4254465722       -0.6582602223        2.0915469311
LA        -0.4200019542        1.5036113861        2.0913081608
LA        -1.5319871426        1.9913213295        0.7224470571
LA        -1.2261867914        0.7390261638       -1.9572216403
LA         1.6870200923       -0.5492250020        1.6329847847
LA        -1.3516960646       -0.8108145081       -1.6216311087
LA        -1.7909018754       -1.6443166513        0.0908418495
LA        -0.6162286710        2.2682290237        1.3009940714
LA        -2.1864510689       -0.0585876436        0.9713858333
LA         1.4491448401       -2.0828650587       -0.7106524585
LA        -0.1991012124        0.5552520400       -2.3567625203
LA         0.4391960790        1.9688801959        1.5535514739
LA         2.2609696635       -0.5322908122        0.6752363295
LA        -0.6656259862        2.4544475417        0.1930445131
LA        -0.4372973298        1.5153126707       -1.8178234240
LA         2.0196649690        0.4289691626        1.2127652715
LA        -1.9902011539       -0.8367664936       -0.6878325197
LA         1.1200475868       -0.8056286203       -1.9550348953
LA        -2.2316656252        0.1322649049       -0.1448225052
LA         0.8513709072        0.2643931339       -2.0965008867
LA         1.8003506680       -1.1042151693       -1.1173317266
LA         0.3552556020        2.2797995147       -0.2295703529
LA         1.0345115721        1.9795332299        0.6078544252
LA         0.4688597380        1.8124163334       -1.2307584743
LA         2.2061052152       -0.3324538558       -0.4273505663
LA         1.8219908730        1.2139767319        0.4382485996
LA         1.2611702211        1.0403977872       -1.4014926663
LA         1.9348612799        0.7427188796       -0.5702026094
LA         0.8423696449       -1.7719350545        1.0983249346
LA         0.3616273591        0.1390226651        2.1641475496
LA        -1.8334427014        1.1027151130       -0.5484781414
LA         0.0710333716       -0.5239997280       -2.2314722587
LA        -1.1734626332       -1.6127223211       -0.8585236942
LA        -0.0529712011       -2.1041495274        0.5146776223
LA         1.8674260832       -1.3124673501       -0.0196333090
LA         1.2387551086        1.2068923458        1.3895043681
LA        -0.5518796690        1.9975115909       -0.8180317367
LA         1.5384611915       -0.0318150426       -1.2692879120
LA         1.1537509850        1.5204066881       -0.4005863501
LA        -0.6922883609        0.4432479488        1.9305518323
LA        -1.8026425086        0.9303650646        0.5562631967
LA         0.6156389695       -0.8236077146        1.6501287605
LA        -1.6107640974        0.1535770296       -1.1002565073
LA        -0.5262505620       -0.3550029286        0.2941145640
LA        -0.1073160521       -1.8827592950       -0.5912402104
LA        -0.8709703603       -0.9039796536        1.1253150584
LA        -0.3096179073       -1.0830097531       -1.3623157591
LA        -1.5392475697       -0.6004040365        0.2804953697
LA        -0.8731789454        1.2096893894        1.1300999365
LA         0.7290954039       -1.3508433802       -1.0847788445
LA        -0.7438015345       -1.3585890609        0.1112518711
LA        -0.5730059304       -0.0140489985       -1.4923653751
LA        -1.1266643284        0.1732700050        0.9636198908
LA        -0.0209896395        1.6761754443        0.6072051927
LA         0.2024238538        0.7572322590       -1.3636015931
LA         0.7902967655       -1.5607367432       -0.0014156930
LA         1.5299455643        0.1698066261        0.2734733218
LA         0.1733843829        0.9155844625        1.3820233742
LA         1.1927517788       -0.7960346273        0.6836431799
LA        -0.9209756820        1.3967172973        0.0324567562
LA        -0.8090348748        0.9338788076       -0.9606840061
LA         0.9538645145        0.1549163002        1.2144285223
LA         0.1416754184       -1.0523730337        0.6950649534
LA        -0.9410605065       -0.5754291746       -0.6445836060
LA        -0.0933788658       -0.1172548586        1.2167663203
LA        -1.1740685723        0.3585806991       -0.1211765839
LA         0.4706742638       -0.2981462480       -1.2370725447
LA         0.0898754707       -0.8486044344       -0.3891804409
LA        -0.2777113245        0.6469963252        0.4479308462
LA         1.1416408891       -0.5936279391       -0.4103794823
LA         0.0933182668        1.2290158162       -0.3831075115
LA         0.7637220842        0.9323982012        0.4435114751
LA         0.8756506970        0.4683083026       -0.5513717588
LA        -0.1682479281        0.1945462044       -0.5260718901
LA         0.4895958537       -0.0969167676        0.2843534874
