          98
Energy of minimum      1=    -543.6653608     first found at step   156863 after             21482071 function calls
LA        -2.3632466802       -0.9264796773       -0.5686982467
LA         0.4922524469        1.2871157938       -2.2062948810
LA        -2.1122570636        1.4607395917        0.4139158758
LA         1.5383923633        2.0974906015        0.0244509003
LA         0.9395617973       -0.7507337167        2.3065859883
LA        -0.0324605048       -2.3213579514        1.1734390134
LA         1.7603815071       -1.8087574515       -0.6294198399
LA         0.8235163793        1.7723571678        1.7167661793
LA        -1.1423599907       -2.3150579830       -0.3197439049
LA        -0.9992869477        1.4544214872        1.9112296607
LA        -0.7199933959       -2.1229607952       -1.3196068693
LA        -2.4708647606        0.4519681404        0.6762163511
LA         2.3673414834       -0.1013638681       -1.0733748327
LA         2.2597229727        1.2770835029        0.1715392018
LA         0.4284933264        2.1037905687       -1.4687327413
LA        -1.3355933907        0.9683001876       -2.0112931070
LA        -1.3578945086        0.4456500666        2.1735301446
LA         1.1028104746       -1.8050248218       -1.5140705289
LA        -1.9408797921       -0.7343825166       -1.5685611736
LA         1.5448467056        0.9519497671        1.8638550565
LA         1.0474774320       -2.1329942196        1.0582263698
LA        -0.1403762522       -0.9390975329        2.4217981680
LA        -1.3993530118        1.7849749765       -1.2737309435
LA         1.7097710988       -0.0976306118       -1.9580261559
LA         2.1996094436       -0.8527137331       -0.2721951744
LA        -1.1886468389        1.8525937556        0.8913512502
LA        -1.7933032322       -1.5491631207        0.1537838119
LA         0.6554765031        2.1742481615        0.6946132934
LA        -0.3405400483        0.5556565845       -2.2835870277
LA         1.4783671076       -1.1807425958        1.4351896486
LA        -1.9021804422       -0.1545927112        1.4132594886
LA        -0.9529058426       -1.1669412967       -1.8356770362
LA        -0.6704217208       -1.5555367474        1.6644313562
LA         2.0907320036        0.5418563256        0.9872805490
LA         0.8912187703       -0.8452863205       -2.0324150443
LA        -0.4674044512        2.1806218457       -0.8160348291
LA        -0.3259401452        0.1632275668        2.5088521496
LA         0.3087438644       -2.3384653744       -0.9292346740
LA        -2.1353853978        1.1889450080       -0.6736161863
LA         0.9693329437       -2.3422150142       -0.0405243444
LA        -2.0713333014        0.3685224974       -1.4145632446
LA         1.4279407091        1.8104650292       -1.0537652130
LA        -2.4956386918        0.1755440050       -0.4101119373
LA         1.4919925749        0.9900428149       -1.7947123346
LA         0.7589538053        0.3524557927        2.3931115915
LA         0.0343132502        1.1766283912        2.2453479317
LA        -0.1155608572       -2.5314436375        0.0752170871
LA         2.1525813772        0.9862926360       -0.9060018149
LA         1.8596756428       -0.4808513389        0.6931905667
LA        -0.3225583301        2.0011185315        0.2482045188
LA        -0.1296671826       -0.4695594934       -1.9831353169
LA        -1.4074500571       -1.0507079179        1.0417401950
LA         0.0879709946       -1.3930781345       -1.4529999090
LA         1.3068684150       -0.0662018946        1.5320986576
LA        -0.8660374744       -0.4452029349        1.7639126826
LA        -1.2189186462        1.5906103636       -0.2093086488
LA         1.9969848540        0.2476709972       -0.1016039490
LA         0.5456209431        1.8983838511       -0.3975565028
LA        -0.1444957344        1.5845112949        1.2361466456
LA        -1.9404606733       -0.4391038683        0.3184576207
LA        -0.7618588932       -1.7795895670        0.5587897541
LA        -1.0906304387       -0.0525927866       -1.6933319844
LA         1.4110468965       -1.4005883844        0.3269754804
LA         0.6739094679        0.2551808757       -1.8815797630
LA        -1.3649538523       -1.3499907041       -0.8359546948
LA        -1.5362400228        0.8439608273        1.1454652140
LA         1.3649534498        1.3499906565        0.8359550359
LA         0.4015747593       -1.3600182972        1.5406107594
LA        -0.4015743261        1.3600179474       -1.5406111496
LA         1.5362401032       -0.8439601502       -1.1454649046
LA        -1.1527032674        0.7643034384       -0.9459312029
LA        -0.5002186656        0.5666663106        1.4954400032
LA         0.5766039621        0.7544870794        1.3805605248
LA        -1.5102764524       -0.2415580537       -0.6843870703
LA        -0.3325413323       -1.5810581874       -0.4442316211
LA         0.2190310400       -0.2513745218        1.6421043642
LA         0.3231330249       -1.5847799972        0.4378672669
LA        -1.5738519392        0.5727609442        0.0510474272
LA         0.7442813585       -1.3932372141       -0.5591113574
LA         1.2662132824        1.0681290308       -0.2519415629
LA         1.3297888409        0.2538102147       -0.9873759999
LA         0.6105391929        1.0718507483       -1.1340406784
LA         1.1132529984        0.3343841376        0.5345088960
LA         0.7612419100       -0.6558323416        0.7919846179
LA         0.5184829485       -0.4635374246       -1.0738496798
LA        -0.2533182120        1.1581880650       -0.4809109084
LA        -0.9638203383       -0.8404712699        0.0387803538
LA        -0.5415908774       -0.6484371115       -0.9607569863
LA        -0.1895794861        0.3417792744       -1.2182329797
LA        -0.3183444017       -0.8441352797        0.9071591339
LA        -0.6679162459        0.9696246563        0.5005607347
LA         1.1758398768       -0.4672687796       -0.1894867854
LA        -1.0264070317       -0.0388183192        0.7627759915
LA         0.3921575508        1.1545242230        0.3874680736
LA        -0.6059969819        0.1566909434       -0.2258841376
LA         0.0422534546        0.1530112313        0.6462275519
LA         0.1051092044       -0.6520875970       -0.0808803116
LA         0.4586336194        0.3423853579       -0.3394629474
          98
Energy of minimum      2=    -543.6429572     first found at step    22183 after              3046079 function calls
LA         0.3409734291       -1.8365343726        2.0090240573
LA        -2.1703937110       -0.8574050064       -1.7209085589
LA         1.3024906678        2.4819000123        0.7422728563
LA         0.2025647107        1.4336710887       -2.2292097761
LA        -1.9303824546        1.7778407799        0.3114842776
LA        -0.1126616690       -1.4953431343       -2.2978118916
LA         2.5074015872        1.0239420925       -0.4395026248
LA        -2.4403030115       -1.1193768537        0.4778153026
LA         0.1776932673        1.3979226674        2.3346579918
LA         2.1371903516        0.6669834361       -1.4379702444
LA         0.6883358495       -0.7261432185       -2.4655864860
LA        -2.3570537584       -0.2342135579        1.1630694930
LA        -0.9092567372        1.1578962492        2.1899352537
LA        -0.4290668861       -2.5212084168       -0.0277269790
LA         1.9378490302       -0.2453320049        1.6510333227
LA        -0.6913951327       -2.0733986028       -1.5235250065
LA         2.4109403560        0.9096098855        0.6768412636
LA        -1.8682785129       -1.8835756735       -0.1190163119
LA         1.2325723920        1.0980059033        2.0802967263
LA         1.0708515892       -1.9705663247        1.1616607658
LA        -1.7201055579       -1.7455929179       -1.2222085134
LA         1.7939948082        1.6333430657        1.2702065482
LA         0.6810476300       -2.3241899644        0.1317120896
LA         1.8841499359       -1.1673629328        0.9850248486
LA         2.0046819118       -1.0472970675       -0.1498412243
LA         1.2703016444       -1.7534303509       -0.6707079638
LA         1.4231739731       -0.0287410658       -1.9675944815
LA        -1.6462083617        0.4661345970        1.6890861486
LA        -0.0428478688       -2.2004300070        1.0017334530
LA         1.1502232101       -1.0532484132        1.8479319118
LA        -1.1428136456       -1.1773210840       -2.0105865489
LA         1.9061865105        1.7544030543        0.1519507223
LA        -2.3070266869       -0.9895505444       -0.6224736510
LA         0.7412566434        1.9414852888        1.5395548520
LA         0.4466276205        0.3543865804       -2.3484574408
LA         1.1702107107        1.0501381729       -1.8352478602
LA        -1.4213350775        1.4680191325        1.2513366805
LA        -2.1444707386        0.7726976718        0.7384448176
LA         0.0928628379       -0.7417865706        2.1208838430
LA        -0.6353186053       -1.4419598728        1.6044132162
LA        -2.0975428075        0.0232606561       -1.0450980184
LA         0.2227899574        2.2543453920        0.6006234710
LA         0.9384904541        2.1390729158       -0.2519024005
LA        -1.3820057658       -0.0921686823       -1.8977399030
LA         0.5724850505        1.7897372188       -1.2417103260
LA        -0.5913670078        0.6706509488       -2.0671853316
LA        -2.0177236343        0.9008025363       -0.3678819588
LA        -0.8540300032        2.0197363333        0.4574805648
LA        -0.5112761497        1.5531458979       -1.3847231722
LA        -1.2216500709        1.6677554731       -0.5385292227
LA         2.1680412879       -0.0182617910       -0.5722692896
LA         0.7307436258       -1.4002757127       -1.5916881345
LA        -1.5859770095       -1.0248169834        1.1710889242
LA        -0.1518317079        0.3541663117        2.1882721486
LA         0.1603688387       -1.9768879766       -0.8193928217
LA         2.0730735372       -0.1377527042        0.5372133123
LA        -0.3512537745       -0.4108541752       -2.1927967933
LA         1.5449130019        1.4123792239       -0.8479192313
LA        -0.3435060803        1.7166091129        1.4011671962
LA        -2.2390951163       -0.1060691794        0.0566997346
LA        -1.0155739054       -1.7851606073        0.5846190043
LA         0.8936534037        0.0506313410        1.9387591543
LA        -0.1437731185        1.9158264200       -0.3960978012
LA        -1.3115313538        0.7929841455       -1.2243432758
LA         1.4657491293       -0.7131503675       -1.0997781230
LA        -0.8829825103       -0.3342907486        1.6981269772
LA         0.3100342107       -0.5553036482        0.3156953483
LA         1.4535453667        0.6015578835        1.1241003894
LA        -0.8773506876       -1.6396840765       -0.5291131360
LA         1.0455490881       -1.3096559695        0.3013455900
LA         0.3245928839       -1.1837735541        1.1471783803
LA         1.1085695980       -0.4140501243        0.9723711394
LA        -0.0449221125       -1.5231746363        0.1542447743
LA        -1.3181059594       -0.7511492886       -1.0204158074
LA         0.9591229182        1.4384894065        0.5947338017
LA        -0.3019910674       -1.0724892396       -1.3089682100
LA         1.5612691846        0.7191032360        0.0125695825
LA         0.2378555268        0.7519852828       -1.3548139972
LA        -1.1616637478        0.9777358571        0.3123460043
LA        -1.4561675699       -0.8858424815        0.0667590346
LA         0.4062350657        0.9049258800        1.3876885252
LA         1.1985149222        0.3717315705       -0.9692589720
LA         0.4830019947       -0.3162602118       -1.4767443004
LA        -0.6620052310        0.6717723692        1.2459430192
LA        -1.3768067511       -0.0155354678        0.7389622897
LA         1.2254615727       -0.2984218939       -0.1202893338
LA         0.5225444785       -0.9743022621       -0.6188408108
LA         0.0814226162       -0.1133284685        1.2396542607
LA        -0.6202500946       -0.7880124945        0.7419852829
LA         0.6316221985        0.4280264490        0.4558353120
LA        -0.4941724884       -0.6544663397       -0.3426468789
LA        -0.5458898460        0.0030228263       -1.1995437024
LA         0.6023806321        1.1071269118       -0.3851201884
LA        -1.2519990333        0.1169601767       -0.3581664259
LA        -0.1038948865        1.2209043224        0.4561391403
LA        -0.4672383092        0.8746752480       -0.5270188052
LA         0.2749109135        0.0900389764       -0.5096667699
LA        -0.4180259086        0.2016070409        0.3160659010
          98
Energy of minimum      3=    -543.5467256     first found at step    11252 after              1575909 function calls
LA        -1.8017963818        1.2290045703        1.6147913425
LA         0.0657417934        2.4270936472        1.2121750177
LA        -0.7743294278        0.2769481180       -2.7675968581
LA         2.1407190308       -0.6870015281       -1.4572841029
LA        -0.6220996765       -2.4594442778       -0.8616559539
LA         2.3934872097        0.1525989307        1.3561697251
LA        -0.6228997398       -1.7825157455        2.0064637804
LA        -2.3874551100       -0.1374091504       -1.2836529446
LA         0.6287347312        1.7975803457       -1.9339036492
LA         2.5838867199        0.5659235719        0.3297569340
LA        -1.3609254892       -1.9648083659        1.1802072403
LA         1.6078164485        1.4751243900       -1.4899291806
LA        -2.3363287320       -1.0551799448       -0.6396230286
LA         1.1848533581       -1.0915533175        2.2477447299
LA         0.1871063848        0.5437094330        2.4858409158
LA        -1.4034887326        2.0262963850       -0.4803189409
LA         0.0832008611       -1.0353166432        2.4664614342
LA         1.6095298087       -0.0561248694        2.1374046597
LA        -2.0054223444        0.9117951720       -1.4289490702
LA        -0.4795268843        1.8907096797       -1.7579119843
LA        -1.1846897258        1.1191870888       -2.1647537899
LA         1.9814711988       -0.8791855354        1.4786517695
LA         0.4744306688       -1.8460031929        1.8035502930
LA         0.8400076525       -2.0985625010        0.7802784628
LA         1.7652333419       -1.5049984758        0.5808116296
LA         2.1125040802        1.0276753105       -0.5854940116
LA        -1.8627092917       -1.5225598920        0.2715104263
LA        -0.8741447811        1.8408328501        1.4231484566
LA        -1.5819781987        0.0702162204       -2.0275922126
LA        -0.0733686628        1.0380412795       -2.3528285186
LA         0.1263028159        1.5011452463        1.8661981077
LA        -0.8160706733        0.8965807407        2.0693611060
LA        -1.6178647093        1.6439192901        0.5742523045
LA        -0.6754570863        2.2485058027        0.3710816869
LA         2.3637907741       -0.0599962511       -0.5650391262
LA        -0.9929206092       -2.2134413264        0.1586243322
LA         1.8761060787        0.3942638030       -1.4740908742
LA        -1.4802189339       -1.7589336163       -0.7505106277
LA         0.9340548735        1.7146753552        1.0939076403
LA        -1.5326002226        0.1322321285        1.6256857839
LA         0.4431855436        2.1720842898        0.1786996357
LA        -2.0233061303        0.5897455830        0.7104426357
LA         0.1089308774       -2.2829360858       -0.0404648405
LA         1.9565116351       -1.0976498339       -0.4387795209
LA         0.2006731964       -0.0453451649       -2.3385486636
LA        -0.7262443918       -0.6399948206       -2.1387173333
LA         1.1718882749       -0.3661182531       -1.9021254402
LA        -0.6759083996       -1.5515432612       -1.5037643452
LA         1.2218275315       -1.2829600289       -1.2626615006
LA         0.3014461695       -1.8734161706       -1.0642391130
LA        -1.2314316778       -0.9528046215        1.6044030324
LA         1.7706410944        0.9731273300        0.9571956545
LA         0.8035028129        1.8743370314       -0.8459962070
LA        -2.1982446920       -0.0513868156       -0.1988590027
LA         2.1856721478       -0.4734886715        0.4564592982
LA        -0.2607649207       -2.0429615020        0.9838795235
LA         0.9074845408        0.7171904005       -1.9259332069
LA        -1.5379736835       -0.8516551527       -1.3987244696
LA        -0.5346054228       -0.2067577428        2.0608045245
LA         0.9900813344        0.7713807074        1.7321021320
LA        -0.2958545567        1.9698001674       -0.6657649413
LA        -1.8203216257        0.9918025311       -0.3371098662
LA         1.0382424584       -1.7005224709       -0.2444527505
LA         0.2509192337       -0.9665736484       -1.7123985693
LA        -1.7349909716       -0.5136741161        0.7077424345
LA         1.3062216614        1.4373676351        0.0520970136
LA        -0.2259104851        0.4861104390        0.3986598371
LA         0.5729495955       -0.2743866763        1.8411187762
LA        -0.9973550488        1.1893989378       -1.0868682874
LA         0.9512564189       -1.0847898571        1.1843322484
LA        -1.0006805373        0.8501730932        0.9959082306
LA        -0.0816815439        1.4397421625        0.7977842990
LA        -0.5851131858        0.3480389254       -1.6783678147
LA        -0.0287505267        0.5233394715        1.4239715079
LA        -0.8048885924        1.2468439473       -0.0231719901
LA        -0.1331404289       -1.0241335790        1.3930979060
LA         1.3626869380       -0.0645093740        1.0706170436
LA        -0.4855991897       -1.4478246009       -0.4292679121
LA         1.3276296633       -0.2845762587       -0.8201765906
LA         0.1071115527        1.1054913428       -1.2701123396
LA        -1.3882369161        0.1461739741       -0.9477350090
LA        -0.8570481679       -1.2067807062        0.5810894179
LA         1.5523644652        0.3389398390        0.0616514757
LA         1.0703196330        0.7879481233       -0.8369692170
LA        -1.3387366109       -0.7575439680       -0.3176082595
LA         0.7541271839        0.7329298489        0.6745144513
LA        -0.7258149436       -0.2165035269        0.9935705620
LA         0.2808631688        1.1739470741       -0.2078455266
LA        -1.1989264936        0.2246113826        0.1111775521
LA         0.3542018509       -0.2866634639        0.7899244860
LA         0.2349646393       -1.2790005094        0.3784211075
LA         1.1500819487       -0.6919213779        0.1811336683
LA        -0.4053237516        0.4214530295       -0.6259522252
LA         0.3757759417        0.0297402780       -1.2621852707
LA        -0.5391018369       -0.5571852408       -1.0649495643
LA         0.4256206460       -0.8758749630       -0.6321491388
LA         0.5422290532        0.1075370187       -0.2027594354
LA        -0.3561388967       -0.4687968267       -0.0090830073
          98
Energy of minimum      4=    -543.4923253     first found at step      801 after               129877 function calls
LA        -2.3943394625        1.2068922978       -0.4023777440
LA        -0.9688566041        2.3398128063        0.9279453735
LA         1.7353284551        0.4776826118       -2.2949900396
LA        -0.2774576250       -2.0723683024        2.0334285665
LA         2.4758148669       -0.6980133103        0.7400662089
LA        -1.9307706973       -1.8737881732        0.5489462821
LA        -0.4133367162        0.0486879434       -2.7142369062
LA        -0.8753427315       -0.9088888656       -2.3531100371
LA        -1.7145150977       -1.9720585458       -0.5485013163
LA         0.3717749642       -0.0439997457        2.6974614976
LA         1.8890833307        1.8783179598       -0.5654514259
LA         2.1345303560        1.4844546781        0.4565602753
LA         1.2953642124        0.4212937081        2.2611534806
LA        -1.8700822321        0.3785091448        1.6526570983
LA        -0.5022255198        2.1114806897       -1.2888641934
LA        -1.8844991425       -1.1898241970        1.4423610643
LA        -0.0880862014        1.0860975322       -2.4207556045
LA        -0.7196492887       -0.2641106025        2.5292006481
LA         1.0766380744        2.0116522208       -1.3336457848
LA         0.9898954634        1.2998240845       -2.1961199141
LA        -1.0460020393       -1.2795071406        2.1819989071
LA        -0.2536925012       -1.6452524040       -1.7903882107
LA        -0.6719890757       -2.1752032613       -0.8908572565
LA        -1.3054139132       -1.4515259065       -1.4621927243
LA         0.8259583460       -1.4297344459       -1.5900730417
LA         0.1526193526       -2.2828051406       -0.1420832265
LA         1.0733672338       -1.8220838367       -0.5743317689
LA         1.7291357304        0.9595822827        1.3694068233
LA        -1.6932482786        1.7857817099        0.2646884809
LA        -1.1048918469       -1.9745531485        1.2929521093
LA         0.6620000311        0.2639679023       -2.5066806288
LA         0.0467567282       -1.0593502909        2.3674990124
LA         1.8135460214        1.1790408515       -1.4319125521
LA        -2.1529271015        0.8021589311        0.6304491096
LA        -1.4634241827        1.6757073859       -0.8522997840
LA        -1.4335756227        1.3738671035        1.3017590420
LA        -0.7440827986        2.2474025461       -0.1809675814
LA         2.3066490689        0.3933805119        0.5996615982
LA         1.8874036750       -0.1377722041        1.5012321345
LA        -1.7952629471        0.6350288901       -1.1702678952
LA        -2.2173858520        0.1002305025       -0.2625085909
LA         0.0873919362        2.1312670220        0.5868067385
LA        -0.3346640415        1.5965537186        1.4944210351
LA         1.2827294364       -0.4774380573       -1.9455639156
LA        -0.0622191551       -2.1813884755        0.9466963934
LA         1.9904083244        0.0853707939       -1.2853204997
LA         0.6452138656       -1.6188911692        1.6074678504
LA         2.2371823532       -0.3060290698       -0.2740361569
LA         1.5625183532       -1.1607784541        1.1768024911
LA         1.7770244545       -1.2620120428        0.0828418252
LA        -1.9955943543       -0.9943668128       -0.1160415993
LA        -1.1640554524        0.0591311740       -1.9042337260
LA         1.1271749893        1.8803548535        0.2342008139
LA         0.2956451944        0.8268686065        2.0223724438
LA         0.2070949078       -0.6954991201       -2.1609799574
LA        -0.8920144284       -2.0879895619        0.2026129454
LA         2.0737581533        0.7877903225       -0.4186714993
LA         0.9748933983       -0.6043900421        1.9443940649
LA        -1.9527960338       -0.3105208633        0.7677957875
LA        -0.8469735342        1.0904737460       -1.6102324853
LA        -0.7891104619        0.6143945440        1.8537633914
LA         0.3166697893        2.0153353061       -0.5241732027
LA         0.8644090594       -1.7315528162        0.5201016691
LA         1.5415705622       -0.8736390726       -0.9361082298
LA        -1.5959272036       -0.4781274622       -1.0238171059
LA         0.7254866333        1.3665049634        1.1424283558
LA        -0.4574757194        0.4677814076        0.0628555899
LA         0.2437191911        1.2953796538       -1.3929486956
LA        -1.1063866480       -0.4151036879        1.5104011065
LA         0.0851124000       -1.3998168457       -0.7851113983
LA        -1.4091996436        0.8300133761       -0.1663061977
LA        -0.7077094494        1.3875179965        0.4883473995
LA        -0.3385929694       -1.1988048811        1.3550886215
LA         0.9813875922        0.4735124771       -1.4834782812
LA        -1.1551394468        0.4333018935        0.8398879658
LA        -0.4877911412        1.2787822712       -0.5952184169
LA         1.4684549049       -0.2980685582        0.5072513417
LA        -1.1615438730       -1.1028913582        0.6247849188
LA        -0.0819795219        0.2648365937       -1.6967764934
LA        -0.0199945816       -0.1957584635        1.6898956183
LA         1.0594757802        1.1718502755       -0.6314632120
LA        -0.5349223741       -0.6772554589       -1.3445464682
LA        -0.9494525106       -1.2024344612       -0.4531152223
LA         0.8894825205        0.2592007697        1.2629693042
LA         1.3039173355        0.7842588250        0.3717437423
LA        -0.8119290865        0.2694596147       -0.9028420613
LA        -1.2188634517       -0.2460959772       -0.0277453969
LA         0.3175808603        1.1672007374        0.1513473393
LA        -0.0893227112        0.6516843088        1.0263772984
LA         0.5397844587       -0.4686534257       -1.1442360497
LA        -0.1259993936       -1.3121522536        0.2875066085
LA         0.2509063599        0.4741330888       -0.7014109586
LA        -0.4019542113       -0.3529926073        0.7025402189
LA         0.5723062267       -0.7569438197        0.9391863095
LA         1.2380067715        0.0864493782       -0.4923767412
LA         0.7855040431       -0.8575649173       -0.1399546733
LA        -0.1917873775       -0.4537991893       -0.3565361305
LA         0.4937804879        0.0915364335        0.2835441006
          98
Energy of minimum      5=    -543.1896663     first found at step      898 after               145361 function calls
LA         0.3430463661        0.4731142822        2.6128182578
LA        -1.6934288905        0.7493502548        1.9391880144
LA        -1.0210688488       -2.1721722062        1.3034228837
LA        -1.9233685630       -1.7750144886       -0.7260502322
LA        -1.2712056521        2.4136033124        1.0637904729
LA         2.5170376939       -0.6922739712       -1.2390703668
LA         1.8962664369        1.3808537378        1.3018927555
LA         0.5571754851        1.9716778269       -1.6943872706
LA         0.6692299866       -0.8683564743       -2.4750507333
LA        -2.1848736197        1.4729680463       -0.7413960540
LA         2.1280110544       -1.5147495943        0.7980448297
LA         1.9199127201       -0.8186366475        1.6520916416
LA        -1.5714332091        1.3206547039       -1.6679751318
LA         0.0067469014        0.0249874890       -2.6261429657
LA        -2.3325244018       -0.3370569021        0.9881498359
LA         0.2457814919       -2.4462196540       -0.5685437866
LA        -2.4223729900        1.0776584155        0.2844821153
LA         1.6968571945       -2.0208410867       -0.1101509585
LA         0.9585925146       -1.6937725892       -1.7658738453
LA        -1.9536420517        1.5421962201        1.1906958961
LA         1.8800554181       -1.6002430432       -1.1337982172
LA        -1.0033386951        1.6214684481        1.8035356148
LA         1.1409712206       -0.1732076625        2.1483366527
LA        -0.7877054328        0.6788460348       -2.1639031754
LA        -0.4506391768       -0.1745311385        2.2008545328
LA        -1.4819693700       -1.9878190623        0.2900382581
LA        -1.7293148555        1.9449703860        0.1612730769
LA         1.5947174653       -0.7811885222       -1.8582229895
LA         2.3247206471       -1.1046041412       -0.2212853575
LA        -1.6930476223       -1.2700665880        1.1552405526
LA         1.1206870328        0.9274538010        1.9582628744
LA        -2.1478122484       -1.0682283749        0.1320375313
LA        -0.3927514645       -2.3314905120        0.3714431440
LA        -0.8482565283       -2.1312639930       -0.6526364844
LA         1.9090166817        0.2814747988        1.4780394056
LA        -0.5070125115        1.6467901249       -1.6827773057
LA         0.2815070479        0.9994497349       -2.1617195962
LA        -0.7381899312       -1.1837826831        1.7734634107
LA        -0.2140123854        2.0754162131        1.1495486494
LA         0.0569892394       -1.8359314351        1.2918578038
LA        -1.1352439805       -1.3109384740       -1.3876532099
LA        -1.9292180866       -0.6594335469       -0.9062125463
LA         0.8411564875        1.7309470158        1.2288481619
LA        -0.6619600153        2.2741762870        0.1429729173
LA         2.3183492260        0.0005693862       -0.3915640791
LA         1.8687969930        0.1989498938       -1.3965751670
LA         2.1118371575        0.6910855918        0.4549721746
LA        -0.0533267205        2.1269315510       -0.7761234054
LA         1.2157703325        1.0862069087       -1.5484448242
LA         1.4530293234        1.5834682302        0.3025782021
LA         1.0070263507        1.7800372057       -0.6954570643
LA         1.1204129545       -1.4670848734        1.2498635657
LA        -1.8958847628        0.4561492477       -1.0609358398
LA        -0.3314655219       -0.8274635282       -2.0098908710
LA         0.0611808532        1.2833732746        1.8928715490
LA        -1.3987719104       -0.2717933298        1.6084078883
LA        -1.1214178964        1.8084067591       -0.7648680676
LA         2.1305128815       -0.4108040366        0.6309392085
LA         0.9453315155        0.1128206314       -2.0212013589
LA        -2.1322915729        0.0576591161       -0.0443516662
LA         0.6877678197       -1.9730845961        0.3510089660
LA        -0.0500286698       -1.6483514946       -1.3044033651
LA         0.3985544438        1.9406291029        0.2267881743
LA         1.6726545363        0.8965118114       -0.5490488342
LA         0.3448869837       -0.8296750919        1.7466787161
LA        -1.1239258710       -0.1826008626       -1.5562890663
LA        -0.4084711688       -0.5334691909        0.0985600863
LA        -1.6580020848        0.5374592514        0.8625446932
LA         0.8844763249       -1.5448917275       -0.6780990496
LA        -0.7111771660        0.6193755418        1.4737867939
LA        -0.7088726184       -1.3380894642        0.6913256138
LA        -1.1526753868       -1.1428571982       -0.3076681416
LA        -0.9736738323        1.3998126994        0.7325654729
LA         1.5107552456       -0.6366248417       -0.7788518540
LA         0.3401678943        0.2735586904        1.5409231554
LA        -1.3543814037       -0.4481589219        0.5334649326
LA        -0.0966403901       -1.4765893871       -0.2257268628
LA         1.1053345121        0.7233947605        0.8875049123
LA         0.2258470237        1.1113508778       -1.0782581308
LA        -1.4316511988        0.9365522772       -0.1601413591
LA         0.5990260908       -0.7288293971       -1.3943804394
LA         1.3223766315       -1.0489197410        0.2285152085
LA         1.1186720913       -0.3649045043        1.0680285407
LA        -0.8289464767        0.7903560554       -1.0719478040
LA        -0.0492613269        0.1505585648       -1.5450928522
LA        -0.4285399490       -0.3678573990        1.1335461219
LA         0.3383281972       -0.9968329751        0.6686958635
LA        -1.1428667803       -0.0532998780       -0.4737713599
LA        -0.3772822852       -0.6815631421       -0.9384941213
LA         0.0680791116        1.0728372914        0.8182665824
LA        -0.6905386075        0.4189166123        0.4154319852
LA         0.5379467208       -0.5884642289       -0.3350046490
LA        -0.3748914453        1.2688762069       -0.1749077002
LA         1.3215312899        0.0463834676        0.0545628744
LA         0.8775936313        0.2422314753       -0.9373306936
LA         0.3391106337        0.0854830106        0.4895759543
LA         0.6726633774        0.9279977860       -0.0961796370
LA        -0.0971236563        0.2780321890       -0.4838780351
