          98
Energy of minimum      1=    -543.6653608     first found at step    12399 after              1729110 function calls
LA         0.8249286997       -2.1704125389       -1.1728251329
LA        -0.6841015584       -1.8782832394        1.6645641308
LA        -1.1507669963        2.2109596286        0.7443856529
LA         2.1683709938       -0.4798864020       -1.3544712015
LA        -1.9607512039        0.9882443789       -1.3948277452
LA         2.1071537724        0.5366609398        1.4278003030
LA         0.3424908009        2.1807491870       -1.3761355039
LA        -1.9991932649        1.6265949232        0.3523248976
LA         1.9509256211        1.7206403825        0.0011619084
LA         2.2224883297       -0.5429963060        1.2379082624
LA         0.7479380586       -0.8919461225        2.3263137724
LA        -1.8425330410        0.4393391707        1.7829099782
LA         0.3197150071        2.5589462347       -0.3410175868
LA         0.7323690651       -1.4689524269       -2.0180512548
LA        -1.0895494171        1.1944124157       -2.0378852704
LA         1.9737011184        1.3424433972       -1.0339560614
LA        -0.8943409480       -0.6329588578       -2.3592862594
LA         0.6326035255        0.1877110790        2.5162059159
LA        -1.6093139649       -2.0231068205       -0.2895903085
LA        -1.7655424626       -0.8391269949       -1.7162285210
LA        -1.6478621632       -1.3829909636        1.4623961517
LA         2.2609303420       -1.1813465893       -0.5092451125
LA        -0.9941068250        1.0237040959        2.1749703420
LA        -0.6455532385       -2.5183989399       -0.0874222994
LA        -2.1771215117        0.5989314467        0.7354697588
LA        -2.1382297961       -0.0468852484       -1.0321179010
LA         1.1567575323        0.9158908167        1.8607922225
LA        -0.4889792144        1.7616617563        1.5155655774
LA        -0.0625469043       -2.2302131541        0.8134675603
LA         1.2409658529       -0.4824371289       -1.9664053041
LA         1.4251343284       -1.8781560217       -0.2846305757
LA         1.3862424912       -1.2323394669        1.4829574362
LA         0.9987021291        2.1137187690        0.4174673658
LA        -0.4047705068        0.3633341969       -2.3116313404
LA         1.0440193041        1.3612074897       -1.6421416928
LA        -1.9801738357       -1.2447134211        0.4112070053
LA         2.5077619619       -0.3281725635        0.1750805037
LA        -1.3350086646       -0.5108726820        2.0937956371
LA        -0.4826889313        0.0761740380        2.4876550584
LA        -0.3846604844       -1.5516436712       -1.9676526786
LA        -1.6404128032        1.8036423630       -0.6950831885
LA        -0.7880932094        2.3906890470       -0.3012233374
LA        -1.2598598370       -1.7587580538       -1.3216437472
LA         2.4147780664        0.3765067772       -0.6740244487
LA        -0.7652128913        2.0107566119       -1.3410917309
LA         2.3918981609        0.7564394508        0.3658439071
LA        -0.2916762213       -2.2563232705       -1.1185480359
LA        -0.3668252432       -1.0084379984        2.2968916482
LA         0.8861484565       -1.7217001959        0.6485481950
LA         0.6061304881        0.4004210077       -1.9085054552
LA         0.5372283117        1.5445764343        1.2230267248
LA        -2.0295072665       -0.2232973024        0.0369307476
LA         1.4992415751        0.3869132387       -1.2892581972
LA        -1.6771530556       -0.3647744268        1.0553254498
LA        -1.6399397130       -0.9827202767       -0.6359815408
LA         0.2619964901       -1.3613347489        1.4621010456
LA         0.2992099530       -1.9792806753       -0.2292061199
LA         1.4534160025        1.1478702022        0.7934669471
LA        -0.0754726909        1.1961847704       -1.6195862339
LA         0.0299360584        0.8110063335        1.8441762523
LA        -0.1212984215        1.9571417362        0.4631388041
LA         1.6854765597       -1.0244709675        0.4113917384
LA         0.1129748469       -0.5678965960       -1.9298557332
LA        -1.8283875240        0.7813611799       -0.3257121886
LA        -1.3251372908        1.1732902755        1.1188364342
LA         1.2639522995       -0.1572851061        1.6619504336
LA        -1.2639524064        0.1572852892       -1.6619502283
LA         1.3251369573       -1.1732902315       -1.1188368171
LA         1.0152978702        1.7271494667       -0.6087022603
LA        -1.0152975312       -1.7271495672        0.6087024151
LA        -0.8189691824        0.2193803735        1.4452791384
LA        -0.6667814109       -1.4746541595       -0.4341287795
LA         1.5871545829       -0.3149729098       -0.4352047053
LA         0.1420113295       -0.2744831460        1.6468642102
LA        -0.7590735624       -0.7752171556       -1.2769163331
LA         1.4721528918        0.7615699673       -0.2458604256
LA        -0.7039674010       -0.8571625300        1.2559349986
LA         1.5644448947        0.0621330243        0.5969273243
LA        -0.1014039191        1.5702466377       -0.5759456939
LA        -0.9473827315        0.9875673475       -0.9668750219
LA        -0.9700925060        1.3646732418        0.0652569718
LA         0.2019070175       -1.2690807679       -1.0753315129
LA         0.6844842230       -0.2963963769       -1.0394592298
LA         0.7770131519       -0.9976283382       -0.1945086044
LA         0.5485033039        1.1414757449        0.1817208208
LA        -1.1324672228       -0.0163152691       -0.5950604658
LA        -1.1548237361        0.3549250692        0.4210176879
LA         0.5712713013        0.7634020006       -0.8530600525
LA        -0.0781638290       -1.2000043570        0.4367208581
LA        -0.2615492209        0.1897856571       -1.2379087244
LA         0.7546566119       -0.6263879720        0.8215696155
LA         0.6393597558        0.4529177440        1.0113998308
LA        -1.0416106139       -0.7048733259        0.2346185159
LA        -0.3066736990        0.9390997673        0.8129502342
LA        -0.1975146546       -0.1304818530        0.6219085795
LA        -0.1750620420       -0.5033180285       -0.3985372994
LA         0.6613383861        0.0727640681       -0.0120342554
LA        -0.2887617106        0.5610359921       -0.2113368522
          98
Energy of minimum      2=    -543.4923253     first found at step     2625 after               388802 function calls
LA         2.4045640669        1.0619175710        0.6646509909
LA         1.0123685574        2.4640151613       -0.4221721358
LA         0.2772134783       -1.6197629078       -2.4095736527
LA        -1.7595951684        0.0284254233        2.3258419313
LA        -2.4746916772       -0.4937879863       -0.8925549506
LA         1.9128595080       -1.7532824904       -0.8984811696
LA         0.3773153050       -0.5107171740        2.6715352862
LA         1.6805369714       -2.0692051380        0.1536757580
LA         0.8313485143       -1.3820408720        2.1279694783
LA        -0.3359251269        0.5112403724       -2.6537216828
LA        -1.8713422500        1.7537022862        0.9159998864
LA        -2.1082131468        1.5797855350       -0.1672937656
LA        -1.2590316761        0.8926276053       -2.1415710921
LA         1.8970720722        0.6770474521       -1.5213406334
LA         0.5128901099        1.7971287955        1.6967685269
LA         1.8877552390       -0.9013128752       -1.6344537224
LA         0.0699025057        0.5696967494        2.5919072921
LA         0.7501019207        0.2443134674       -2.5223328610
LA        -1.0676237355        1.7152197091        1.7037328512
LA         1.0581865152       -0.8254898980       -2.3856205000
LA        -1.0020091350        0.8416234363        2.4041682988
LA         0.6308755684       -2.3212293051        0.4365726973
LA         0.2075864424       -1.9787032298        1.4206852930
LA         1.2661252130       -1.7389235477        1.1498316530
LA        -0.1849224270       -2.2613112932       -0.3270395194
LA        -0.8662979407       -1.7099413260        1.2571031672
LA        -1.1051944320       -1.8836200067        0.1802356524
LA        -1.6975768795        1.2451424530       -1.1635447508
LA         1.7203056834        1.7753375389        0.1220260822
LA         1.0958181099       -1.6876200350       -1.6560469533
LA        -0.6921613856       -0.2407841098        2.5008611122
LA        -0.0289418055       -0.5549917241       -2.5338917285
LA        -1.8168173552        0.8917598089        1.6227750692
LA         2.1717282310        0.8794943902       -0.4314008511
LA         1.4739961023        1.4441000376        1.1907690199
LA         1.4691743861        1.5870352436       -0.9798331303
LA         0.7714523649        2.1516324364        0.6423125634
LA        -2.2929083127        0.5434526244       -0.5312271932
LA        -1.8686593007        0.2001500589       -1.5175717458
LA         1.7876224172        0.3554031073        1.2937742528
LA         2.2147834803        0.0097437758        0.3006594852
LA         0.3760246604        1.8615634749       -1.1346655386
LA        -0.0510685780        2.2071675972       -0.1417092520
LA        -1.3150919542       -0.8427239984        1.7941320142
LA         0.0459086653       -1.9440475728       -1.3700844946
LA        -0.6449936648       -1.2478547059       -1.9099487155
LA        -2.0062429689       -0.1463299427        1.2548460203
LA        -1.5618364363       -0.8724499042       -1.4047180930
LA        -2.2445524371       -0.3199953033        0.1825417423
LA        -1.7924024470       -1.1905929620       -0.3565600295
LA         1.9804227801       -1.0285697407       -0.0678069612
LA         1.1389595486       -0.3476565648        1.8885268930
LA        -0.2573077998        1.2253469650       -1.8147798741
LA        -1.0987620598        1.9062524384        0.1415318546
LA         0.8667666853       -2.0169986563       -0.6139002728
LA        -0.2454607620       -1.1169824762        1.9719383856
LA        -0.9565549363       -0.1809646591       -2.0368179881
LA        -2.0685343892        0.7188505214        0.5484447415
LA         1.9586601677       -0.1787178786       -0.7943905342
LA         0.8396397313        0.7267949112        1.8072408010
LA         0.8221487444        0.9659306637       -1.6815658924
LA        -0.2968289663        1.8714085407        0.9199652858
LA        -0.8803113933       -1.5757709359       -0.8706214778
LA        -1.5655549205       -1.0212709465        0.7225144819
LA         1.5754660805       -0.7014373097        0.9217827089
LA        -0.6917467094        1.5815193179       -0.8479930483
LA         0.4644735463        0.4635084335        0.0384536533
LA         1.1210219719       -0.1167540590       -1.5515773922
LA        -0.2451972614        0.9887921700        1.6247712574
LA        -0.1143332046       -1.5286844516        0.4828900933
LA         1.4177628500        0.7565095791        0.3465043303
LA         0.7326532128        1.4464769243       -0.1883240086
LA         0.3408305028       -0.9034421206       -1.5670578371
LA        -0.9949038894        0.1774359462        1.5384166535
LA         1.1720292241        0.5767244892       -0.7219736920
LA         0.4967160806        1.1231886374        0.8480740180
LA        -1.4653231446       -0.1654874306       -0.5726697159
LA         1.1550647328       -0.9710216456       -0.8239246336
LA         0.0626158526       -0.0870103765        1.7159306012
LA         0.0401674165        0.1516280446       -1.6940672551
LA        -1.0521862297        1.0355620965        0.8455666302
LA         0.9271519674       -1.2842822029        0.2088793735
LA         0.5076743023       -0.9448403595        1.1841307785
LA        -1.2882219009        0.8639460727       -0.2180299536
LA        -0.8688408383        0.5245825420       -1.1930567586
LA         1.2149914968       -0.2658085425       -0.0101293819
LA         0.8032003378        0.0674133590        0.9472515993
LA         0.1118278874        0.8452614086       -0.8712916930
LA        -0.2999320455        1.1784579506        0.0860163794
LA        -0.5613592422       -0.6829279630        1.0191979395
LA         0.1123708088       -1.2281112174       -0.5471699101
LA         0.4066511887       -0.2090804870       -0.7554164149
LA        -0.2540012286        0.3255202576        0.7805468597
LA        -0.5696255798       -0.5410467632       -1.0795204790
LA        -1.2432711476        0.0040680947        0.4866510900
LA        -0.7986756531       -0.8555976121       -0.0457328273
LA         0.1808995342       -0.5197811997        0.2587217378
LA        -0.4886491964        0.1550584316       -0.2641481083
          98
Energy of minimum      3=    -543.1896663     first found at step     2687 after               398568 function calls
LA         0.9279998984       -1.4288089006        2.0653473939
LA         0.2382872949        0.5460929888        2.6143218153
LA         2.4730235602        1.0099253705        0.5692368614
LA         1.0581390773        2.4671300362       -0.4132585780
LA        -1.6141707796        0.0429017634        2.4424798651
LA         0.1107231717       -1.5546407389       -2.4332796118
LA        -0.4296530237       -2.5524805565        0.7055133027
LA        -2.5227976636       -0.3962056063       -0.7398778479
LA        -0.4621718879        0.5940703915       -2.6002433818
LA        -1.7635438006        1.7978193391        1.0727232320
LA         1.8249785820       -1.7575933337       -1.0198494514
LA         1.6439762708       -2.0932707798        0.0345855905
LA        -2.0655079721        1.6520721079        0.0023811734
LA        -1.3447950720        0.9865700783       -2.0286701795
LA         0.6601818487        1.7744889585        1.7164106974
LA         1.8354563212        0.6818209813       -1.5918109981
LA        -0.9188212246        1.7270163697        1.8120015459
LA         1.7797169075       -0.8906681808       -1.7362530995
LA         0.6226508559        0.2992060869       -2.5355192401
LA        -0.8366732650        0.8393018890        2.4916647601
LA         0.9113331497       -0.7798886667       -2.4376486434
LA        -0.5438105217       -0.2539247839        2.5550698059
LA         1.2949001207       -1.7753285645        1.0576430184
LA        -1.7191295615        1.3287796812       -1.0211400687
LA         1.2349054271       -0.3916294432        1.8436195023
LA         1.7779876539        1.7505771640        0.0775824516
LA        -1.6903412442        0.9209861600        1.7589712823
LA        -0.1754702597       -0.4809956036       -2.5187746150
LA         0.9685239746       -1.6574548099       -1.7286552108
LA         1.5837921189        1.4072463462        1.1512257707
LA         0.2492824295       -1.9920297430        1.3858498649
LA         0.8690743884        2.1413491113        0.6564879138
LA         2.1751931561        0.8550700979       -0.5152300880
LA         1.4613816820        1.5906087527       -1.0109833632
LA         0.6074246915       -2.3241937451        0.3705820101
LA        -2.2954886506        0.6282642790       -0.3697762841
LA        -1.9355173690        0.2958247770       -1.3847159606
LA         1.8735748480        0.3060000756        1.2196390505
LA        -1.2212610726       -0.8275557940        1.8703713299
LA         2.2367152681       -0.0299564305        0.1974774443
LA         0.3680540514        1.8946327531       -1.0990099403
LA         0.0054521947        2.2297692896       -0.0778134931
LA        -0.8263031014       -1.6920186507        1.2915440540
LA        -1.9245696041       -0.1049335097        1.3840269858
LA        -0.0702397361       -1.8952146480       -1.3897098094
LA        -0.7725213232       -1.1716672200       -1.8742497906
LA        -0.2501162956       -2.2278722266       -0.3442112370
LA        -2.2273964205       -0.2507039171        0.3238853145
LA        -1.6497697823       -0.7855122693       -1.3102880752
LA        -1.1323651498       -1.8378499238        0.2242233607
LA        -1.8293739001       -1.1195816360       -0.2573385084
LA         1.9561601399       -1.0544462889       -0.1772098359
LA        -1.0322581015        1.9481787787        0.2589947163
LA        -0.3180492559        1.2879418368       -1.7533615322
LA        -0.1487736867       -1.1322291428        1.9823412816
LA         0.9679469104        0.6969384203        1.7873907068
LA        -2.0059655549        0.7755677105        0.6982354247
LA         0.7893610844       -2.0040415959       -0.6831216247
LA        -1.0639372381       -0.0957055701       -1.9622724895
LA        -0.1894184745        1.8808365010        0.9892085660
LA         1.9154451510       -0.1897870624       -0.8856332500
LA         0.7605747138        1.0002071904       -1.6858666618
LA        -1.5364555615       -0.9788738258        0.8108206324
LA        -0.9574009621       -1.5158092370       -0.8298594539
LA         1.6144715471       -0.7374964245        0.8412936656
LA        -0.6888737824        1.6341912675       -0.7572710377
LA         0.4870096398        0.4713977471        0.0419278125
LA        -0.1197759477        0.9837051207        1.6732586966
LA         1.0385063938       -0.0909594375       -1.5943773174
LA         0.1698110347       -0.1065838384        1.7381744507
LA         1.4627720631        0.7350326569        0.3015625833
LA         0.7665534899        1.4520987187       -0.1823393907
LA        -0.8909148642        0.1893314773        1.6169702792
LA         0.2393285178       -0.8580777388       -1.5813625070
LA         0.5595894926       -0.9626701269        1.1511381485
LA         0.5806134548        1.1160938173        0.8584886311
LA         1.1536358084        0.5828729898       -0.7549781607
LA        -0.1153598548       -1.5140695180        0.4764607026
LA        -1.4889462227       -0.0986601774       -0.4712256436
LA        -0.9667642417        1.0620678480        0.9432811872
LA        -0.0416194964        0.2057676243       -1.6704038611
LA         1.0920648909       -0.9604089648       -0.8866459445
LA         0.9144064538       -1.2910561536        0.1493392212
LA        -1.2671466195        0.9184578853       -0.1079865258
LA        -0.9112411398        0.5894979226       -1.1110977824
LA         0.8648118511        0.0490039758        0.9239001187
LA         1.2148651417       -0.2748298356       -0.0621917964
LA        -0.2557549348        1.2028384134        0.1456490214
LA         0.0936777674        0.8798890624       -0.8394409442
LA        -0.5085474667       -0.6706171098        1.0568003778
LA        -0.1897021758        0.3339188870        0.8230611718
LA         0.3679795343       -0.1827095297       -0.7609950452
LA        -1.2024822466        0.0432752486        0.5773617921
LA         0.0602612660       -1.1988906553       -0.5573176588
LA        -0.6329168427       -0.4845797515       -1.0353908998
LA         0.1917406183       -0.5091585330        0.2568679604
LA        -0.8113264915       -0.8152580271        0.0031797445
LA        -0.4888760641        0.1922622780       -0.2119154510
          98
Energy of minimum      4=    -542.7484831     first found at step     2489 after               365377 function calls
LA        -0.0061653461        1.5820764253        2.4597048461
LA         2.5165314135        0.7786062945        0.5521396575
LA         1.2336479212        2.3301552068       -0.4642902973
LA        -1.6766532456        0.1163373256        2.3314416902
LA        -2.5368823446       -0.2667953108       -0.8697757415
LA         1.7056396037       -1.9435783218       -1.0404082205
LA        -0.3666690461        0.5627835691       -2.6821950017
LA         1.4769018088       -2.2572013079        0.0137323254
LA         0.7598641519       -1.5274090080        2.0260995099
LA        -1.2324665770        1.0215107646       -2.1336677815
LA         0.4085516119       -0.6265529253        2.5991004030
LA        -1.6598971636        1.8745084775        0.9601474888
LA        -1.9465653095        1.7466881730       -0.1186750352
LA         0.8957425371       -0.9114452754       -2.4845350941
LA         1.9061386934        0.4885651635       -1.6221201172
LA         1.7407559216       -1.0785962686       -1.7611607232
LA         0.6922595822        0.1895907465       -2.5917720483
LA         0.8745788048       -1.7849517268       -1.7714962128
LA        -0.1609793567       -0.5323779145       -2.5919026995
LA         0.7451862350        1.6734480293        1.6515713114
LA         0.4168850279       -2.4124639423        0.3265853765
LA         0.0600346501       -2.0489913369        1.3297350555
LA        -0.1843394025       -1.9443177504       -1.4574506493
LA         1.1274312472       -1.9072570682        1.0283965649
LA        -0.4125624867       -2.2588334226       -0.4103533339
LA        -0.8198631804       -1.1751741953       -1.9616895441
LA         0.2018983934        0.4800368181        2.5455181733
LA        -0.8392335598        1.7389502313        1.7204652661
LA        -0.9878175587       -1.6769826454        1.2052731582
LA        -1.2757803713       -1.8042819431        0.1336918323
LA        -1.6033082215        1.3944792218       -1.1348671779
LA         1.8882128605        1.5654262032        0.0442154757
LA        -0.8425957544        0.8489377412        2.3965153137
LA         2.2330593861        0.6414780458       -0.5385987761
LA         1.5855807962        1.4245614512       -1.0515746968
LA         1.6450693158        1.2380682901        1.1143317478
LA         0.9974337590        2.0213109807        0.6012047539
LA        -0.6344823340       -0.2549359693        2.4671498907
LA        -1.8866195621        0.3783787646       -1.5019626003
LA        -1.6693349797        0.9963757048        1.6471025385
LA        -2.2436104540        0.7407143100       -0.4956927956
LA         2.2141145049       -0.2426297512        0.1782787702
LA         0.5193256346        1.8071627092       -1.1644489019
LA         1.8519927123        0.1248677075        1.1907133027
LA         0.1600072665        2.1710898978       -0.1499506164
LA        -1.6814027671       -0.7218621773       -1.4185024990
LA        -1.3342004047       -0.7819188702        1.7712007764
LA        -1.9714898966       -0.0108256744        1.2665281512
LA        -2.2583226785       -0.1382702206        0.1999624044
LA        -1.9091252792       -1.0372080736       -0.3684860474
LA         1.8689435645       -1.2458469680       -0.1995649570
LA        -0.1935815018        1.2491847169       -1.8339629002
LA         1.1573503751       -0.5224743692        1.7945260732
LA        -0.9012772938        1.9672918971        0.1633455014
LA         0.6485468990       -2.1114884869       -0.7258861310
LA        -1.0325436471       -0.0783849382       -2.0575421442
LA        -0.2907620843       -1.1592526306        1.9098863801
LA        -1.9701213767        0.8713449741        0.5789990356
LA         1.9071477885       -0.3836010162       -0.9113385512
LA         0.8594785266        0.8836722592       -1.7414338366
LA        -1.0552967402       -1.4985013890       -0.9186912572
LA        -1.6338263474       -0.9131406291        0.7053746372
LA         0.9581830990        0.5778908453        1.7424991079
LA        -0.0837322383        1.8379806957        0.9168916556
LA         1.5277579418       -0.8995062835        0.8083193022
LA        -0.5603018519        1.6253967820       -0.8459728950
LA         0.5088521216        0.3823915037       -0.0205609355
LA         1.0563629175       -0.2261007393       -1.6408305827
LA         0.2026484335       -0.9348234112       -1.6452589846
LA        -0.2461692406       -1.5531922326        0.4096896394
LA         1.4952858046        0.5761993810        0.2611090732
LA         0.8641142352        1.3395355957       -0.2389591411
LA        -0.0981936961        0.9346396379        1.5880220414
LA         1.2000127391        0.4423533311       -0.8014517735
LA         1.0301156878       -1.0939371551       -0.9280666357
LA        -0.9255376650        0.2065351472        1.5209756590
LA         0.0023500975        0.1490415565       -1.7422575721
LA        -1.4911867962       -0.0443602748       -0.5779513819
LA         0.6311418821        1.0197205982        0.7977237772
LA         0.8052429351       -1.4046604193        0.1064610435
LA         0.4506868841       -1.0444655413        1.1001825722
LA         0.1064756314       -0.1592948225        1.6606058461
LA        -0.9194313935        1.0811648695        0.8476860007
LA        -0.8503581857        0.5979629644       -1.2053177447
LA        -1.2031740150        0.9557114508       -0.2103731129
LA         1.1831985584       -0.4143179678       -0.1046839190
LA         0.1663668991        0.8156346078       -0.9103656762
LA         0.8346504059       -0.0603089072        0.8715230991
LA        -0.1801800256        1.1670394490        0.0673916577
LA        -0.0237779868       -1.2552400953       -0.6223485878
LA         0.3613466725       -0.2653833967       -0.8234526626
LA        -0.6524502581       -0.4946124481       -1.1204978973
LA        -0.5928134526       -0.6802323348        0.9743528598
LA        -0.1977043689        0.2965474864        0.7399177228
LA        -1.2217722266        0.0807097481        0.4757782424
LA        -0.8782997864       -0.8063315469       -0.0848723367
LA         0.1385403257       -0.5734906605        0.1922634273
LA        -0.4787848066        0.1737520137       -0.2971119113
          98
Energy of minimum      5=    -542.7163149     first found at step     2720 after               404379 function calls
LA         1.5868625335        0.2534666179       -2.5044925702
LA         2.4321324211        1.0074823194        0.5572536632
LA         0.9327338453        2.4984897101       -0.2268069289
LA        -1.5488599512       -0.2865202043        2.4657141309
LA        -2.5594120485       -0.4502805550       -0.7119774154
LA         1.8179805184       -1.6163935889       -1.2722527734
LA         1.0234219525       -1.6171573739        1.8671594929
LA         0.6158399172       -0.8217542365        2.5469628189
LA         1.6893017658       -2.0550708453       -0.2450047392
LA        -0.5998232168        0.7875599692       -2.5362404780
LA        -1.8060168217        1.5864011468        1.2803718384
LA        -2.1430246213        1.5330953692        0.2109853319
LA        -1.4745960785        1.0921017864       -1.8996399340
LA         0.6399724539        1.5842029007        1.8377906854
LA         0.2932926903        0.2546188829        2.6218652948
LA        -0.9318237583        1.4728358746        1.9810549808
LA        -0.7937695834        0.5263002896        2.5670733491
LA         0.8129883461       -0.5498716701       -2.5521512725
LA         1.7260408215        0.8711893224       -1.5952027866
LA         0.9307795457       -1.4825059061       -1.9374180789
LA        -0.2774307236       -0.2810861939       -2.5690166580
LA         0.3407800312       -2.1405325393        1.1564052802
LA         0.6729333910       -2.3591774172        0.1039395306
LA         1.7135833676       -0.6856291552       -1.8993861638
LA         0.4962402726        0.5248199750       -2.5357251537
LA         1.3673620511       -1.8506736055        0.8177654326
LA        -0.0837304419       -1.7904048688       -1.5874053856
LA        -0.2124857106       -2.2290626666       -0.5685314144
LA        -0.8267740647       -1.0510615406       -1.9766023129
LA        -0.7463534998       -1.8747230699        1.1254691489
LA        -1.0841113413       -1.9283746438        0.0624051418
LA        -1.8241777460        1.3222154516       -0.8510565674
LA         1.6941040331        1.7654754067        0.1666463782
LA        -0.4673876634       -0.5542165990        2.5087034818
LA        -1.6787989295        0.6503521494        1.8750942116
LA         1.5521320977        1.3094110360        1.2078895163
LA         0.7953484963        2.0619586986        0.8121351534
LA         2.0989448212        0.9477327701       -0.5254995014
LA         1.3420661973        1.7003648218       -0.9212645713
LA        -2.3528695641        0.5420224048       -0.2516027588
LA        -2.0194748373        0.3218075835       -1.3059738300
LA         1.8832984781        0.2217603379        1.1537237376
LA        -0.0973777074        2.1913826758        0.1178918944
LA         2.2170239771        0.0014475557        0.0901004472
LA         0.2392275248        1.9681147747       -0.9439906083
LA        -1.1496371162       -1.0829698249        1.7982589300
LA        -1.6961880968       -0.7514591782       -1.3469278890
LA        -1.8941015238       -0.3423418541        1.4092182629
LA        -2.2309617974       -0.3965523234        0.3505075755
LA        -1.8244654791       -1.1911831887       -0.3249947362
LA         1.2992171683       -0.5567258474        1.7205500320
LA        -1.1112961700        1.8406637149        0.4599768000
LA         1.9578060825       -0.9906658994       -0.3732448249
LA        -0.4486535913        1.4024634068       -1.6315736718
LA         0.8060350892       -1.9330667137       -0.9215620044
LA        -0.0655119886       -1.3559434476        1.8432081154
LA        -1.1577258524        0.0193397466       -1.9480151957
LA        -2.0293477140        0.5967859473        0.8159355680
LA         0.9846076836        0.5142778465        1.7926326591
LA        -0.2397277072        1.7318743027        1.1523247636
LA        -0.9621381000       -1.4987784248       -0.9621236822
LA        -1.4985845386       -1.1424862626        0.7409703318
LA         1.8592998925       -0.0644180335       -0.9943874135
LA         0.6412293826        1.1468727374       -1.6312490444
LA         1.6453425929       -0.7883250090        0.6819905530
LA        -0.7951761341        1.6381279541       -0.5940853070
LA         0.4461848368        0.4482769301        0.0484326333
LA        -0.1149357245        0.7755595814        1.7432479315
LA         0.1806172925       -0.7310014143       -1.6868055148
LA        -0.0719529452       -1.5923966440        0.3112264937
LA         0.9476912678        0.0634770298       -1.6430434727
LA         1.4220221215        0.7221698623        0.2987606888
LA         0.6843103258        1.4557378650       -0.0870001253
LA        -0.8629900731       -0.0343839879        1.6334947072
LA         0.5494437500        1.0116380008        0.9221174934
LA        -1.5275196254       -0.1422155787       -0.4505214322
LA         1.0783635055        0.6617445644       -0.7548131020
LA         0.2089472748       -0.2977778608        1.6802651345
LA         1.0634993124       -0.8649801318       -1.0354747432
LA        -0.9918661260        0.8962082953        1.0522274113
LA        -0.1360517863        0.3276697985       -1.6625423057
LA         0.6088873634       -1.0809769427        1.0143756066
LA         0.9373187431       -1.2975322047       -0.0287651939
LA        -1.3258718734        0.8431634088        0.0024636151
LA        -0.9960852077        0.6250665129       -1.0396567230
LA         0.8727308063       -0.0429211985        0.8691821217
LA        -0.3156351805        1.1389055887        0.2477033428
LA         1.1949274777       -0.2555085838       -0.1558556765
LA         0.0086183055        0.9241894187       -0.7761403380
LA         0.0536458698       -1.1728968264       -0.6933777014
LA         0.3161569400       -0.1321019875       -0.8068893332
LA        -0.6817755952       -0.4413662826       -1.0779103352
LA        -0.4735644648       -0.8217415691        0.9807206495
LA        -0.1979855303        0.2130895784        0.8326946545
LA        -1.2081365612       -0.0910151458        0.5964240982
LA        -0.8085868622       -0.8757160302       -0.0704682815
LA         0.1925534107       -0.5590624106        0.1794201838
LA        -0.5290763708        0.1590955643       -0.1980613479
