          38
Energy of minimum      1=    -173.9284266     first found at step      105 after                15915 function calls
LA        -1.3393216570       -0.9533680591       -0.5984559137
LA         0.8819616999       -0.2437307746        1.4911678753
LA        -1.5576299032        0.7638308609        0.2262581896
LA        -0.8819611349        0.2437311765       -1.4911676782
LA        -0.4496858025        1.1177876894        1.2685320828
LA         1.3393216017        0.9533678344        0.5984555564
LA         0.9590837568        0.7307518291       -1.2676755732
LA         0.4496858848       -1.1177879107       -1.2685320517
LA        -0.0421362411        1.6692756344       -0.5220955843
LA         1.5576293814       -0.7638309747       -0.2262586253
LA         0.0421360718       -1.6692754748        0.5220960005
LA        -0.9590834133       -0.7307515350        1.2676756156
LA         0.0954969982       -1.0230361064        1.4160221998
LA        -1.0124447285       -1.3769919896        0.3737502401
LA         0.6100332230        0.8240798024        1.4176011960
LA         1.0124445785        1.3769921916       -0.3737501925
LA         1.6112508466       -0.1144424512        0.6720228102
LA        -0.0954965509        1.0230363682       -1.4160217071
LA        -1.6112508565        0.1144422778       -0.6720232888
LA         1.2323375052       -0.3422616586       -1.1937507834
LA        -0.6100329450       -0.8240795055       -1.4176012870
LA         0.7749785418       -1.5393579031       -0.3010403522
LA        -0.7749788791        1.5393576494        0.3010406109
LA        -1.2323375934        0.3422616992        1.1937503705
LA         0.8239035589       -0.8886777543        0.5932643025
LA        -0.2813597284       -1.2417781094       -0.4464879284
LA        -0.8239035687        0.8886777316       -0.5932640340
LA        -0.1748937547        0.0475756459        1.3370400863
LA         0.1748940658       -0.0475755748       -1.3370399395
LA        -1.2801570067       -0.3055246950        0.2972878231
LA         0.2813595534        1.2417779061        0.4464878791
LA         1.2801567313        0.3055246429       -0.2972880827
LA        -0.2272276661       -0.5947480969        0.4435213531
LA        -0.5504537096       -0.1758544501       -0.5178272633
LA         0.4974304194       -0.4662819517       -0.3704222914
LA        -0.4974306459        0.4662817579        0.3704223025
LA         0.5504536982        0.1758542659        0.5178272871
LA         0.2272276688        0.5947480120       -0.4435212044
