50.000000000000000     50.000000000000000     50.000000000000000
50.409053796788129     49.500830022544747     50.436954030028339
49.688168134630693     50.301443388458445     50.399628303046292
50.269478038551370     49.840475032185921     51.111273557838736
49.680598269565834     50.921367818926569     50.612718118330548
50.374560298240816     48.848280897555490     50.685363816361374
50.262332169850033     49.864278111706433     51.725022459797820
49.778355169394821     49.521913188786137     51.380663055871771
49.621681341218363     49.666334294909731     51.983929640828819
49.680203288079881     51.076102733711558     49.927635509461950
50.360764678153856     51.263738104957213     49.564111867559959
49.172599883758359     51.320626220002637     50.868496346112281
49.881630929067960     50.114258203815709     51.303788767460510
49.152356201764988     50.097464021935664     52.026969087410883
50.424932969564082     50.263664290339293     51.347636501540308
50.073201294365830     49.200822994076958     51.922793761875404
49.344335287663846     50.252084994032224     51.091496800821915
48.752033519816699     49.858121132232021     52.503018205117577
49.307477310862140     48.957068427041499     51.128616949941559
49.313529731637871     51.509897277648200     51.423212563654623
49.616019413906123     51.678519646577840     52.036689744824386
49.277079705851165     49.994338438835861     50.557302820269797
50.849361140075878     50.913316978771888     51.507049638473710
48.939906295623935     49.965893396371058     51.580343893527555
49.465585484101922     49.641366073681780     52.778443955092371
51.180415001261650     50.966794615511610     52.101445428710967
48.675696867853986     51.555262599430627     51.720502081839911
50.319915787275526     50.364835033263631     50.178471656188194
50.864085487876601     50.143144873683610     52.142037901697819
49.441098068106967     51.779475658721012     52.565616002908371
48.186785629186623     51.406496142680936     52.166015940126421
47.825154150852192     51.145878981682344     52.675564791866016
48.997630928049738     51.667487266041533     52.184096831176106
49.273050372387488     49.111095431111707     51.856621421844366
50.371409606809912     48.727723442157199     51.914464944673377
49.418317632056713     49.649330752688691     50.904328405492201
51.303193585317587     50.342553678484649     51.519351746966137
50.718704809614394     48.491250693086776     51.017094635392660
