          38
Energy of minimum      1=    -173.9284266     first found at step      221 after                34238 function calls
LA        -0.9186909454        0.1486977758       -1.4814647796
LA         0.1034647167        1.2897520009       -1.1775724690
LA        -1.2279564593       -0.7850950131       -0.9677760928
LA         0.9186906994       -0.1486981598        1.4814647942
LA        -0.1034642618       -1.2897514946        1.1775727520
LA         0.8213340241        1.5025717313       -0.3585110541
LA        -0.8213336556       -1.5025716375        0.3585114590
LA         1.3146196563       -1.1495695340       -0.1053818212
LA         1.5789489719        0.7493785446       -0.0786965434
LA        -0.1466905529       -0.3247703360        1.7128476966
LA         0.9619169707       -1.1136793100        0.9461898037
LA         0.4703410160        1.5382875903        0.6879615056
LA        -1.5789487912       -0.7493787860        0.0786966803
LA        -0.9079972768        0.4320924317        1.4316693528
LA         1.2279562710        0.7850947540        0.9677762599
LA         0.9079967934       -0.4320921577       -1.4316697015
LA        -0.6002311636        1.3613574770        0.9204716692
LA        -1.6223858901        0.2203042922        0.6165795455
LA        -0.4703410877       -1.5382876788       -0.6879613035
LA        -1.3146196305        1.1495693278        0.1053817376
LA         1.6223856030       -0.2203045488       -0.6165797995
LA         0.1466901283        0.3247708225       -1.7128475549
LA         0.6002311214       -1.3613574090       -0.9204717305
LA        -0.9619166070        1.1136791559       -0.9461899944
LA        -0.1596978421       -0.6047765117       -1.1955205822
LA         0.8599851881        0.5335173194       -0.8923633576
LA         0.2459414302       -1.3205183247        0.1275596259
LA        -0.2459413935        1.3205183815       -0.1275595614
LA         1.2656242690       -0.1822245488        0.4307166757
LA         0.1596976486        0.6047764625        1.1955205169
LA        -1.2656242009        0.1822244512       -0.4307167261
LA        -0.8599850005       -0.5335171626        0.8923633248
LA         0.5507840436       -0.3919497196       -0.3808949312
LA        -0.2020202242        0.3564605562       -0.6589330335
LA         0.5078322343        0.5669039513        0.1509811927
LA        -0.5078321296       -0.5669039859       -0.1509812979
LA         0.2020203820       -0.3564605484        0.6589329535
LA        -0.5507840555        0.3919498408        0.3808947886
