          38
Energy of minimum      1=    -173.9284266     first found at step       32 after                 5579 function calls
LA        -0.3709157576        0.1861571675        1.6995906992
LA        -1.1899085987        0.7244622818       -1.0583539349
LA         0.6641325661        1.2132861879       -1.0713104809
LA         1.7061752815       -0.2121455781       -0.3237300644
LA        -1.7061751458        0.2121459323        0.3237300977
LA        -0.6641326705       -1.2132862768        1.0713102829
LA         1.1899085615       -0.7244622741        1.0583537249
LA         0.3709159052       -0.1861574001       -1.6995906033
LA        -1.0161927012       -1.1692693514       -0.8130202915
LA        -1.2397854656       -0.2799816164        1.2022411817
LA         0.2047369356       -0.7471475783        1.5686601720
LA         1.2397855808        0.2799816169       -1.2022410470
LA         0.0357977946        1.1466942822        1.3208524565
LA         0.5520641985        1.6590106046       -0.0612308665
LA         0.4283304722       -1.6364353847       -0.4466009216
LA        -0.2047369753        0.7471472744       -1.5686603014
LA        -0.4283303990        1.6364354050        0.4466011400
LA        -0.0357979693       -1.1466945001       -1.3208522327
LA        -0.5520644204       -1.6590106538        0.0612307860
LA         1.0161923904        1.1692693492        0.8130203945
LA        -1.5946503325       -0.2314171843       -0.6814518342
LA         1.3014338125       -1.1680252073        0.0531718533
LA        -1.3014335470        1.1680254957       -0.0531720240
LA         1.5946502833        0.2314173543        0.6814518502
LA         1.1242774167        0.7205500979       -0.1932237085
LA         0.6092594752        0.2094724879        1.1855174271
LA         0.8317698476       -0.6755087112       -0.8199843200
LA        -0.3167518722        1.1865860749       -0.5587568139
LA         0.3167519220       -1.1865861288        0.5587567304
LA        -0.6092594477       -0.2094726587       -1.1855173267
LA        -0.8317698099        0.6755086474        0.8199843407
LA        -1.1242774414       -0.7205497902        0.1932236920
LA        -0.7176751186        0.2320997909       -0.1820463081
LA         0.2564942249        0.2545316404       -0.6866537893
LA         0.1456774186        0.6952784146        0.3121452946
LA        -0.1456774289       -0.6952784366       -0.3121453092
LA         0.7176751438       -0.2320997076        0.1820462162
LA        -0.2564941293       -0.2545316675        0.6866538381
