          98
Energy of minimum      1=    -543.6653608     first found at step      738 after               139627 function calls
LA         1.5632012344       -0.4121495909        2.0379527825
LA         2.3482621441       -1.0184179647        0.4639040075
LA        -0.2506253345        1.1509590692       -2.3193094231
LA        -2.0004203643       -1.5138488124        0.6879653626
LA        -1.2131873697       -2.1217947496       -0.8904376869
LA         2.1270676360        1.4884386793       -0.1638575164
LA         0.2556765649        2.5797787994       -0.2146778408
LA        -0.8591014294       -0.9283030937       -2.2730846238
LA        -0.1981384377       -0.8767928878        2.4410430914
LA        -1.5008032932        2.1164177160        0.1873005983
LA         1.3741553123       -2.0910070145       -0.7114086811
LA        -1.8558681688        0.9196239217        1.5737726692
LA        -2.4313952594        0.2859116555        0.8793676895
LA        -2.0763301548        1.4827052303       -0.5071043013
LA         1.5839369779       -1.3839110857       -1.5305714188
LA        -1.2912692670        0.8764365009       -2.0811532912
LA        -0.4534737247        0.1894929764        2.5544409980
LA         1.3078655198        0.6541361948        2.1513505151
LA         2.5580433247       -0.3113216854       -0.3552586901
LA         0.1815426430       -0.6537805198       -2.5112403947
LA         0.7207932598        2.2205890567       -1.1472388521
LA         1.6619508863        1.8476282708        0.7687033744
LA        -0.3823249916       -2.5543679108       -0.3094308155
LA        -1.1695580123       -1.9464219627        1.2689722661
LA         0.7482360221       -1.1599712452        1.9323825152
LA         0.5410911796        0.3722722097       -2.2821317738
LA        -1.5295130647       -0.1739548284       -1.8082649076
LA         0.2401863153        0.9616534213        2.1580140454
LA        -1.8877402919       -1.3814059239       -0.4094462133
LA         1.5424793572       -1.7733307547        0.3399232395
LA        -1.1786110533        1.7003240222        1.1658753797
LA         1.5238718069        1.4544130001       -1.0963525815
LA         0.5984131537        2.1691048440        0.7591952458
LA        -2.3237563492        0.4394050706       -0.2158054079
LA         1.9598884608       -0.3663980728       -1.2899926413
LA        -0.2345455439       -2.2421115072        0.7466029596
LA         1.9821390227        0.9095296170        1.2927106025
LA        -1.3375144628        1.7002120993       -1.3219508521
LA        -1.1950266639       -1.0674561878        1.9646037308
LA         0.3396578187       -2.2526264333       -1.1124413009
LA         0.5504022327       -1.5422856130       -1.9353633750
LA         2.4493904676        0.5486917123        0.3558702090
LA        -0.2920950266        1.9759945712       -1.5612000041
LA        -1.4515337619        0.0037228389        2.0785221438
LA        -2.0297020886       -0.6328976636        1.3809305824
LA        -0.4950174563       -1.8180681177       -1.6961146185
LA        -0.7593463172        2.3368329171       -0.6243593665
LA         2.2386465542       -0.1616495225        1.1787923401
LA        -1.8507464308       -0.3597539400       -0.7844999722
LA        -0.1096105455        1.5574103438        1.3162761703
LA         1.2975033739        0.4707570687       -1.5049908005
LA         0.6628536835       -1.6684137735        0.9732147099
LA         0.5000513540       -1.9507723521       -0.0636392281
LA        -1.5888979410        0.6618265672       -1.0473793389
LA        -0.7736676515        0.7815541795        1.6882608471
LA         0.9221456849       -0.5280490662       -1.7118484329
LA         1.8625141476        0.5073915583       -0.5772420058
LA        -1.9316656959       -0.4935166112        0.2910728373
LA        -0.2599160331       -1.3638825330        1.4600966106
LA        -0.4309002436        1.9368977641        0.3498086204
LA         0.9266684791        1.2301047397        1.2991310925
LA        -1.1716981529       -1.0804067511       -1.2326633814
LA         0.5049455677        1.2141843246       -1.5265649181
LA         1.4404206226       -0.9153322290        1.0709674107
LA        -0.4912772746        0.0985700351       -2.0330578991
LA         0.4912775096       -0.0985703402        2.0330577439
LA         1.7407886958       -1.0635135481       -0.4722148140
LA         1.0548434017        1.8010042294       -0.1675780308
LA        -1.7407885756        1.0635137624        0.4722151896
LA        -1.0548439136       -1.8010039665        0.1675777019
LA        -0.1231889846       -0.8039367444       -1.4649847255
LA        -1.0917742918       -0.9225343661        0.8744308888
LA        -0.3323655113       -1.5089929233       -0.6481849353
LA         0.7052766112       -1.2352620467       -0.8856536586
LA        -1.3463731391        0.1406754838        0.9875018657
LA        -0.5179073109       -0.2906501036        1.5668325844
LA         0.0337843179        1.5689003854       -0.5874355451
LA         1.1811789122        0.1575706431        1.1779891860
LA        -0.5400822582        0.9370157018       -1.2798371617
LA        -1.0038575489        1.2951694971       -0.3499664050
LA         1.6449541772       -0.2005828856        0.2481186991
LA         1.3903550002        0.8626270920        0.3611892601
LA         0.3985419465       -0.5873261085        1.0644519324
LA         0.8141775556        0.8136297181       -0.5585396293
LA         0.8551036966       -0.9399089370        0.1490446200
LA         0.3492120734        1.1727025032        0.3737174392
LA         1.0648166948       -0.2330431510       -0.6698514981
LA        -0.9969909500       -0.7769498765       -0.1979978681
LA        -0.7910680548       -0.0828600813       -1.0020932715
LA         0.2492369317        0.1915732801       -1.2401716609
LA        -0.6722904264        0.9032291120        0.6074929618
LA         0.1432894621        0.4786124918        1.1778128635
LA        -1.2476299021        0.2697229756       -0.0866857187
LA        -0.1663990660       -1.2093822480        0.3828198614
LA         0.0357179133       -0.5075002592       -0.4289237381
LA         0.6030871398        0.1172300420        0.2556383506
LA        -0.4228064871       -0.1534017208        0.4904186739
LA        -0.2159985706        0.5436718177       -0.3171332540
