50.000000000000000     50.000000000000000     50.000000000000000
49.607027063709573     50.352060273154514     50.458607874310296
50.381903866630793     50.079050708641525     50.694642515983929
49.519156074607103     50.907945575696992     49.886279339388352
49.705832470140045     49.725087269651112     50.611369726427505
50.468635162882897     50.132232768395298     49.817349575938778
48.983902552585832     51.002401362432941     49.844476807132622
49.490308622196231     49.280369849520490     51.038679156044253
49.625434095863433     48.679729485354599     51.098243986730338
49.334070053721668     49.214465050409338     50.388977369847225
48.568013789609402     51.346775701089101     49.616329288977710
50.132764169677088     49.352907967727354     50.690227630235384
51.083468632489307     50.058171861176071     50.365861131638553
49.686800596010912     49.957184931444189     51.264708418333491
50.037611845177615     49.205064658336354     50.170442443539741
50.328239141723728     49.575814713251816     49.943677452583401
49.985168172500174     48.328431569706787     50.652100532096682
49.966713357130757     50.667488267026712     50.612039736549342
48.918538795517890     51.309148639994987     50.294599552236470
50.862800231609050     50.695056630253340     49.500596150742830
50.870374464649281     49.444056536091395     49.665067751499933
50.515965746211336     50.377334465441336     51.157765979350771
50.298403606404236     48.169609405462168     50.254595882291419
48.825378616219936     49.537181152666307     50.198130496650528
49.919417381303489     50.599700310406753     51.111825529061889
51.289524488668647     49.863285499525212     51.073009110647867
50.641896895225180     48.984559195121307     49.698088922535334
51.050744780435309     50.687490489647047     51.009245892103678
50.219906488835612     48.597508645828867     51.467124556710381
49.336190709578489     48.233965040517255     51.511901520786935
48.615760935379370     49.938415355033200     50.627268562161063
51.798402153486826     49.628608936771414     50.752815386257424
48.039787920967271     51.263937804776297     49.298906756431009
48.837302900436789     50.497898083689584     50.567232120665317
48.113468068592333     50.576733885957964     49.196461039580015
48.770336000315083     49.601770123214820     51.010547502572734
50.295760286410001     50.434005637213630     49.160568061993089
50.160719153230751     50.196012272446190     51.589691516417105
