          98
Energy of minimum      1=    -543.6653608     first found at step    60445 after              8280035 function calls
LA         1.1882411528        2.2041819417       -0.7045433421
LA         0.4257448974       -2.0216669628       -1.5806074305
LA        -0.5393306526        0.1873222531       -2.5378629522
LA        -1.9742934835        0.6052157494        1.5819592672
LA         2.1840975090       -0.8341650516       -1.1404395836
LA         1.6973357275       -1.4544742006        1.3305159416
LA        -2.0039365075       -1.3140529595       -1.0120371754
LA        -0.6355494997        2.2506157426        1.1390880451
LA         0.1410308887       -0.5516456296        2.5382105674
LA        -1.2990352355        1.8187977585       -1.3308635770
LA         2.3017853911        0.9881306067        0.7014967584
LA        -1.0962241077        0.8006890262        2.2189876371
LA        -1.5136187476        2.0551424907        0.5020594784
LA         0.6979227119       -1.1650138323       -2.2186398535
LA        -0.2938335008        1.8742471052       -1.7797684422
LA         1.9119195680       -1.6908182027       -0.5024072355
LA        -2.2191133185       -1.0770549039        0.8259566266
LA        -1.4860898007       -1.8782593011        1.0150832480
LA        -1.2709130839       -2.1152573598       -0.8229106538
LA        -0.0040156530       -1.5483235773        2.0903096315
LA        -1.5445323034        0.1318729550       -2.0889579018
LA         2.4289175909        0.8481056015       -0.3844366129
LA         1.8423820729       -0.4577961706        1.7784168570
LA         1.0611082951        2.3442070880        0.3813899194
LA        -2.0358418526        1.0773595537        0.5780456852
LA         0.8914986780       -2.1240855323       -0.5770468430
LA         0.1813352312        0.9485793990       -2.1695176134
LA         0.9630085211        0.0981470672        2.1685187312
LA         1.6807443285        1.2823732034       -1.0817159177
LA         1.4330602540       -0.4195738720       -1.8465610789
LA        -2.2835253158       -0.6245874983       -0.1867993195
LA        -1.8187482991        0.8382504504       -1.2763160286
LA        -0.2887175944        1.4662994152        1.8455622882
LA        -0.8250040927       -2.2187710087        0.1895123286
LA         1.4277848166        1.5609856396        1.0790022496
LA         0.6744048674       -1.8849762976        1.2773146046
LA        -0.0354764473        2.5242761574        0.2323600896
LA        -1.0792576934       -1.3035598165        1.8876319176
LA         2.3831827652       -0.1193502744        0.8563963758
LA        -1.3961645145       -0.9606989256       -1.8854711499
LA        -0.6597769937       -1.7655800994       -1.6954766235
LA        -0.3863500259       -0.9049953057       -2.3364366375
LA        -0.9175751373        2.3279055543       -0.4075919049
LA         2.5108982451       -0.2600177644       -0.2345204788
LA        -0.9335457230       -0.3023081373        2.3375887442
LA         2.2374709771       -1.1206022194        0.4064399403
LA         0.0922398330        2.3836089490       -0.8585567284
LA        -1.8156449883       -0.4986784696        1.6976371893
LA         0.2388459758       -2.0076853475        0.2868410772
LA        -1.9787624312        0.4161908436       -0.2853225145
LA         1.0622639619        0.5839394601       -1.6433911215
LA         0.6776524641        1.0075548753        1.6418725340
LA        -1.4450370451        1.3611303029       -0.3446827058
LA         0.3404995114       -0.1558021533       -1.9797474349
LA        -0.2071409122       -1.8794445290       -0.6959850215
LA        -0.1230231681        0.3547267535        1.9795576577
LA         1.7752009509        0.1635873292       -0.9388898601
LA         1.5194029820        0.4453262945        1.2460791592
LA         1.2275607253       -1.5600551929        0.3448725004
LA        -0.4148652499       -1.6506546324        1.0783509794
LA         0.3216960891        1.7544359108        0.9370598072
LA        -1.8897563441       -0.0385787520        0.6978152467
LA         0.5774943512        1.4726969672       -1.2479093148
LA        -1.6820318513       -0.2673686767       -1.0765206918
LA         1.1553801141       -1.2642799819       -1.2046105751
LA        -0.8138465937        0.8881115605       -1.7126894202
LA        -1.1553803384        1.2642797786        1.2046106161
LA         0.8138468658       -0.8881114013        1.7126894355
LA        -1.5450384106       -1.4132399911        0.0013484871
LA         1.5450383188        1.4132401740       -0.0013487029
LA        -0.5577404778        1.5527892857        0.2923039159
LA        -1.1467604378       -0.8396936693        0.8874261029
LA        -0.4309749900        1.4131685737       -0.7904969749
LA         1.4967600186       -0.6938719141       -0.2931233867
LA        -0.6677956027       -0.2141333195       -1.5217970216
LA         1.6413877189        0.2999309823        0.1534858752
LA         0.0631131783       -1.0130266794       -1.3332157252
LA        -1.0021328491        0.1541091395        1.3340354144
LA         1.3699946525       -0.5542512434        0.7896774336
LA        -0.2712238725       -0.6447840780        1.5226166321
LA         0.4445615479        1.6080781762       -0.1553064203
LA        -0.9391887035       -1.0683154472       -0.8856053752
LA         0.3762974548       -0.9879268806        0.7205870167
LA         0.7731805941       -0.2690017433       -0.9831962219
LA        -1.0760276758        0.5994839736        0.3458737447
LA        -0.9512339194        0.4620349428       -0.7200852920
LA         0.7884680439        0.8493227003        0.5420462830
LA         0.0536402680        0.5174656175       -1.1688443499
LA        -1.2184057412       -0.3788613045       -0.0937889455
LA         0.9155587863        0.7093435479       -0.5435335350
LA        -0.1982441047        0.7948937730        0.9826945225
LA         0.5010911230       -1.1253760753       -0.3453718725
LA        -0.4856210770       -1.1798049298        0.0952763719
LA         0.5212963134        0.0084264643        1.1683425749
LA         0.6448026589       -0.1356205409        0.0929755965
LA        -0.3461510140       -0.1902833995        0.5355180449
LA        -0.0778307295        0.6542274806       -0.0934704765
LA        -0.2208208800       -0.3283233594       -0.5350231066
          98
Energy of minimum      2=    -543.6429572     first found at step    18327 after              2495934 function calls
LA        -1.9600751240       -1.3934619542       -1.3197227943
LA         0.8057178809        2.2732054572       -1.6095447909
LA        -0.0084960051       -0.7567748432        2.7990174576
LA         2.3053222142        0.8528372463        1.0119184588
LA        -0.7491764299        2.1510709641        1.3400542862
LA         1.9634347875        0.3858849322       -1.8774184460
LA         1.3491640579       -1.9000361437        1.4485517833
LA        -1.3726684053        1.8018298298       -1.5184144313
LA        -1.9864550032       -0.4822885447        1.8049333069
LA         2.4656346437       -0.0957891453       -0.9958300384
LA         2.1259523115       -1.3598687853        0.8433802263
LA        -2.2359349302        0.4944700757        1.3112527758
LA        -1.8965003224        1.7576266488       -0.5266160034
LA        -0.3759692837       -0.2664255680       -2.5157551225
LA        -0.9308903467       -2.3314827711        0.4888649080
LA         0.9858659798        0.5350312158       -2.4165984953
LA         0.2585268351       -2.1716570212        1.5215804647
LA        -0.7019841839        1.2505478843       -2.2351365063
LA        -1.4289753921       -1.4548454113        1.7011587384
LA        -0.9371950399       -1.8485314697       -1.4435742493
LA        -0.4279720899       -1.5888497320        2.1890747215
LA         0.3959050399        1.4770904254       -2.2718085452
LA        -0.1370382036       -1.2801956579       -2.0555660546
LA        -0.4191042584       -2.3298631443       -0.5283192523
LA         0.6974756680       -2.0733428791       -0.5939786401
LA         0.8696506712       -1.4326198717       -1.5262179741
LA         2.3141643937       -0.7324890113       -0.0760348004
LA        -2.0819049988        1.1354491145        0.3958821921
LA        -1.1802402415       -0.8400350114       -1.9361229238
LA        -1.4599547151       -1.8809506835       -0.4216097207
LA         1.3852022772        1.3308366854       -1.7448938784
LA         0.6703677142       -1.3293179756        2.1255791674
LA        -0.2832820373        2.0390245040       -1.5656265418
LA        -0.9979487844       -0.6205050329        2.3039372947
LA         2.2172831646       -0.2533817802        0.9272381317
LA         2.3869262846        0.3779215136        0.0087046359
LA        -1.4936306249        1.3240161921        1.3255816749
LA        -1.3240921980        1.9549289412        0.4076156704
LA        -1.8637795055       -0.2732336649       -1.2282869002
LA        -2.0345009896       -0.9085484677       -0.3039154713
LA        -0.2571692465        0.2157284015        2.3194358686
LA         0.2868302310        2.2401443488       -0.6260499537
LA         0.7677827841       -0.2198292266        2.2095332202
LA         1.3118203449        1.8047293293       -0.7361597920
LA         1.5386307378        0.3159405702        1.6141685437
LA         1.8114943979        1.3313643146        0.1367470383
LA        -0.2313862833        2.1994438917        0.3562268045
LA        -0.5042130066        1.1841585348        1.8334471941
LA         1.2889588525        1.2901776872        1.1247889467
LA         0.2716429010        1.7225414932        1.2340630210
LA         1.2537786808       -1.8256449780        0.3511235585
LA         1.5907518938       -0.5716490572       -1.4734163261
LA        -2.0659658191       -0.4133108663        0.7056777033
LA        -1.7297316730        0.8379348067       -1.1148611636
LA         0.6179715085       -0.4292036461       -2.0097523507
LA         0.1695399320       -2.0979765616        0.4182804957
LA         1.8975277862        0.8613651632       -0.8706184657
LA         1.4529738228       -0.7929797261        1.5364205807
LA        -0.8066647042        2.0102312761       -0.5798922902
LA        -1.2510835848        0.3563905064        1.8264140313
LA        -1.0689048328        0.2861016440       -1.8263505711
LA        -1.5165212807       -1.3796375764        0.5972691717
LA         0.5210910295        0.7569204871        1.7330581410
LA         0.7948705875        1.7757522115        0.2506780148
LA         1.4439817854       -1.2094296936       -0.5645463224
LA        -1.9197095172        0.2200571807       -0.2033059040
LA        -0.2504242593       -0.5250590542       -0.4071209559
LA         0.0363405086        0.5268771852       -1.8599323902
LA        -0.5101354841       -1.5067545349        1.0989631765
LA        -0.0707389852       -1.3958912160       -0.9724526548
LA        -1.0900643674       -0.9507188585       -0.8547465891
LA        -0.3164255464       -0.4081705368       -1.4419230386
LA        -0.5868605401       -1.4145547087        0.0223471112
LA         0.4424130861        1.3121491687       -1.1939062570
LA        -0.0914806387       -0.6746599226        1.6968624749
LA         1.0168933106        0.3795934178       -1.3329165351
LA         0.5800540009       -1.2460412762        1.0323505180
LA         1.4268345102        0.3813609310        0.5256281954
LA        -0.5774562946        1.2331391225        0.7408796471
LA        -0.6367635504        1.0819309269       -1.1547967338
LA        -1.0734017935       -0.5429555982        1.2093820213
LA         1.5124508106       -0.0908302766       -0.4672553265
LA         1.3446995785       -0.7150923478        0.4410337446
LA        -1.3187607743        0.4175729972        0.7269157934
LA        -1.1511762959        1.0412143310       -0.1804705292
LA         0.4884762109       -1.1683402368       -0.0406600755
LA         0.6532744164       -0.5550677291       -0.9329597464
LA        -0.9826707535        0.1411312890       -0.7554178722
LA        -1.1471772105       -0.4710555303        0.1353025593
LA         0.0900289053        0.3812933943       -0.7977779255
LA        -0.1739123367       -0.6009262118        0.6313328773
LA         0.9441667008        0.8562612129       -0.3350760724
LA         0.6749560235       -0.1455680446        1.1225659674
LA        -0.0672870411        1.2859557969       -0.2263949166
LA        -0.3364587405        0.2842717763        1.2310359719
LA         0.4293558135        0.8164572097        0.6404439020
LA         0.5783934710       -0.0778595988        0.0533104112
LA        -0.4142648721        0.3437393475        0.1597397388
          98
Energy of minimum      3=    -543.5467256     first found at step    22923 after              3128976 function calls
LA        -1.3715290715        1.7132644132        1.5962790560
LA         0.1086386176        0.4030352256        2.6814610924
LA         2.1757035089        1.3700151448       -1.3134883863
LA         1.5948939882       -1.9029321265       -1.0067212787
LA        -0.5948526102        0.0354080336       -2.6121298801
LA        -0.2839126264       -2.4676206441        1.1922691967
LA        -2.6746313279       -0.3513819261       -0.5604826291
LA         0.2324183154        2.4516245606       -1.1410991626
LA         2.6229816334        0.3355234564        0.6115373125
LA        -2.3087736261        0.4532215016       -1.2528505595
LA         0.8177941835       -2.3143821826        1.0393873488
LA         2.4252699751       -0.7641747890        0.7176754589
LA        -0.7007701782        2.0029614144       -1.5741728293
LA        -1.9781286585       -1.8861755335        0.4207972508
LA        -1.7611723885       -0.5232348623        1.7704608599
LA         0.8594665150        2.0034180212        1.2465944696
LA        -2.4913162161       -0.8855609807        0.4139562865
LA        -1.2815828309       -1.9564039985        1.3008703847
LA         2.1598323741        1.3618670490        0.6127205262
LA         0.9504419053        2.4324062104       -0.2739412602
LA         1.9216404289        1.8771706987       -0.3546205767
LA        -0.9848115061       -2.4106278591        0.3234591804
LA        -2.1792570772       -1.3533175617       -0.5522463068
LA        -0.5906454487       -2.2088222461       -0.7004674242
LA        -1.3239580429       -1.5597016463       -1.2380940525
LA         1.6346482596       -1.5516264258        0.8842927416
LA        -1.5160153780        1.2373062934       -1.4256097989
LA        -0.6356941205        1.0656383658        2.1537070026
LA         1.2055468467        1.9123671197       -1.2280976698
LA         2.4012363757        0.8539557040       -0.3514807318
LA        -1.5803992994        0.6022713030        1.7004976280
LA        -0.8334956329       -0.0588800570        2.2480885668
LA         0.4874787346        1.2147213617        1.9840713476
LA        -0.2594519433        1.8758965441        1.4364608467
LA        -1.4523207779        0.2453767111       -1.9341483552
LA         1.2081316160       -2.1096268291        0.0163574046
LA         2.0111710848       -1.3351120197       -0.1443231258
LA        -0.6489755776        1.0196208277       -2.0946037855
LA         0.1666106307       -0.5927355515        2.1517687420
LA        -1.7884034766        1.1378227837        0.7184534141
LA        -0.9797256497        1.9173788147        0.5568595804
LA         0.9751590930        0.1869351451        1.9900793763
LA         0.5029763206       -2.0595519316       -0.8547286221
LA        -0.9613736878       -0.7633251530       -1.9283141972
LA         1.2545025702        0.9275316527       -1.7541505266
LA         1.9891563836        0.2772240351       -1.2155408837
LA         0.3314147750        0.4832875052       -2.1867883961
LA         1.7959362683       -0.8130910808       -1.1130776536
LA         0.8665798944       -1.2594396045       -1.5479064365
LA         0.1371066884       -0.6137180324       -2.0827182209
LA         0.2165012397       -1.5636550068        1.5831866705
LA        -2.1628725462        0.5425413598       -0.1612473828
LA        -0.5695703891        2.0784635559       -0.4796287131
LA         1.8095459677       -0.0275053486        1.2646153481
LA         0.1144119293       -2.2733791374        0.1684234871
LA        -1.8245778323       -0.5570062934       -1.2531435467
LA         2.2190248272       -0.2434357990       -0.2525417176
LA         0.2808103329        1.4722506438       -1.6735390343
LA        -1.9800897420        0.0174201671        0.8089554057
LA        -0.7716579090       -1.0522708703        1.6949151688
LA         0.1385495189        2.0598785036        0.3854748781
LA         1.3468073920        0.9903413724        1.2713061653
LA        -0.2280107213       -1.4186090056       -1.4017991543
LA         1.0689907540       -0.1679772217       -1.6608962168
LA         1.0282902603       -0.8087469088        1.4364893690
LA        -1.3821050575        1.3249095099       -0.3306874443
LA        -0.1852726782        0.2721347595        0.5812789822
LA        -1.4693263833       -0.9918513810        0.8065900467
LA         1.1176539820        1.5025340870        0.2896728311
LA        -1.1664167389       -1.4487077558       -0.1581719657
LA        -0.0400956057        0.3356895813        1.6129766963
LA        -0.7684730842        0.9804416851        1.0789682042
LA         1.3632899699        0.9915608261       -0.6623100414
LA        -0.9572451230       -0.1106103649        1.1721147069
LA         0.3213663404        1.1222590333        0.9166574538
LA        -0.4781893556       -1.5103209369        0.7053818557
LA        -1.6637477322       -0.4608773681       -0.1638083330
LA         0.9834548693       -1.1557289706       -0.4619316045
LA        -0.4536688261        0.1163972101       -1.5155559576
LA         0.4045880440        1.5330304411       -0.5769714893
LA         1.5897672062        0.4839226468        0.2919399373
LA         0.6043184308       -1.3628716821        0.5530788993
LA        -1.3053268824        0.3275256404       -0.8469739727
LA        -0.5112233511        1.0928508750       -1.0056296335
LA         1.3981397962       -0.5972965305        0.3942156535
LA         0.0140417300       -0.6270588633        1.0804922764
LA        -1.1589264159        0.4112400290        0.2205328335
LA        -0.3792694909        1.1628400123        0.0647549651
LA         0.7935779149        0.1246479377        0.9246255158
LA        -0.6715597185       -0.5763347734        0.2201388926
LA        -0.8158189167       -0.6720562352       -0.8467780682
LA        -0.0905178607       -1.3140849318       -0.3150249217
LA         0.5794854001        0.6301156153       -0.0296172956
LA         0.4595632841        0.5576123984       -1.1013962614
LA         1.1846745670       -0.0842482107       -0.5697825372
LA         0.2681938432       -0.5252876702       -1.0000336948
LA        -0.3193255179        0.1968920844       -0.4538199925
LA         0.3927004445       -0.4333855638        0.0682004124
          98
Energy of minimum      4=    -543.4923253     first found at step    17426 after              2362982 function calls
LA        -0.9225295507       -1.3974392758        2.1324774834
LA        -2.4243747896       -0.0096112722        1.1818646911
LA         1.5534305440        2.2880535163        0.9263857952
LA        -0.0391793413       -1.6953228625       -2.3729454660
LA         0.3446775216        1.6100999602       -2.1102973484
LA         1.8141747811        0.3661254606        2.0285519166
LA         0.6135101934       -2.6369307740       -0.4588041679
LA         2.1519554026       -0.5538330692        1.4804688270
LA         1.4879627544       -2.2145859763        0.1049090229
LA        -0.6114599800        2.6075973683        0.4929537337
LA        -1.8120248375       -0.3952103577       -1.9941974938
LA        -1.6844896920        0.7161531295       -1.9020758803
LA        -1.0205033189        2.3768918298       -0.5265260509
LA        -0.6327389019        0.8555045627        2.2889968307
LA        -1.7150491414       -1.8515303811        0.0468247934
LA         0.9388991489        1.0371105996        2.2561682139
LA        -0.4825063026       -2.5180543265       -0.6884864165
LA        -0.2882296621        2.1709770174        1.4792865341
LA        -1.7095356923       -1.3839398337       -1.4651632324
LA        -0.8118457056       -2.0321260134       -1.6443079516
LA         0.7990510429        1.9969879162        1.6929072575
LA         2.3618053282       -0.4997659830        0.3857653532
LA         2.0308294260       -1.3275903320       -0.2999007746
LA         1.8340182040       -1.3952337927        0.7992124595
LA         1.7053262518       -0.8639685287       -1.2649511352
LA         2.2381032910        0.4685942632       -0.1612230398
LA         1.8327309103        0.2418593052       -1.1766755854
LA        -1.3623838919        1.5589646519       -1.2245500048
LA        -1.6852044627       -0.7083565850        1.6686765607
LA         1.6848712208        1.3288320537        1.4787787232
LA         0.2868239886       -2.1679107860       -1.4174858386
LA         0.4716629134        2.4498749796        0.7107096619
LA        -0.9263028048       -1.0466643534       -2.1853872589
LA        -0.7867150659       -0.2747286514        2.2319551864
LA        -1.3322813109       -1.6392786034        1.1017313803
LA        -1.5445917806        0.4256033167        1.7522343223
LA        -2.0901498252       -0.9389262127        0.6220268784
LA        -0.6704713157        1.1647820815       -2.0071678301
LA        -0.3387451788        1.9944833734       -1.3199465379
LA         0.1070552213       -0.9465282519        2.0219744236
LA        -0.2269476915       -1.7819246863        1.3300361204
LA        -1.8765037180        0.8863585265        0.7664079492
LA        -2.2104536773        0.0510955828        0.0745794966
LA         0.8350172556       -1.2814545535       -1.8218618831
LA         1.8992030448        1.3802476610        0.3827592475
LA         0.0891127544       -0.5927379450       -2.2938576564
LA         1.1534929992        2.0694503646       -0.0888332477
LA         0.2166785234        0.5085630217       -2.2063882277
LA         0.7505037160        1.8437473473       -1.1004881104
LA         1.0904581730        0.9271785569       -1.6457806936
LA         0.4625507578       -2.1243460896        0.5077674636
LA         1.1205030435       -0.4787009112        1.8708144003
LA        -1.2937440987        1.7520731287        0.3428911489
LA        -1.9516887785        0.1064473285       -1.0201411617
LA         2.0359234682        0.4180503015        0.9363182204
LA         1.1662567056       -1.7571274102       -0.8653266771
LA         0.0692670212        2.2352189588       -0.3088222465
LA        -0.8002055573        0.0605263308       -2.1100664148
LA         0.2478032586        0.1824316093        2.0987278340
LA        -0.6271743787       -2.0060297955        0.2860792786
LA        -0.9782717926        1.3153307372        1.3226882862
LA        -1.8532159259       -0.8730463627       -0.4898917041
LA         0.9668903575       -0.1769706348       -1.7463645448
LA         1.5026917348        1.1631567677       -0.6363704802
LA         0.8059573772       -1.3165135363        1.2004231910
LA        -1.6394363912        0.9434770844       -0.3477184863
LA        -0.4390234426       -0.1957925997        0.4483056947
LA        -0.9470577682       -1.5208317793       -0.6840068791
LA         0.1212079748        1.1510750724        1.5290681981
LA         1.5360144547       -0.3577071643       -0.3095745653
LA        -0.6755556161       -0.7865347137        1.2757001458
LA        -1.4146094079       -0.1035786818        0.8078945109
LA         0.8683241099        1.4334872023        0.7610332290
LA        -0.1761055867       -1.1788015340       -1.4026607801
LA        -0.5421175662        0.3136029934        1.3547219249
LA        -1.0701540357       -1.0071023944        0.2608135470
LA         0.0759973789        0.9897897121       -1.2316855610
LA         0.9989442342        0.4854655279        1.3123809873
LA         0.1447427521       -1.6510309510       -0.4572259873
LA        -0.2035790293        1.5966762474        0.5510436848
LA        -1.0577058263       -0.5396338347       -1.2184093347
LA         1.0056664998       -1.2378410991        0.0949017806
LA         1.3336620009       -0.4174709134        0.7743939462
LA        -0.9317977922        0.5525943510       -1.1313037885
LA        -0.6038778776        1.3727753365       -0.4519678718
LA         0.0018451836       -1.1454524981        0.4846604665
LA         0.3238303037       -0.3401149567        1.1517018231
LA        -0.8662777944        0.7595596227        0.3984388737
LA        -1.1882385600       -0.0457164895       -0.2685519380
LA         1.2139918006        0.5435432176        0.2259737054
LA         0.6871928293       -0.7740671891       -0.8653700984
LA        -0.3123134739       -0.6833402881       -0.4639393094
LA         0.2042598285        0.6086938494        0.6062208742
LA         0.4780658361        1.2233399494       -0.2397116851
LA        -0.0486670359       -0.0941051512       -1.3309189018
LA         0.8140481270        0.3198618404       -0.7791249067
LA         0.5359300588       -0.2772015496        0.0759764761
LA        -0.1868863324        0.3903983192       -0.3811273995
          98
Energy of minimum      5=    -543.1896663     first found at step     8869 after              1219128 function calls
LA         0.3180234757        1.2920038169        2.3233435856
LA         1.9482288520       -0.0450911612        1.8417514621
LA        -0.5460596578       -1.8216018000        1.9604619095
LA         0.1852186607       -2.7097017597        0.0195471138
LA         2.6467409749        1.1482945842        0.4992757121
LA        -2.4533321013        0.8241642069       -1.2852750194
LA        -0.3681338925        2.5788260624        0.6415931775
LA         0.7196376057        1.2661958280       -2.2243596875
LA        -1.3184660726       -0.8629769349       -2.2010692213
LA         2.5247241021       -0.6182284759       -0.8582182249
LA        -2.5043917128        0.5675867314        0.9303980218
LA        -1.8043973894        1.1572300551        1.5781656246
LA         1.8753711772       -0.5818278305       -1.7720409411
LA        -0.2503594671       -0.7177508921       -2.5138515296
LA         1.6108034883       -1.4921308398        1.3075075519
LA        -1.8561626514       -1.7064403736        0.1017952281
LA         2.5424261139       -0.7616242685        0.2572304243
LA        -2.6087026256       -0.3253311528        0.2531546533
LA        -2.0084918034       -1.0491503122       -1.3309092762
LA         2.5911265459        0.1264512371        0.9396364187
LA        -2.5690776012       -0.1993868590       -0.8607959269
LA         1.9977477028        0.9798224482        1.3919561250
LA        -0.7489585905        1.2350246156        1.9649277606
LA         0.8187967359       -0.6538555601       -2.1600537728
LA         0.4393098769        0.2014167814        2.2008488121
LA        -0.1824345497       -2.2816212695        0.9963445241
LA         2.5878020908        0.2653915255       -0.1797136618
LA        -1.8877702695       -0.0193013409       -1.7442257494
LA        -2.4812944733        0.6963406032       -0.1781312173
LA         0.5351908928       -1.6756881516        1.6491517170
LA        -0.0254205891        1.9366766390        1.4830848057
LA         0.9048285635       -2.1222259080        0.6701391277
LA        -1.2116467414       -1.7818221510        1.0416782226
LA        -0.8426105531       -2.2302194347        0.0623586092
LA        -1.0866086061        1.8691887100        1.1106699265
LA         1.2976710376        0.3422465518       -1.9999086402
LA         0.2355699400        0.2742939846       -2.3707481467
LA        -0.0564046077       -0.8129074550        2.1041480880
LA         1.6454082288        1.6320726339        0.5509866319
LA        -1.1269031789       -0.8805846702        1.7313141979
LA        -0.1602921685       -2.0533154481       -0.8313373151
LA         0.9088677693       -1.9853410812       -0.4586238930
LA         0.6407855676        2.1083129947        0.5984976116
LA         2.0095993430        1.1925557398       -0.4121057882
LA        -1.7631500708        1.4158748094       -0.6439457354
LA        -1.3978598816        0.9754773796       -1.6052532567
LA        -1.0687830575        2.0005383071       -0.0019901943
LA         1.3679183611        1.2314396856       -1.3196227807
LA        -0.3408873994        1.1224579114       -1.9182046799
LA        -0.0041748866        2.1471454042       -0.3161785621
LA         0.3579732753        1.7097833897       -1.2707441089
LA        -1.6783468980        0.0649978689        1.4658613115
LA         1.6059087661       -1.2280270050       -0.9170837057
LA        -0.5007014105       -1.3619946434       -1.6518154166
LA         0.9913824690        1.4694938372        1.4462024739
LA         1.0212180989       -0.6573440622        1.7726882432
LA         1.9530250843        0.3092649469       -1.0968060949
LA        -1.7933426479        1.2929969018        0.4669155494
LA        -0.8301512210        0.1316612305       -2.0700601902
LA         1.6197692954       -1.3755418093        0.1902432028
LA        -1.7805568727       -0.8262065112        0.7976813461
LA        -1.1822071384       -1.5512611643       -0.7854985826
LA         1.0086689002        1.6812120920       -0.3639128237
LA        -0.7064511267        1.5721638041       -0.9654994391
LA        -0.6306912813        0.1396015544        1.8549756072
LA         0.5601667908       -1.3055025189       -1.3040181851
LA        -0.0388923509       -0.6135592683        0.2884176278
LA         1.6744897152       -0.4729590261        0.8684533600
LA        -1.7465067639       -0.6876061406       -0.3251445880
LA         1.0852864661        0.3795193572        1.3189256092
LA        -0.2880910579       -1.2061356448        1.1104753897
LA         0.0714412042       -1.6432531453        0.1551065386
LA         1.7224071782        0.5429420968        0.4274294231
LA        -1.6221520726        0.3303814584       -0.7441460336
LA         0.0814043143        0.8488766127        1.3556454514
LA         0.7644588847       -1.0540284757        0.7901945230
LA        -0.9264662721       -1.1582014025        0.2020836142
LA        -0.2556244926        1.4825159390        0.5191643931
LA         0.4589577501        0.6209484320       -1.3610763619
LA         1.6678990003       -0.3333599051       -0.2436908943
LA        -1.0662812499       -0.5073903894       -1.1999668767
LA        -1.6540594869        0.2022403409        0.3525873989
LA        -0.9667774047        0.7822344176        0.9893018206
LA         1.0320475694       -0.2955924072       -1.1438483394
LA        -0.0179190828       -0.3624595959       -1.5102012812
LA         0.1886841289       -0.2196307683        1.2329044581
LA        -0.8437700961       -0.2850405189        0.8729836107
LA         0.7676464901       -0.9227987800       -0.3043123169
LA        -0.2633692330       -0.9885199634       -0.6641580257
LA         0.7399633974        1.0243711030        0.4777999660
LA         0.8319264382       -0.0449477544        0.3616582678
LA        -0.8224527499       -0.1512110291       -0.2204801178
LA         1.0999903251        0.5900039523       -0.4723342246
LA        -0.9469149174        0.9174847425       -0.1146614874
LA        -0.5861668281        0.4827083877       -1.0634080504
LA        -0.1469346238        0.4207512263        0.4041863635
LA         0.1033474998        1.0635795507       -0.4254694348
LA         0.2077417294       -0.0060654292       -0.5269527932
