          98
Energy of minimum      1=    -543.6653608     first found at step    40714 after              5600206 function calls
LA        -0.5582426335        2.5336531769        0.1888980888
LA         1.7925217976       -0.1795415994        1.8765252690
LA        -1.3769772536       -2.1439830395        0.5234374931
LA        -2.3136098178       -0.6144111490        1.0180493078
LA        -2.0478719499        1.4926267528        0.5873693608
LA         2.5783153903       -0.2856366201        0.1934379142
LA        -0.7965256847        1.3236743699       -2.0928806149
LA        -1.8966153543        0.0652122772        1.7791327621
LA         0.1426981896       -0.2101287679       -2.5888605602
LA        -0.0926912792        2.4707963847       -0.8082636644
LA        -0.5890097178       -2.2503718053       -1.1643065170
LA         1.7831665121       -0.5925791113       -1.7988559916
LA         1.0867645525        2.1501452475        0.9810879386
LA        -0.4050653627       -2.3705692724        0.9914831828
LA         1.8725321799       -1.4359317944       -1.0947318987
LA         0.2987710296       -1.2234473840        2.2760991107
LA         1.5523159418        2.0872882585       -0.0160739132
LA        -0.7398476665       -0.8268952421       -2.3527825163
LA        -2.4648662195        0.8130033233       -0.1737147119
LA        -0.2561463644       -0.3172375575        2.5691368039
LA         2.4889491827        0.5577163497       -0.5106858810
LA         1.2376045812        0.7266684429        2.1695629989
LA         0.3829021064       -2.4769582286       -0.6962607454
LA        -1.6790715904        0.7069080682       -1.8568023618
LA        -0.0204562981        2.1204462796        1.0690093424
LA         0.1937999346        0.8348384335       -2.2147186461
LA        -1.4096290033       -1.8324884102       -0.5426090739
LA        -2.3572166593       -0.2850263509       -0.0422122214
LA         2.0312699535       -1.2301323590       -0.0144547818
LA         1.2362853502       -1.1227962389        1.6883183753
LA         0.5242167477       -2.2833350041        0.3886772402
LA         1.8534554696        0.4479150418       -1.4154739714
LA        -1.5275086604        1.0672432869        1.4721413707
LA         0.9058668239        1.9953773333       -0.9150768594
LA         0.1321479068        0.6803202648        2.2713854811
LA        -1.5622313996       -0.3923623945       -1.7449860267
LA        -1.9036548156        1.3614298011       -0.9745912050
LA         2.1898280864        1.2333906518        0.3325956468
LA         0.9037036849       -1.8562953747       -1.4712940894
LA        -1.1898772770       -0.7385249849        2.1132895221
LA         1.7221403925        1.2965361506        1.3343334928
LA        -0.0726683068       -1.6286691418       -1.9414878802
LA        -0.6324131589       -1.6488935319        1.8189069711
LA         0.8139277692       -1.0090722937       -2.1786494759
LA        -1.6087853766       -1.4212675001        1.3487133156
LA        -1.0170587201        1.9810263612       -1.2117524434
LA        -1.4847467832        2.0441721070       -0.2100145677
LA         2.2796043619        0.3861674260        1.0399508111
LA         1.2223648667       -1.4946062501        0.6649073366
LA         0.9520068843        1.0567807625       -1.4652719516
LA        -0.4564212151        1.2469419644        1.5514317921
LA        -1.7179505530       -0.8091165709       -0.7510670684
LA         1.0594806632       -1.6674955454       -0.3956938728
LA         1.5610090331        1.1398410983       -0.5688824389
LA        -0.8177259949        0.2585624358        1.8232069305
LA        -0.8960695295       -1.2115887975       -1.3374329100
LA        -1.8027637872        0.2690920326       -0.8586306862
LA         0.2988039525       -1.5647911670        1.2335957211
LA         0.6242893202        1.2663135886        1.4374723240
LA         0.8796708827        0.0293855123       -1.8124374571
LA        -0.9637439958        1.6365388828        0.6727195308
LA        -0.0270237586        1.5100665666       -1.3336352697
LA         1.7408194467       -0.5570401454        0.8478609368
LA        -1.6567463157       -1.1088846243        0.2918571275
LA         0.4400774728        2.0456958522        0.0765094049
LA        -0.4400781750       -2.0456957766       -0.0765091149
LA        -1.9308327218        0.3887870799        0.7107202683
LA         1.9308326505       -0.3887869635       -0.7107202703
LA        -0.6801541873        0.2199246969       -1.9680998189
LA         0.6801551115       -0.2199246196        1.9680993127
LA         0.0829851320       -1.4322565132       -0.8656934061
LA         0.9629852724       -0.8172693473       -1.1010905419
LA        -0.2613407421       -0.6519647354        1.5212866262
LA         1.0905062198        1.1959655719        0.4337427569
LA        -1.2304490013       -0.4260320348        1.0545910765
LA        -0.9121506806        0.8882557343       -1.0893361545
LA        -0.0061228048       -0.5913365343       -1.5677863251
LA        -0.6771324565       -1.3296278813        0.7623986078
LA        -0.4963593099        1.5659188223       -0.3304478078
LA         1.6438229327        0.2923697184        0.1415502110
LA        -1.3763593998        0.9509316125       -0.0950508392
LA         1.1796146478        0.3550454934        1.1358354731
LA         0.4753813377        1.0966832229       -0.4562273094
LA         0.0099815349        1.1595199626        0.5406097939
LA         1.0200917534        0.2071419508       -0.7438750086
LA         0.0977038953        0.3316796545        1.2317821680
LA        -0.8563308725        0.5540981733        0.7723454942
LA         0.6524405677       -0.5742352243        0.9388397729
LA         1.1094285927       -0.6359362849       -0.0399803611
LA        -1.2731895907       -0.1253040381        0.0115097471
LA         0.2431160437       -1.2413579689        0.1917554751
LA        -0.8162013591       -0.1870050601       -0.9673105323
LA        -0.7284793380       -1.0148453565       -0.2761379287
LA         0.0660571830        0.4295605726       -1.2033118269
LA         0.1487300682       -0.4063304533       -0.5055519608
LA         0.5598139591        0.2636599467        0.2447438253
LA        -0.3102224503       -0.3443642571        0.4774757877
LA        -0.3983217769        0.4870346080       -0.2166678212
          98
Energy of minimum      2=    -543.5467256     first found at step    10962 after              1511032 function calls
LA         1.5236337982       -0.4382026795        2.2024967957
LA         0.8913660228        1.7068387550        1.9122345826
LA        -2.7438433531       -0.7397798059        0.5098324038
LA        -0.5155659307       -2.1166003817       -1.5596537097
LA        -1.4509362736        1.0567539226       -1.9890650793
LA         1.2199315710        2.0974937819       -1.3052014447
LA         2.2411491717       -1.3671075584       -0.8363800625
LA        -1.1502519922       -2.0750755446        1.3181683996
LA        -2.1714037303        1.3892993668        0.8493764453
LA         1.4776812772       -2.1449366654       -0.5667303646
LA         0.1421390014        2.3860475114       -1.1798525333
LA        -1.7334762551        1.9939625116        0.0113469490
LA        -0.3981590029       -2.5362552486        0.6243662908
LA         2.3137526786        0.4879595541       -1.4339336730
LA         2.3865061028        0.7676712960        0.4746631011
LA        -0.6709082066        0.1292421327        2.4165142511
LA         2.0548428472        1.4508014592       -0.9137999381
LA         2.5715916792       -0.3023299063       -0.6765706569
LA        -1.9602822842        0.6121159448        1.6363347855
LA        -1.4436796557       -1.1405171591        1.8734976147
LA        -2.2350106925       -0.4610956490        1.4609405023
LA         2.0000775168       -0.5828890338       -1.5954739718
LA         1.4898592595        1.1480871598       -1.8297053660
LA         0.6887245616        0.4874814433       -2.2375057878
LA         1.0019655614       -0.5752264974       -2.0937025478
LA         0.5431742732       -2.3591867609        0.0281597087
LA        -0.8026609930        2.2067162412       -0.5896879989
LA         1.2157288704        0.6386925660        2.0717676227
LA        -2.4597563196        0.3245678435        0.6804189786
LA        -1.9490061931       -1.4082103762        0.9148950172
LA         1.9730321534        0.1665626681        1.3533241828
LA         1.6539853338        1.2489663758        1.2068557331
LA         0.4319238467       -0.1552556281        2.3321790164
LA         0.1128651461        0.9271870890        2.1857051819
LA         0.4806402299       -2.1327520145       -1.0633575013
LA        -0.6557965235        1.7227434545       -1.5850742167
LA        -1.5927919301        1.5268489115       -0.9899031395
LA        -0.4564857280       -2.3282029097       -0.4682459248
LA         0.8262884475        1.9180511608        0.8046926973
LA         1.6613910700       -0.9151318963        1.1880724729
LA         0.7179812482       -1.1120290410        1.7872298276
LA        -0.1170663167        1.7209666182        1.4038749982
LA        -0.3815902856        0.7737531337       -2.1168361604
LA         0.2439201395       -1.3483653788       -1.8296759223
LA        -2.0067352777       -1.2045143643       -0.1824675750
LA        -2.3205495386       -0.1398632753       -0.3265340092
LA        -1.2643894569       -1.6634459051       -0.8716150313
LA        -1.8899733178        0.4589204687       -1.1588093203
LA        -1.1424698680       -0.0031139019       -1.8514632883
LA        -0.8308688116       -1.0602574236       -1.7084128634
LA         0.7480058605        2.0844531925       -0.3064519217
LA         1.7643775855       -1.3637067045        0.1601448995
LA        -0.0943805598       -1.7516426212        1.3406360364
LA        -1.1106427241        1.6961443316        0.8740888562
LA         0.4166098204        1.4430047220       -1.7186864630
LA         1.2448671156       -1.3669561604       -1.3384491452
LA        -2.0390346263        0.9296570732       -0.1586986955
LA        -1.2111081136       -1.8791789850        0.2213872845
LA         2.0918073334       -0.3072182837        0.3246960373
LA         1.5756143434        1.4440263578        0.0877217592
LA        -0.8960050142        0.9277767713        1.6574950828
LA        -0.3798859381       -0.8232158914        1.8944358042
LA        -0.0725697449       -0.2899924368       -1.9849734273
LA        -1.5856986006       -0.6059211919       -1.0236957993
LA         0.8422705211       -1.5799063655        0.7546062240
LA        -0.1873524583        1.9132095844        0.2819256315
LA         0.3434655012        0.1750650536        0.5455750894
LA         1.8341903226        0.4803912833       -0.4452504791
LA        -1.1839038748       -0.1497852213        1.4719389672
LA         1.2692753621        0.1907312907       -1.3553090717
LA         0.9231873187       -0.1272511382        1.3592355811
LA         0.6120540524        0.9283046591        1.2164000866
LA        -1.6816883133       -0.4251749064        0.5211119791
LA         1.3462141535        0.4673417818        0.5212538179
LA        -0.1454680478        0.1558847175        1.4688568942
LA         1.0095166705        1.1334896206       -0.8386749742
LA         1.5159389112       -0.5846074894       -0.6061861302
LA        -0.2210095583       -1.3292691939       -0.8369420377
LA        -0.8348902015        0.7533928692       -1.1187632374
LA        -0.8969522827       -1.0881366752        0.9263931999
LA        -1.4032128969        0.6294103299        0.6939782863
LA        -0.0497049202        1.4172971377       -0.7192457336
LA         0.7660177825       -1.3501376693       -0.3447629007
LA        -0.9759456647        1.2236596220       -0.1309621152
LA        -0.1603432429       -1.5433658636        0.2434656195
LA         0.5427323123        1.1173628758        0.1334379513
LA         1.0437765696       -0.5824883692        0.3634578909
LA         0.1342255787       -0.7723183683        0.9411391331
LA        -0.3667673388        0.9273579361        0.7111426643
LA         0.8035801054        0.1841085218       -0.3898448271
LA         0.5265260106       -0.5754577282       -1.1071910657
LA         0.2167070810        0.4756397952       -1.2494231577
LA        -0.6558968299       -0.1205875919        0.5375720385
LA        -0.9612939259       -0.8859425167       -0.1619364904
LA        -1.2710319944        0.1648798245       -0.3041315642
LA        -0.5342875414       -0.2912800376       -0.9887443304
LA         0.0658843742       -0.5691468015       -0.1357169307
LA        -0.2382641439        0.4627124942       -0.2753457887
          98
Energy of minimum      3=    -543.1896663     first found at step    10947 after              1508757 function calls
LA         0.5065111197        0.4303324357        2.5935690466
LA        -1.5493025418        0.8038252820        2.0354860864
LA        -1.0448429745       -2.1379765870        1.3405907003
LA        -2.0381210400       -1.6801067546       -0.6328314724
LA        -1.1012113459        2.4566191107        1.1512822030
LA         2.4117374875       -0.7906830560       -1.3814341166
LA         2.0248849060        1.2816048465        1.2061669845
LA         0.5516936586        1.9623690347       -1.7069410211
LA         0.4929871067       -0.8716096385       -2.5149648990
LA        -2.1537208705        1.5762775437       -0.6081222867
LA         2.0982227068       -1.6160734276        0.6674885883
LA         1.9687157661       -0.9202659069        1.5371752139
LA        -1.5994010236        1.4064247204       -1.5682973914
LA        -0.1359216142        0.0518302582       -2.6222386212
LA        -2.2877229348       -0.2431851861        1.1126105453
LA         0.1040107917       -2.4487175178       -0.6005039130
LA        -2.3522391955        1.1813299507        0.4261447567
LA         1.5956672393       -2.0930646299       -0.2195058972
LA         0.7833217823       -1.7163716696       -1.8293579331
LA        -1.8141791450        1.6151608587        1.3087600175
LA         1.7412803535       -1.6704629529       -1.2483512375
LA        -0.8291468899        1.6457439799        1.8688585191
LA         1.2479303084       -0.2459993412        2.0807020962
LA        -0.8736613034        0.7355587709       -2.1117427423
LA        -0.3368642329       -0.1770740472        2.2209151856
LA        -1.5517740444       -1.9228329283        0.3556550635
LA        -1.6286582113        2.0181871528        0.2717393177
LA         1.4538389717       -0.8320771083       -1.9494543674
LA         2.2570793953       -1.2045592162       -0.3578739475
LA        -1.6826706207       -1.2053919337        1.2368147016
LA         1.2667968022        0.8563827088        1.9007208283
LA        -2.1832321255       -0.9729526197        0.2418752765
LA        -0.4762949120       -2.3154328225        0.3741466815
LA        -0.9777153776       -2.0845614296       -0.6216397309
LA         1.9977987331        0.1809831948        1.3726684243
LA        -0.5237969927        1.6850314410       -1.6392143465
LA         0.2074036812        1.0082507809       -2.1660081841
LA        -0.6924854829       -1.1680621298        1.8020911548
LA        -0.0571909620        2.0708772089        1.1759305658
LA         0.0449957876       -1.8499155261        1.2722328687
LA        -1.2673253692       -1.2447232146       -1.3332178016
LA        -2.0036425395       -0.5635656793       -0.8035957600
LA         0.9841740401        1.6790165071        1.1941922658
LA        -0.5501806125        2.2997666572        0.1971924507
LA         2.2911106901       -0.0984932900       -0.5188226046
LA         1.7965891325        0.1300727100       -1.4959125661
LA         2.1625220898        0.5917299374        0.3432334766
LA        -0.0000181929        2.1351139459       -0.7552067159
LA         1.1767965745        1.0470199500       -1.6045322134
LA         1.5371645146        1.5140602632        0.2344497805
LA         1.0464835342        1.7405860419       -0.7358854828
LA         1.1200376850       -1.5283170113        1.1745573931
LA        -1.9286870334        0.5509716348       -0.9511216157
LA        -0.4778874456       -0.7910643755       -1.9950103914
LA         0.2223815929        1.2597307627        1.8966757478
LA        -1.3194240907       -0.2259363017        1.6809173258
LA        -1.0791353677        1.8643100645       -0.6875686782
LA         2.1412235029       -0.5116617014        0.5092088187
LA         0.8373737441        0.0915682595       -2.0693127164
LA        -2.1267673431        0.1528946418        0.0737807208
LA         0.6165102283       -2.0052471770        0.2969726413
LA        -0.1954564561       -1.6309121885       -1.3126139633
LA         0.4972548607        1.9185320730        0.2197541517
LA         1.6787149384        0.8268626001       -0.6333843036
LA         0.4023298963       -0.8622189295        1.7184014246
LA        -1.2145176481       -0.1163215141       -1.4933197208
LA        -0.4260430135       -0.5157648250        0.1167307465
LA        -1.5824387421        0.6017177255        0.9568908355
LA         0.7756420121       -1.5756033655       -0.7380109012
LA        -0.6008447624        0.6351136232        1.5156064625
LA        -0.7294270743       -1.3123172282        0.7188006629
LA        -1.2180260011       -1.0872150209       -0.2526236035
LA        -0.8681593991        1.4340796170        0.7961680683
LA         1.4356832881       -0.6950966432       -0.8659890207
LA         0.4359796304        0.2422024936        1.5219242205
LA        -1.3419286025       -0.3929719969        0.6038053645
LA        -0.1751699103       -1.4684155520       -0.2316877960
LA         1.1836825947        0.6642969390        0.8308640035
LA         0.2162337566        1.1113017374       -1.0802775125
LA        -1.3946960996        1.0009070942       -0.0735443498
LA         0.4883996447       -0.7402860957       -1.4310008211
LA         1.2843850376       -1.1090048632        0.1469527102
LA         1.1579202186       -0.4253279111        1.0017907837
LA        -0.8500010949        0.8374899602       -1.0183296238
LA        -0.1269561094        0.1685772941       -1.5387884645
LA        -0.3819490802       -0.3601403218        1.1525216464
LA         0.3292518885       -1.0177586148        0.6411370025
LA        -1.1683297219        0.0024878638       -0.4104193891
LA        -0.4583700427       -0.6543626751       -0.9216004260
LA         0.1609606282        1.0602249577        0.8216994063
LA        -0.6472169725        0.4448947365        0.4561769340
LA         0.4917858300       -0.6083105858       -0.3687949447
LA        -0.3264532450        1.2860359847       -0.1439540722
LA         1.3232833164       -0.0130068521       -0.0180466508
LA         0.8349663071        0.2126435770       -0.9823692870
LA         0.3689065292        0.0652465898        0.4707855843
LA         0.7074468954        0.8981069662       -0.1258147948
LA        -0.1108653881        0.2870678753       -0.4755771562
          98
Energy of minimum      4=    -543.1654807     first found at step    10885 after              1497808 function calls
LA         0.8207101071        2.1189784159       -1.5654731745
LA         0.6287770277        2.0551721031        1.6844913273
LA         1.6082875970        0.0850998427        2.1795640957
LA         1.6248553496        0.2222785238       -2.4181498313
LA        -2.5935883363       -1.0827281892        0.7126040982
LA        -1.6695095295        0.6033267226       -2.0183036805
LA        -0.2237583406       -2.3144088365       -1.2873832932
LA        -2.3690376284        1.1331828694        0.7977042469
LA         2.3927336955       -1.0638625580       -0.7661778035
LA        -2.0575252776        1.6995988849       -0.1177731732
LA        -0.7851616441       -2.0461841678        1.5929098313
LA         0.0139897715       -2.4582276747        0.9221733393
LA         1.7709522469       -1.9140945553       -0.3812599211
LA         2.2204271796        1.2075866836        0.2952436608
LA        -0.6427837922        0.3158009607        2.4248060397
LA         1.7569832970        1.6596729102       -1.1419196776
LA         2.5510350565        0.0499818120       -0.7368842153
LA        -1.2123229641       -1.1134424130        2.0557163935
LA        -2.0130306761        0.4949560632        1.6533250738
LA        -1.1905459175        1.9912590531       -0.7746211608
LA         2.1539188493        0.6983773389       -1.5605598206
LA        -2.1133388734       -0.6205768475        1.6057000020
LA        -0.9835026336        1.4319762007       -1.7235833062
LA         0.8988670030       -2.2035998030        0.2716754826
LA         0.3643238614        2.1498030293       -0.5606833855
LA         1.1263397286        1.0773968309        1.9453062823
LA         1.2243400758        1.1710786832       -1.9934606319
LA        -2.4829180978        0.0249082630        0.7557733807
LA         2.0105567219       -0.4208125375       -1.5935711583
LA        -1.6910235290       -1.5652592827        1.1538236427
LA         1.4377541649        1.6471232473        1.0007653597
LA        -1.8645883531        1.1524955147       -1.0698852311
LA         0.4890698545        0.2032540842        2.3245125697
LA         1.9320972633        0.6527375890        1.2511806342
LA        -0.0049064450        1.1969855141        2.0752253719
LA        -0.1041633702       -2.3879180657       -0.1830127572
LA         0.7736732889       -2.1161216334       -0.8343750084
LA         0.5024796388        2.1253908139        0.5633508388
LA        -0.3814844255        1.8496301746        1.2247977205
LA        -0.5720895857        0.4793324256       -2.1600853778
LA         1.7966328375       -0.4771139375        1.2188448976
LA         0.9127573978       -0.7513732278        1.8746831871
LA         0.5258451554        0.3514562009       -2.2931102947
LA         1.0100116817       -0.6275843480       -2.0479226928
LA        -1.8081502850       -1.4996299621        0.0440631017
LA        -2.2933419601       -0.5217609256       -0.2010135708
LA        -1.9856677126        0.0398599616       -1.1107416910
LA         0.3944647142       -1.4725385740       -1.6709640162
LA        -1.0186466115       -1.9100832157       -0.6219620027
LA        -1.1902674355       -0.3723581698       -1.7800331169
LA        -0.7087504536       -1.3441767147       -1.5364792296
LA        -1.3719680290        1.6059503653        0.7442616306
LA         0.2042882400       -1.5588063728        1.5352173783
LA         1.9457727135       -1.0188856170        0.2428862667
LA         0.1202425229        1.3064439856       -1.8728867779
LA        -2.1866475260        0.5896463562       -0.1607663817
LA        -0.9040952194       -1.9885881788        0.4848675724
LA         1.3971525623       -1.2765841606       -1.2233083583
LA         1.3004714282        1.6978061837       -0.1296762837
LA        -1.0142170184        0.9764886892        1.5953033442
LA        -0.2141066749       -0.6309347208        1.9968513422
LA         2.1013188035        0.0883247194        0.2777139618
LA        -0.5103758890        1.8985225162        0.0965130623
LA        -0.0916261789       -0.5009047373       -1.9268532960
LA        -1.5099405445       -0.9407268962       -0.8741184093
LA         1.0857975568       -1.3087987203        0.8952875210
LA         0.3035908552        0.3101228855        0.5176180636
LA         1.7026357400        0.7285409990       -0.5614905859
LA        -1.1268151999       -0.1465506622        1.5381050465
LA        -0.3161802626        1.3320811749       -0.8625892170
LA         0.4624615096        1.1680491194        1.0901572458
LA         0.9446433202        0.1983033220        1.3338555427
LA         0.7766470453        1.1933107018       -0.9884178044
LA         1.1698705272        0.2513584531       -1.4081548425
LA        -1.5967175620       -0.6035673707        0.6445449730
LA         1.2444640340        0.7532208266        0.4187622992
LA        -0.9918324744        0.5031121856       -1.1479336290
LA        -0.1524017599        0.3180047685        1.4580325378
LA        -1.4902026753        0.4939525269        0.6914058202
LA        -0.0429447485       -1.4127643159       -0.6676680729
LA         1.5564439224       -0.3834382115       -0.5925138361
LA        -0.7052010082       -1.0825375592        1.0857949663
LA        -1.1850733131        1.0513705425       -0.2100554111
LA         0.0782522988       -1.4899212820        0.4258710335
LA         0.9459252940       -1.2211259713       -0.2179720836
LA         0.3361196275        1.2189650015       -0.0040118964
LA        -0.5157128439        0.9525849716        0.6328771474
LA         1.1131357800       -0.3432339690        0.3900311359
LA         0.2608695815       -0.6074092490        1.0223323925
LA         0.7343759761        0.2828175516       -0.4307157975
LA         0.0880683625        0.3801811834       -1.2916945899
LA        -0.6341134236       -0.1394446440        0.5837608471
LA         0.5662519352       -0.5869662387       -1.0495722182
LA        -0.8283401274       -1.0185899819       -0.0143939049
LA        -1.3067537439       -0.0526082814       -0.2565866688
LA        -0.5231463083       -0.4602662557       -0.9178532026
LA        -0.3358078855        0.4100572888       -0.3054239778
LA         0.1336410926       -0.5414079995       -0.0662452407
          98
Energy of minimum      5=    -543.0573658     first found at step    11030 after              1521073 function calls
LA        -2.5357294098        1.1428754383        0.9258878136
LA         1.0500652712       -1.0644297765       -2.2772926112
LA        -1.8910028984       -0.2650840107       -1.9490605032
LA        -1.9619418146       -1.8175708335       -0.3126238039
LA         2.5305791961       -1.1548612594       -1.0458659638
LA         1.7616918957        2.0262191006       -0.3658772143
LA        -0.7274937829        2.0475212238        1.8584097044
LA         1.6632146705       -0.2707053857        2.0528340412
LA        -0.3243711478        2.4382755571       -1.0370456408
LA         1.1938424084       -2.4747523026        0.1577037095
LA         0.8980614288       -2.1777976773        1.1971783572
LA        -1.1609719589        2.4429142499       -0.2911915157
LA        -1.2649315311       -0.0609184910        2.3396849269
LA        -0.4620939182       -0.8433248239        2.4024867426
LA        -0.2401027604       -1.8258554021       -1.7991277839
LA         0.9962470350       -2.3187463739       -0.9379866987
LA         0.3551931474        1.7910993221       -1.6584758378
LA         0.2834397070        0.3203747801       -2.2503332555
LA         1.6609577250       -1.6465506695       -1.5396542115
LA         1.9190116373       -0.5683867616       -1.7720375950
LA         1.3997699143        1.5689999102       -1.3158808205
LA        -2.4540706000        0.3434580667        0.1642828280
LA        -1.8589617968        1.8047003426        0.3191081525
LA        -1.9113197073        0.5442121792        1.6437736464
LA         0.2204770385       -1.5217953898        1.8146848329
LA         1.6718036974        0.5045314190       -1.5529297309
LA        -1.9403841308       -1.0484906980       -1.1380224264
LA        -1.6314556968        1.5963370710        1.3930428258
LA         1.8639036465       -1.8163669311       -0.4440829047
LA        -1.0793509783       -1.0554629941       -1.8913412846
LA         0.7201596377        2.2340557863       -0.7020897462
LA        -1.1140115864       -1.8385687304       -1.0655868755
LA        -2.2296097942       -0.7425303959       -0.0731221044
LA        -2.1941035011        0.0408204865       -0.8987007630
LA        -0.8131702889        0.0306666523       -2.1224488599
LA        -0.9448349407        2.2466215266        0.7840727525
LA        -0.9970566508        0.9938749965        2.1001466229
LA         1.2809332253       -1.2247146943        1.6266676588
LA         0.6014959300       -0.5582929432        2.2293363130
LA         2.2817458216       -0.0918438453       -0.8242321402
LA         2.0252385850        0.9686131852       -0.5982230835
LA        -1.5035521866        0.7003970716       -1.5099225004
LA        -0.9085077848       -2.0200530269        0.0393506563
LA        -1.5924198315       -1.3470148932        0.6457417946
LA         2.2491870124       -0.8609053850       -0.0106020603
LA         0.9340121353        2.0413896988        0.3793732544
LA         0.1044731499        2.0480894663        1.1199048127
LA         0.0715763593        1.2770743918        1.9302665062
LA         1.9599774529       -0.5668460488        1.0216125531
LA         0.8679508025        0.5047936874        1.9951897215
LA         1.7351435197        1.2624917195        0.4427626235
LA         1.7019722084        0.4974557656        1.2483472539
LA        -1.0874466184        1.6383384006       -1.0451084249
LA         0.1533715481       -2.1783490026        0.3803398436
LA        -1.1945118916       -0.8540666699        1.5752328970
LA         0.0055057531       -0.7560352051       -2.0435375513
LA         1.5836101205       -1.5257843023        0.5958685193
LA        -0.1103455605        2.2537993566        0.0437149410
LA        -0.1960196074        0.2205487318        2.1782470325
LA        -0.0488635095       -2.0221679270       -0.7079975119
LA        -0.4152713247        0.9923566560       -1.6649569046
LA         2.0046221408        0.2037605357        0.2147644738
LA         0.9091301676        1.2795209153        1.1934026378
LA        -1.7859423683        1.0044527945       -0.4431841666
LA        -1.8402172396       -0.2570360810        0.8830053043
LA        -0.5221598306       -1.5327364149        0.9943007032
LA        -0.4897425309       -0.2848066551       -0.3528560953
LA         0.6313232173       -1.3475134812       -1.3042142847
LA         0.8909927873       -0.2746503107       -1.5341014569
LA         0.6345259943        0.7871992565       -1.3081771436
LA        -1.1775538380       -0.2743154388       -1.1375822512
LA        -1.2126947198       -1.0382480008       -0.3319287121
LA        -1.5426949303        0.7989404913        0.6368865215
LA         1.4915813108       -0.8552253552       -0.8073187572
LA        -0.3785430090       -1.0418529262       -1.0634692174
LA         0.9886750034        1.2332347003       -0.3609329421
LA        -0.6436599240        1.2449079681        1.0974614998
LA        -1.4577191083        0.0186819565       -0.1033325114
LA         0.9239229872       -0.2752568707        1.2264711403
LA         0.8319446092       -1.5136309496       -0.2144973779
LA        -0.0419096975        1.4399375668       -0.6993806573
LA        -0.8630872155        1.4456059923        0.0349416002
LA        -0.9152042901        0.2037416224        1.3401122554
LA         0.5448831843       -1.2226736635        0.8089642687
LA        -0.1232893995        0.0122037736       -1.2894402611
LA        -0.1264056619       -0.5632747591        1.4043644866
LA        -0.7880970965        0.6579324122       -0.6987592705
LA        -0.1807889633       -1.2186054955        0.0078156167
LA        -0.8405910805       -0.5701817550        0.5931200651
LA         1.2527826348        0.1926057869       -0.5901580370
LA         0.4865986588       -0.5679826477       -0.5819060306
LA        -0.5665351133        0.4693732509        0.3617357782
LA         1.2205350215       -0.5676392334        0.2128598533
LA         0.1763663048        1.2513985843        0.3733910625
LA         0.1437320942        0.4901118620        1.1742442901
LA         0.2400823684        0.4658754643       -0.3612774308
LA         0.9668500859        0.4838216436        0.4375344168
LA         0.2075829750       -0.2823099284        0.4272456199
