50.000000000000000     50.000000000000000     50.000000000000000
49.502014815785998     50.224612868061861     49.882078258351697
49.635750982636580     50.309911034508310     50.406591005858012
50.301753276285950     50.594466682141366     50.093448208279433
50.175008997505692     50.598111553070673     50.581770254560837
48.947191541895080     50.386506688950647     50.723317310297958
50.348221663449451     50.837231432516361     49.563967644743222
49.750917238290597     49.593992255381295     49.798265946400676
50.997256997027748     50.657019907527896     49.443907232367671
50.431794319367555     51.568732521785122     49.259566588097641
50.306015367464759     50.885209210100790     49.053257561529527
50.295716683766422     51.330956940329436     50.093882020942502
51.225379193977389     51.223581418208603     49.791745979273919
50.568626886288961     50.912611395450170     48.438587264966856
50.216775521034592     50.353877442312253     49.407179553376558
48.467945795512243     49.908112268932889     50.841489480068418
50.635502487808928     51.848595390002686     49.990931319787236
50.664625446341610     50.752069840355411     47.963697313569511
50.604880872261191     50.867895905234249     47.222729939122686
50.825800942504181     51.930879029801716     50.517098122210946
51.548510316176269     51.325747370069990     49.258449217959829
51.655243922576290     50.975386946444125     49.776124168760433
50.859552591463355     50.619661888583991     49.950850136644775
49.512000338861874     51.037522582483604     50.133595328546555
50.995071480302570     51.376688400109359     47.649011717292552
50.645323575485953     50.047396809060054     48.810092348583716
47.804188988480661     50.335346268392470     50.954956854804259
50.187966902202909     50.029101500134850     50.735472303845008
49.980629812340140     50.292142156493220     48.538229246191989
49.465888571172400     49.687017780163146     50.720396830626903
51.322874877464926     50.930442567836700     48.832074386304342
49.210573212903952     49.156928340796981     50.260563447407051
50.634176019411136     50.520149532768770     51.176084882502280
49.858261501671137     49.993659275608508     47.821736283712255
49.532242060464796     50.006000850492860     49.053893944813375
50.785934225720268     52.573213625043437     49.854678086420982
49.803558038386370     51.676436858037434     49.856992315324355
51.386954620958470     50.644594697803427     48.288317712173317
