          38
Energy of minimum      1=    -173.9284266     first found at step       83 after                 8804 function calls
LA        -0.5163638812       -1.6459816120       -0.2914683816
LA        -1.1208016388        1.2009511425       -0.6019646937
LA         0.5164291250        0.2892016341        1.6463609504
LA        -1.6457842087       -0.5803126266       -0.1243891443
LA        -1.1435404740        0.9355779974        0.9369363181
LA         0.5929481871       -1.6234856321       -0.2711976896
LA         0.5620177904        0.8212404205       -1.4389374417
LA        -0.5620178253       -0.8212408934        1.4389372200
LA         1.0697045821        0.9804609179        0.9773789270
LA         1.0924434275        1.2458338838       -0.5615212101
LA         1.6713946682       -0.5130433646       -0.0637739124
LA         1.6457838799        0.5803133443        0.1243895102
LA        -0.5164290590       -0.2892020053       -1.6463608009
LA         1.1208017851       -1.2009510269        0.6019641417
LA        -0.5419153760        0.7988532894       -1.4591101734
LA         1.1435410074       -0.9355779108       -0.9369357692
LA        -0.5875039828        0.2668142952        1.6261888050
LA         0.5163640471        1.6459814213        0.2914682551
LA         0.5875042583       -0.2668146912       -1.6261884412
LA         0.5419153851       -0.7988535670        1.4591096896
LA        -1.0924436550       -1.2458338721        0.5615207959
LA        -1.6713942988        0.5130440857        0.0637742396
LA        -1.0697047235       -0.9804608895       -0.9773784070
LA        -0.5929480569        1.6234854581        0.2711975033
LA        -1.0899216772        0.1100329663       -0.7877128698
LA        -1.1126054385       -0.1546982783        0.7474657571
LA         0.0367670001       -0.9530583397       -0.9543874718
LA        -0.0367668695        0.9530581869        0.9543875706
LA        -0.0140829389        1.2177893610       -0.5807910504
LA         1.0899213225       -0.1100328409        0.7877126810
LA         0.0140828781       -1.2177893688        0.5807906763
LA         1.1126053418        0.1546983876       -0.7474654262
LA        -0.5611241358        0.5294508243        0.0830088934
LA        -0.0112973674       -0.1318439379        0.7645641502
LA         0.5357992911        0.5516955169        0.1030532195
LA         0.5611240133       -0.5294507780       -0.0830089665
LA         0.0112971499        0.1318438992       -0.7645641938
LA        -0.5357995328       -0.5516953974       -0.1030532603
