          98
Energy of minimum      1=    -543.6653608     first found at step      730 after               125212 function calls
LA         1.3628274256        0.2509319181       -2.2014660141
LA         1.1131929713       -2.2957147907        0.5071614612
LA         1.0170236869        1.2820716833       -2.0220467215
LA         0.6935420401       -2.0179256874        1.4878484598
LA        -0.4015729766        2.2211174372        1.2930946354
LA        -0.4754202126        1.4677667499        2.0943623346
LA         0.1278994045       -1.1339594354       -2.3376255880
LA         1.9318875791       -0.6292032757        1.6243856035
LA         0.0029098198       -2.4090411048       -0.9814418466
LA         1.3482139868        1.1112354816        1.9272234225
LA        -0.8015790063        1.6376192224       -1.8553678165
LA        -2.3681476503        0.0157339170        1.0762640855
LA        -2.2435026868        1.2872982442       -0.2761780443
LA         2.1303795780        1.3957120063       -0.5293255666
LA        -1.1250607184       -1.6623774219        1.6545256725
LA        -1.5118570084        2.1077904779       -0.1955082180
LA         1.4220611822        1.8645861030        1.1259555713
LA        -1.7103491304        0.0828755838        1.9582014922
LA        -1.7828589921       -1.7295190919        0.7725881064
LA        -1.0745393240       -2.1983935912       -0.8826923966
LA         2.4761830656        0.3645722038       -0.7087447288
LA         2.3515382257       -0.9069922820        0.6436984803
LA        -1.5332244394        0.8171268247       -1.9360374946
LA        -0.9495497179       -0.9233119527       -2.2388758881
LA         0.6503375745       -1.6936118827       -1.5323941336
LA         0.9386139191       -1.0262335401        1.9249262193
LA        -0.6282206912        2.1188770427       -0.8690169887
LA         1.2116527631        1.7591709250       -1.0376451534
LA        -2.2101035370       -0.8001208745        0.3387322949
LA         0.3481134239        0.7345620974        2.2313062717
LA        -0.9012596045       -0.6665269376        2.0935530882
LA         0.4950495965        2.2335292810        0.6369967951
LA         1.8997097004       -0.2925226471       -1.3946417670
LA        -2.0840007710        0.4863157585       -1.0295281567
LA         1.7736070012       -1.5789598677       -0.0263799172
LA        -1.4934994722       -1.2744793804       -1.3359085881
LA         2.4977596030        0.1768025181        0.3964298323
LA        -0.7550846073        0.1668786730       -2.4143773836
LA        -0.9987476671       -2.3188513031        0.2294580484
LA         2.1503692929        1.2126744355        0.5766724359
LA        -1.4789313013        1.1509121654        1.7074493112
LA         2.0761832568        0.4558664509        1.3816176032
LA        -1.4047452046        1.9077201560        0.9025044875
LA        -0.3379307382       -2.2514015992        1.1154430725
LA        -2.1397486195        1.0834624671        0.8214644891
LA        -0.0200816106        0.9911365091       -2.3333376775
LA         0.0836461175       -2.5304656372        0.1302554684
LA         0.3273091497       -0.0447354655       -2.5135804877
LA        -1.8657670951       -0.5120200528       -0.6533548319
LA         0.1242644882       -0.3088972146        2.0147620720
LA         0.3476734956        1.9702074275       -0.4093057385
LA         1.3938295262       -1.1492900489       -0.9521013597
LA         1.9346917923       -0.4878354649       -0.2803554905
LA         1.2389125068        1.5868857750        0.0806479473
LA         1.0903272234        0.0710945812        1.6928516638
LA        -1.3080017329       -0.1737031993       -1.5226858697
LA        -1.4286623989       -1.4046232836       -0.2134728960
LA        -0.6701462698        0.4152775564        1.8542014764
LA        -0.5215609581        1.9310684743        0.2419983566
LA        -0.1051289288       -1.2695300112        1.5610432196
LA         0.1641170683        1.4771811788       -1.3603734067
LA         0.7392359544       -1.8284599999       -0.4121633638
LA        -1.9936800852        0.2801842473        0.0796855631
LA         0.8598966065       -0.5975396456       -1.7213769313
LA         1.5464465575        0.7289710819       -1.2089244327
LA         1.3480604712       -1.2948644434        0.9436382174
LA         0.4190790210        1.4752362986        1.4256383238
LA        -1.5464468369       -0.7289707719        1.2089234870
LA        -1.3480606870        1.2948640149       -0.9436375060
LA        -0.4190783664       -1.4752361361       -1.4256380354
LA         1.5809279108        0.5469020749       -0.0961003287
LA         1.5072938416       -0.2042755513        0.7028563277
LA         1.1624880317        0.8238899104        0.8817580719
LA        -0.5674182400        0.6473181843       -1.4375971304
LA        -0.7616243162       -1.3338744455        0.6696097315
LA        -0.2226120820       -0.3808472110       -1.6164990272
LA        -0.3431840242       -1.6108623421       -0.3082484141
LA        -1.3262263819        0.3496942586        0.9625525277
LA        -1.2525922691        1.1008718169        0.1635962352
LA        -0.5966911355        1.1678197624        1.0429896062
LA         0.3127168202       -1.5439145520        0.5711451133
LA         0.5069228849        0.4372783753       -1.5360623527
LA        -1.1815822283       -0.4355518003        0.2258373510
LA        -1.1090934552        0.3039418711       -0.5606919432
LA        -0.7696505290       -0.7082313842       -0.7368111790
LA         0.3074479250       -0.9188103823       -0.8355287474
LA        -0.3776859578        1.1241671163       -0.4800485515
LA        -0.5239978194       -0.3684320462        1.1074877437
LA         0.5336329936       -0.5752051171        1.0105544796
LA         0.6799448366        0.9173941692       -0.5769821542
LA         0.1941902838        0.4369682702        1.1866736161
LA         0.2680133815        1.1900737196        0.3856666533
LA         1.0256357808       -0.1134099990       -0.7563430758
LA         0.9531470271       -0.8529038126        0.0301865792
LA         0.6079819658        0.1668476668        0.2129032222
LA        -0.1132932296       -0.6420147637        0.1333770706
LA        -0.0404928730        0.1006577808       -0.6565333930
LA        -0.4541951710        0.3745095033        0.3102533373
