          38
Energy of minimum      1=    -173.9284266     first found at step       94 after                13213 function calls
LA        -0.4032812979       -1.4818859436       -0.8379855504
LA        -0.6979610768        1.4281738847       -0.7307609479
LA         1.0283401912       -0.9087174224       -1.0851681907
LA         1.7054862234        0.1595873767        0.3559360938
LA        -1.1647276584       -0.9895404960        0.8515053791
LA        -0.3861903007        0.2357749697       -1.6900023595
LA         1.1647267747        0.9895406972       -0.8515054920
LA        -1.7054860064       -0.1595864708       -0.3559361204
LA        -1.0283391956        0.9087175336        1.0851687546
LA         0.4032806565        1.4818854519        0.8379858343
LA         0.3861909919       -0.2357763070        1.6900019914
LA         1.2578852136       -0.5453914502        1.0867906074
LA        -0.1737333689       -1.1185586793        1.3339729659
LA         0.6979606244       -1.4281733792        0.7307608081
LA        -0.5829085606        1.6102781519        0.3578580410
LA         1.5909923237       -0.0216334684       -0.7274043247
LA        -1.2792228090       -1.1707615501       -0.2318349749
LA        -0.0421501500        0.7803254865        1.5652972547
LA        -1.5909918982        0.0216341971        0.7274045394
LA         1.2792221863        1.1707621660        0.2318348342
LA        -1.2578844493        0.5453914716       -1.0867911662
LA         0.1737325106        1.1185582794       -1.3339732893
LA         0.0421509930       -0.7803267093       -1.5652966223
LA         0.5829082550       -1.6102778840       -0.3578580249
LA        -1.1393116212        0.7228388848       -0.0005074274
LA        -0.5998610173       -0.1051071092        1.2040127823
LA         0.8282959171        0.4666744102        0.9574279113
LA         1.1393117807       -0.7228385029        0.0005073976
LA        -0.2888455305       -1.2946200758        0.2470921237
LA         0.2888449445        1.2946201945       -0.2470922024
LA        -0.8282957487       -0.4666745470       -0.9574279889
LA         0.5998612187        0.1051067837       -1.2040126349
LA        -0.1548950692        0.5924126515        0.4765747613
LA         0.2686623397       -0.4123414339        0.5998865412
LA        -0.7112644567       -0.2847639347        0.1228065199
LA         0.1548950885       -0.5924127657       -0.4765746426
LA         0.7112643556        0.2847641619       -0.1228065161
LA        -0.2686623735        0.4123413763       -0.5998866660
