          98
Energy of minimum      1=    -543.6653608     first found at step     2017 after               277403 function calls
LA         2.5313950635        0.5846383190        0.1302026050
LA        -1.2724664092        2.0761047157       -0.9150599723
LA        -1.2689231714       -2.2564431165       -0.2549802073
LA         1.7023755952       -1.7501501586        0.8975566582
LA         1.2355998616        2.2714742636       -0.2835719329
LA         0.5273666688        0.9144943648       -2.3774566911
LA         1.1440741127        0.3527820442        2.3094057512
LA        -0.8520860473       -0.4844911178        2.4095505546
LA        -0.8193551173       -0.7827850716       -2.3414996592
LA         1.1429089623       -2.0176644701       -1.1787725855
LA        -2.4980717683       -0.5996695851        0.4083497277
LA        -1.5728183517        1.6917096290        1.1962759611
LA        -1.9810783140       -1.2422745785        1.1396481653
LA        -0.7001966281        0.6070703658        2.4306184466
LA         0.2702869715       -0.9330254576       -2.4131149633
LA        -2.2417011678        1.2427530886        0.4439099490
LA        -0.5622753651        1.0647348087       -2.3058409441
LA         0.5702598090       -2.5100298778       -0.3758590374
LA        -1.7859163813       -1.6138379804       -0.9862786803
LA        -0.6035832766        2.5250611442       -0.1626942392
LA         1.6563588052        1.6722783307       -1.1075542506
LA         0.9921852988       -0.7387795506        2.2883374780
LA         2.2750246170       -1.2577844614        0.0946431413
LA         2.1106358389        1.1838340098        0.9541849730
LA         2.0962105625        0.6758343347       -0.8880547235
LA         1.2590118430        1.8680748102        0.7514501829
LA        -1.2140842660        0.2081250473       -2.0303141825
LA         0.9540132558       -0.0908129568       -2.1728100917
LA        -1.1632716217       -1.9112610144        0.7958467385
LA         0.2811450343        1.0273024801        2.1225218344
LA         0.6974228860       -2.1678141019        0.6735541602
LA        -2.1919506482       -0.6326480611       -0.6592422921
LA        -1.9325816944        1.2313241444       -0.6232660384
LA        -0.0210740776       -1.1446142773        2.0806022468
LA         1.8368417790       -1.1881381418       -0.9240302107
LA        -0.6016830049        2.1246280497        0.8737419658
LA        -0.3820914486       -2.3242193871       -0.9376726918
LA         1.9775172925        0.2537121345        1.5659740820
LA        -0.9014570143       -1.6786649555       -1.6723270888
LA         0.2716640987        2.3740305860       -0.8469929819
LA        -1.7704146247       -0.3471316017        1.7811096845
LA         1.8249313292       -0.8428587604        1.5448087706
LA         0.1931856478       -1.8295947269       -1.7442711036
LA         0.6943538249        1.7720844034       -1.6747564160
LA        -0.4002887191        1.9230140727       -1.6028117218
LA         2.4002079633       -0.3482332814        0.7382104982
LA        -2.2897805418        0.2984224749        1.0464552373
LA        -1.6178281657        0.7494392410        1.8022741406
LA        -0.1569707260       -1.6839763678        1.1444251295
LA        -1.7210256799        0.2600908383       -1.0679645156
LA         1.5754579242       -0.1944285707       -1.2846224911
LA         0.3025386131        1.6183141282        1.2081617427
LA         0.8251093286       -1.2604544678        1.3379324612
LA         0.8844106603       -1.0033452222       -1.5068941852
LA         0.2859911073        1.9858089619        0.1854345692
LA         1.9773160708       -0.2697831701       -0.2775828115
LA        -1.3080206901       -0.7010525070       -1.3627991471
LA        -0.6496751357        1.1813201672        1.4973372402
LA        -1.0598447620        1.0824794784       -1.3283754392
LA        -0.9552863328       -1.0149730611        1.4549473462
LA         1.1307205416        0.9358387700        1.3803226682
LA         1.1325864226        0.7801867999       -1.4724709499
LA        -0.2677962968       -1.9940161830        0.1086209671
LA        -1.9955109046        0.2779904413       -0.0164728168
LA         1.6676528236        1.2644041202       -0.0678967796
LA        -1.6676527277       -1.2644041516        0.0678967929
LA        -0.1292636107        0.0583078861       -2.0890869363
LA         0.1292635673       -0.0583077799        2.0890869674
LA         1.2596105289       -1.6680155605       -0.1244946082
LA        -1.2596105046        1.6680154245        0.1244945881
LA         0.9768025494       -0.1620110410        1.3517690259
LA         0.7036908621        1.3781321940       -0.6428383995
LA        -0.2112558157       -0.8517498192       -1.4274324777
LA         1.5477993890        0.3289339615        0.5511712885
LA        -1.3177863386        0.7240412949        0.7395089310
LA         1.3963482922       -0.7594788252        0.5301640417
LA        -1.4692375219       -0.3643714212        0.7185018696
LA         0.3042461286       -1.4925014035       -0.6982436726
LA         0.0367375685        0.9304709489       -1.3930342703
LA        -0.3828080057        1.5279388197       -0.5714293357
LA        -0.7822527745       -1.3426947636       -0.6268346833
LA        -0.8022843148        0.0832898760        1.4686977273
LA        -0.0046373113       -0.5777569455        1.1414992201
LA        -1.1780417981       -0.3760593740       -0.3280883106
LA        -0.6159262623        0.1072494205       -1.1162336210
LA        -0.6612167755       -1.0184552477        0.4029718809
LA        -1.0289462834        0.6954242305       -0.3074079022
LA        -0.3602813743        1.1442344222        0.4447133347
LA         0.4083827262       -1.1659318120        0.3326734941
LA         0.9808450349       -0.6737269049       -0.4699789303
LA         1.1299405302        0.3977567702       -0.4492985628
LA         0.4733611033       -0.0429415938       -1.1878259193
LA         0.7093181729        0.9967579334        0.3744149878
LA         0.1472025539        0.5134491496        1.1625602918
LA        -0.5133811175        0.0633568178        0.4186090518
LA        -0.0985856585       -0.5273463522       -0.3936934839
LA         0.0511507595        0.5487431598       -0.3729241541
LA         0.5608161676       -0.0847536399        0.3480085390
          98
Energy of minimum      2=    -543.0573658     first found at step      813 after               124092 function calls
LA        -2.5115881647        1.2417696515        0.8621413470
LA         2.2382703234       -1.0737863857        1.1219789000
LA         0.0238466162        0.3322669216        2.7081410952
LA         0.5482755687        2.1663747016        1.5022407534
LA         2.5652377812       -1.2903006207       -0.7655392372
LA        -0.5440040613       -2.5142306035       -0.8518761375
LA        -2.6733813667        0.0516666334       -1.0127386888
LA         0.2360735871        0.1943067964       -2.6382201127
LA        -1.6411309658       -1.8647209831        0.9774313705
LA         2.4474442239        0.9363426540       -0.8413140549
LA         1.6634304693        1.4370024296       -1.4664845491
LA        -2.3541824043       -1.0015866954        0.9247318267
LA        -1.4999073276        1.9461023165       -1.0202211587
LA        -0.5188701663        1.9952540688       -1.5640989633
LA         1.9958488441        0.4130856125        1.5729603634
LA         2.6570057300        0.4144500706        0.1321496988
LA        -0.5583977076       -2.1655250477        1.0408811462
LA         0.7744540289       -1.4822044229        1.5653331096
LA         2.7045600180       -0.7044043896        0.1720863492
LA         2.0907578565       -1.6563834850        0.1758131373
LA         0.0006179880       -2.4775498377        0.1200217709
LA        -1.5547306437        1.3243129049        1.4129483943
LA        -2.4479972684        0.1197911103        0.8985936686
LA        -2.0180330086        1.6038492023       -0.0806987250
LA         0.5763975469        1.7290956545       -1.5282495839
LA         1.0521279219       -2.0814620149        0.1470142248
LA         0.2874656218        1.2586029605        2.1196227284
LA        -2.5936372812        0.6463443636       -0.0761064967
LA         2.5083929089       -0.1769983989       -0.8044700540
LA         1.0174363545        0.3787184864        2.1627685755
LA        -1.0929712422       -2.1918251569        0.0622979097
LA         1.2824106079        1.3033606818        1.5535462301
LA        -0.5101888993        1.7621942147        1.4704547371
LA        -0.7749992078        0.8369799982        2.0790048356
LA         0.4010322932       -0.5825206554        2.1602819982
LA        -2.5153490880       -0.4752630837       -0.0440031304
LA        -2.0879393043        0.9995655804       -1.0168100700
LA         0.9496072153        0.8165921789       -2.0538224551
LA        -0.1405993665        1.0958605908       -2.1030335261
LA         1.5324622970       -1.7068865459       -0.7951453326
LA         0.4961237269       -2.1151212686       -0.8232845479
LA        -0.7010524355       -0.2939709104        2.1102600195
LA         1.0928750297        1.8412644725        0.5682586541
LA        -0.0061368627        2.1208377292        0.5188856748
LA         1.7923723982       -0.7983833850       -1.3964591471
LA        -1.2605083246       -1.6633831748       -0.9098627402
LA        -1.9695450345       -0.8083855150       -0.9629006650
LA        -1.7070143847        0.0999454733       -1.5614363648
LA         1.0167181475       -0.3033820042       -2.0200895346
LA        -0.7378616648        0.1475709065       -2.1030264089
LA        -0.2832651662       -1.6151502470       -1.4531682147
LA        -0.0236246475       -0.7128047295       -2.0478999501
LA        -1.4004058072       -0.9071369674        1.4747577603
LA         1.6118282913        1.4776866018       -0.3630940517
LA        -0.5523921249        2.0299550916       -0.4602094105
LA         1.3869914209       -0.5321265019        1.5939761667
LA         1.7368491602        0.3187165165       -1.4396781175
LA        -1.8146382932       -1.3419221418        0.0055986486
LA        -1.1208080183        1.0515799804       -1.5715581886
LA         1.8160609455        0.9620728782        0.6075765634
LA        -0.3229034700       -1.2035193017        1.5416154662
LA         0.7589919953       -1.2167140362       -1.4316739188
LA        -1.0024838247       -0.7638141757       -1.5164153237
LA        -1.4945415038        0.2076651257        1.4553860795
LA        -1.0653562995        1.6942498335        0.4761290999
LA         0.5352401965        1.7733964378       -0.4232596380
LA         0.1138333938        0.2980777334        0.5862264902
LA         1.8673057083       -0.1648649745        0.6335017157
LA         1.2574310915       -1.1132131532        0.6343429815
LA         0.2200695839       -1.5223969798        0.6062256610
LA         0.0695166677        0.3137407329        1.6287140785
LA         0.3272945019        1.2165930620        1.0351539143
LA        -1.6369297827        0.7260648833        0.4659703604
LA         1.7216308933       -0.7440329888       -0.3006500401
LA         1.0327217594        0.3613227218        1.0782626765
LA        -0.3187057556       -1.5487197685       -0.3584862469
LA        -1.7132246793        0.1352637805       -0.4637680494
LA        -0.7015983182        0.8050349457        0.9978227919
LA         0.1939856711        0.2296142923       -1.5307770166
LA         1.6694097961        0.3586911775       -0.3370923408
LA        -0.8604577244       -1.2332157812        0.5505461741
LA        -1.5620934868       -0.3856061450        0.4970805669
LA        -1.1387777033        1.0768796745       -0.4674675018
LA         0.9006516873        0.8500620434       -0.9552345240
LA         0.4336498488       -0.5705384978        1.0790916249
LA        -0.1772136694        1.1253461875       -1.0038366039
LA        -0.6285646146       -0.2927729675        1.0302558195
LA         0.8488301868        0.8842357433        0.1239329404
LA        -0.2108655960        1.1546595142        0.0760865925
LA         0.7073554264       -1.1591701565       -0.3328975611
LA         0.9097238206       -0.2166383499        0.1531903841
LA        -0.7872224247        0.2181289988        0.0694746363
LA         0.9647576411       -0.2616789524       -0.9262808325
LA        -1.0255759462       -0.7143127533       -0.4177030050
LA        -0.7667142974        0.1830014687       -1.0091471901
LA        -0.0989581239       -0.6166090594        0.1232937567
LA        -0.0626948593       -0.6665476981       -0.9550405560
LA         0.1546675252        0.2662331216       -0.4588315027
          98
Energy of minimum      3=    -542.7164259     first found at step      631 after                96072 function calls
LA        -2.6137349448        0.6256489242        1.1496390381
LA         1.2379150809       -2.2096222562        0.9668500246
LA         2.7112107153       -0.6304643383       -1.0690239683
LA         0.2465302022        0.3657361221        2.6959893947
LA         0.1865077145        2.2631153026        1.4756636655
LA        -2.6886636357       -0.5782007755       -0.7206917450
LA        -0.0066860341       -2.5583285336       -0.8435242792
LA        -0.0920691685        0.2481564993       -2.6451480155
LA         2.0062874702        0.9168054891        1.3640419494
LA         2.0613061760        1.5041349398       -1.0786088625
LA         2.8110372375       -0.0256174608       -0.1379050915
LA         1.1182737149        1.8018210527       -1.6074029287
LA        -1.0123279755       -2.1800421865        1.1092121784
LA        -2.0090343596        1.5426631917       -0.8151487929
LA        -1.9158304477       -1.5143821399        1.1492948766
LA        -1.1326940361        1.8218008225       -1.4602504416
LA         2.4439962795       -1.0955821717       -0.0884228623
LA         2.4937884304        1.0503201363       -0.1451475119
LA        -1.6502972358        0.9398645258        1.5949879889
LA         1.2749555916       -1.2200073337        1.4564738177
LA        -2.2789672911       -0.4479886355        1.1561533605
LA        -2.3259359522        1.0909102344        0.1671542283
LA         0.1133875884       -2.2109303630        1.0449548935
LA        -0.0077462568        1.8254021743       -1.5467570109
LA         0.2172241443        1.3238836477        2.1002974198
LA        -2.6521382340        0.0230872107        0.2137486379
LA         2.3884904794        0.4378159272       -1.0745879371
LA         1.1356795876        0.6454608608        2.0496775380
LA         0.6154521632       -2.3841338466        0.0618124983
LA         1.1054950065        1.6021856310        1.4321933480
LA        -0.7109181875        0.6582830521        2.1646671790
LA        -0.7412176796        1.6160684616        1.5490787844
LA        -2.3505325001        0.4826437508       -0.7682070322
LA        -2.3039302189       -1.0468037119        0.2146489439
LA         0.5124856609        1.0259150800       -2.1276753041
LA        -0.5092603309       -2.3712927211        0.1330033833
LA         0.7692992636       -0.4351535572        2.0949811126
LA        -0.6118266420        1.0362310940       -2.0544349026
LA         1.8104924401       -1.2809062429       -0.9935960916
LA        -0.3645632049       -0.4224437802        2.1649780820
LA         0.6912921892        2.0700458042        0.4833789250
LA        -0.4421994620        2.0792633349        0.5568228345
LA         1.7797128466       -0.3385659545       -1.5991780223
LA         0.9048999945       -1.9221055532       -0.9176453352
LA        -1.7993054324       -1.2444047770       -0.7638423982
LA        -1.8273147671       -0.3024835716       -1.3683537057
LA        -0.9059982424       -1.9042246492       -0.8047296296
LA         0.8464413693       -0.0454362266       -2.1238681859
LA        -0.9624852633       -0.0271121497       -2.0095039264
LA        -0.0345690474       -1.6264701289       -1.4499204055
LA        -0.0631029619       -0.6914718923       -2.0496982919
LA         1.6538319094       -0.1554841308        1.4304177557
LA         1.5375666575       -1.7524767473       -0.0120532536
LA         1.1786899663        1.8343516500       -0.5040854326
LA        -0.9595664639       -1.1893657012        1.5957809642
LA        -1.0531209797        1.8539895104       -0.3592023048
LA         1.4569148018        0.7330054910       -1.6105225167
LA         1.6043299009        1.3866801529        0.4276707619
LA        -1.4150547126       -1.7202476606        0.1718490052
LA        -1.4896215197        0.7617634194       -1.4219742076
LA         0.8785550143       -0.9905080802       -1.5304497764
LA        -0.9374088397       -0.9721789970       -1.4169610107
LA        -1.3196534730       -0.1298136960        1.6086142641
LA        -1.3672138908        1.4106613363        0.6191766968
LA         0.1575577870       -1.2214604327        1.5394790888
LA         0.0622465588        1.8647643366       -0.4433105735
LA         1.9331852731        0.2964955558        0.4358570382
LA         0.1168868063        0.3384303485        0.5755276348
LA         1.5721169770       -0.7640937680        0.4831560568
LA         1.8186261534       -0.2981659137       -0.5010486995
LA         0.1807115612        0.3509049656        1.6169527609
LA         0.1506966001        1.2842710092        1.0168488749
LA        -1.6892461902        0.3333925522        0.6515545971
LA         0.6515000620       -1.3939360632        0.5421124836
LA         1.0421937256        0.6226516122        0.9684048340
LA        -1.7224625331       -0.2634243352       -0.2761735772
LA         1.5035960879        0.7596395545       -0.5046984995
LA         0.0351090975       -1.5627384522       -0.3569456385
LA        -0.0202240119        0.2786108940       -1.5388017240
LA        -0.7474948392        0.6375595495        1.0812472885
LA        -1.3932104218        0.7884758781       -0.3223677504
LA        -1.3467237441       -0.7276500666        0.6519465545
LA         0.5774441537        1.0528451616       -1.0295558653
LA        -0.4610901872       -1.3820646226        0.6121713674
LA         0.6863850717       -0.4240155809        1.0154337159
LA        -0.5343963010        1.0621553604       -0.9573425627
LA         0.6362278013        1.0793411011        0.0493407231
LA        -0.4098660334       -0.4109800312        1.0838326805
LA        -0.4567073709        1.0890518970        0.1200148473
LA         0.9368073076       -0.9409309859       -0.4304231295
LA         0.9637349099        0.0225093791        0.0538534661
LA        -0.7907193435        0.0426518617        0.1565161776
LA         0.9060703431       -0.0117209995       -1.0291163780
LA        -0.8520118489       -0.9232197045       -0.3215779579
LA        -0.8792746195        0.0066461428       -0.9183117402
LA         0.0767110654       -0.6010111562        0.1172383677
LA         0.0076184341       -0.6495527095       -0.9584020309
LA         0.0509414626        0.3111028029       -0.4681048008
          98
Energy of minimum      4=    -542.5307389     first found at step      672 after               100773 function calls
LA        -2.6174951090        0.6300767937        1.2179473908
LA         1.3473527360       -2.0468140751        1.0796057250
LA         2.5752742987       -0.2905374535        0.7806823828
LA         0.3202164680        0.6008977233        2.6546676582
LA         2.6665611289       -0.5704276551       -1.1238847007
LA        -2.7124429453       -0.7158196351       -0.5506470501
LA         0.0475462236       -2.5850932581       -0.6437531852
LA        -0.2358740998        0.0678498589       -2.6442722190
LA         1.9232046361        1.5280059583       -1.2740418327
LA         0.9460843831        1.7444080623       -1.7822340567
LA        -2.1343273176        1.4177303672       -0.8348190779
LA        -0.8933743557       -2.1020877002        1.3171199449
LA        -1.2974652875        1.6836822896       -1.5367886214
LA        -1.8214006565       -1.4712816909        1.3490126848
LA         2.0031320453        1.1137724957        1.1994983618
LA         2.4134060571        1.1658428144       -0.3282992116
LA         2.7752703625        0.1084263396       -0.2478110927
LA         0.2230456115        1.5111470793        1.9970577915
LA         1.0792708492        1.7745422986        1.2649418178
LA         2.4571053989       -0.9693393853       -0.1021868497
LA        -1.6516809974        1.0119001146        1.5999117955
LA        -0.7807731689        1.7213857602        1.4661920227
LA         0.5963304128        2.1581267571        0.2973851837
LA        -0.5413014576        2.1254498249        0.4222983525
LA        -2.3904541414        1.0294468298        0.1917981686
LA        -2.2329140826       -0.4244356080        1.2915976076
LA         0.2283092741       -2.0910286787        1.2066003714
LA        -0.1774423157        1.7267018846       -1.6737200456
LA         1.3711444794       -1.0192687869        1.4816357801
LA         1.1703073097        0.8680574554        1.9483881099
LA        -2.6653567095       -0.0439260013        0.3333627619
LA        -0.6746208672        0.8132322560        2.1473543667
LA         2.2964514557        0.4789793900       -1.2001093567
LA         0.6972631350       -2.3170182548        0.2180047565
LA        -2.4247454553        0.3512386214       -0.6929255768
LA         0.3542263697        0.9069163067       -2.2143372794
LA        -2.2688403264       -1.0941846308        0.3997008113
LA        -0.4225397302       -2.3451606168        0.3369960471
LA        -0.7662196624        0.8768758419       -2.0923329808
LA         0.8524480668       -0.2171260201        2.0881527724
LA         1.7987304897       -1.2487486677       -0.9648324798
LA        -0.2774405269       -0.2463892771        2.2093251091
LA         0.9261809611       -1.9196412363       -0.8044992483
LA         1.7024036850       -0.3589581843       -1.6376676601
LA        -1.7966709895       -1.3448336145       -0.5829160554
LA        -1.8915307286       -0.4544564147       -1.2545253566
LA        -0.8775995136       -1.9677841925       -0.6140792363
LA         0.7357916960       -0.1457593338       -2.1441593834
LA        -1.0667239117       -0.1932569732       -1.9519742771
LA        -0.0461772816       -1.7041628222       -1.3156198665
LA        -0.1407367903       -0.8205197044       -1.9817646110
LA         1.0496406233        1.8652073433       -0.6891405832
LA        -1.1764809095        1.8030745441       -0.4454784226
LA        -0.8609979702       -1.0764153074        1.7257847168
LA         1.5860580817       -1.6553486169        0.0577185704
LA         1.6898172979        0.0491261684        1.3627384072
LA         1.5341647536        1.5088396331        0.2547258706
LA         1.3318145900        0.6940697763       -1.7189452905
LA        -1.6045213598        0.6157143560       -1.4029373318
LA        -1.3536855498       -1.7309477510        0.3676350679
LA         0.8338545469       -1.0399291267       -1.4839814815
LA        -0.9752511640       -1.0877042238       -1.2919101154
LA        -1.4307071906        1.4218130397        0.5781752821
LA        -1.2697370529       -0.0364060355        1.6765948370
LA        -0.0654167082        1.8543780700       -0.5807486486
LA         0.2543089955       -1.0652517175        1.6215047115
LA         0.0987814773        0.4205191167        0.5503416395
LA         1.8990303800        0.4423806336        0.3222535113
LA         0.1108628432        1.4065812579        0.9226811588
LA         1.5836767816       -0.6323737966        0.4655635409
LA         0.2078054682        0.5084236346        1.5832775785
LA        -1.7004030642        0.3391553092        0.7046410091
LA         1.7828909415       -0.2320716932       -0.5482206136
LA         1.0269690797        0.7663941336        0.8771297151
LA         0.7068162015       -1.2927627441        0.6203731717
LA        -0.7562437394        0.7149112387        1.0700257781
LA        -1.7440089230       -0.3270358723       -0.1737337762
LA         0.0642021359       -1.5538495593       -0.2349791706
LA         1.4203405785        0.8092927895       -0.6230146694
LA        -0.1209013024        0.1869541572       -1.5475098327
LA        -1.4649013069        0.7308985520       -0.3133640418
LA         0.4619108142        1.0217481624       -1.1253290093
LA        -1.3096282177       -0.7025941584        0.7689630269
LA        -0.3986984507       -1.3209552464        0.7387137727
LA        -0.6460410363        0.9911817747       -1.0044313484
LA         0.5635568236        1.1358426675       -0.0542306297
LA         0.7186296535       -0.2866959805        1.0166508606
LA        -0.5258385078        1.1055689038        0.0648058961
LA        -0.3704636368       -0.3148888763        1.1337118112
LA         0.9317413580       -0.9032608946       -0.3959194701
LA         0.9327958653        0.0970527239        0.0118852777
LA        -0.8100387085        0.0511792453        0.1938759366
LA         0.8373398831       -0.0247591289       -1.0594330150
LA        -0.8476751680       -0.9508505302       -0.2080618511
LA        -0.9411269756       -0.0718502970       -0.8708948970
LA        -0.0282449624       -0.6910788164       -0.9009438988
LA         0.0820461434       -0.5560185561        0.1643751139
LA        -0.0089525183        0.3061084458       -0.4859746278
          98
Energy of minimum      5=    -542.5125802     first found at step      677 after               101402 function calls
LA        -2.6811230080        0.6747392400        1.0619127808
LA         2.1668807626       -1.3644299821        1.0629448715
LA         0.1742731882        0.6535022419        2.6551030100
LA         2.7080823579       -0.6233980969       -0.9695173154
LA         0.0510190837       -2.6065259521       -0.5737393894
LA        -2.6947063659       -0.7126899916       -0.6778562698
LA        -0.1038021298       -0.0000062669       -2.6525291572
LA         1.9940694373        1.4762157360       -1.2045939399
LA        -0.9954205498       -2.0668369753        1.3184243232
LA         1.0459375436        1.6878523284       -1.7663807616
LA        -1.9186404755       -1.4304620296        1.2832567416
LA        -2.0813028051        1.4086680915       -0.9790558649
LA        -1.2068046309        1.6505197684       -1.6416873730
LA         1.9395376077        1.1086914271        1.2825785031
LA         2.5179353339       -0.3048151764        0.9210416472
LA         2.4297515117        1.1310150673       -0.2256796311
LA         0.1300570094       -2.0689361256        1.2716108011
LA         0.1245830301        1.5482112951        1.9724435919
LA         2.7764731332        0.0727300204       -0.1025500878
LA         1.0214420470        1.7824720565        1.2825213314
LA        -1.7340165561        1.0602894965        1.4850296927
LA        -0.8483044838        1.7569735994        1.3826714205
LA         0.6591929016       -2.3246291048        0.3172667369
LA         0.5936030508        2.1523692102        0.2821441054
LA        -0.5494681932        2.1321439628        0.3445934550
LA        -2.3958846157        1.0475508173        0.0405067250
LA        -2.3131454193       -0.3811154121        1.1800526768
LA        -0.0812743129        1.6814184245       -1.7186104981
LA         1.2571813377       -1.0130618726        1.5803853530
LA         2.4396482706       -0.9942974086        0.0463163977
LA         1.0658072774        0.8901848220        1.9894339432
LA        -2.6884535589       -0.0197800022        0.1915519671
LA        -0.7896896836        0.8656104384        2.0893857705
LA         2.3530148054        0.4265263199       -1.0878208028
LA        -0.4714197600       -2.3391373162        0.3723351299
LA        -2.3078055245       -1.0719992865        0.3030752258
LA        -2.3893225736        0.3482819217       -0.8286212835
LA         0.4703049003        0.8447784698       -2.2107770504
LA        -0.6546555984        0.8263436069       -2.1487754618
LA         0.7258094136       -0.1839740582        2.1374504269
LA        -0.4116381229       -0.1954467190        2.1987300638
LA         0.9417196589       -1.9523568772       -0.7070784720
LA         1.8267745418       -1.2909976045       -0.8396539270
LA         1.7742659292       -0.4170528436       -1.5374494795
LA        -1.8351648789       -0.4756027563       -1.3420687500
LA        -0.8692935630       -1.9810230613       -0.6107179826
LA        -1.7836960132       -1.3500014144       -0.6451202042
LA         0.8377442632       -0.2089911562       -2.0978242133
LA        -0.9723136529       -0.2380701047       -1.9999491723
LA        -0.0002900449       -1.7413570717       -1.2720010040
LA        -0.0519097608       -0.8731941738       -1.9642733923
LA         1.0947611811        1.8329333117       -0.6721747842
LA        -1.1415154399        1.7952801228       -0.5486525224
LA        -0.9787373901       -1.0313878170        1.7032730277
LA         1.5587284622       -1.6708181060        0.1788887042
LA         1.5245682954        1.4917549147        0.3049618854
LA         1.4184053508        0.6364856945       -1.6606221662
LA        -1.3973941593       -1.7165208896        0.3365121349
LA        -1.5303752489        0.5885096982       -1.4993752143
LA         1.6071773545        0.0476207852        1.4500909214
LA         0.1375286830       -1.0313862332        1.6615896464
LA         0.8927022045       -1.0879798009       -1.4119190181
LA        -0.9237851304       -1.1171342357       -1.3143357051
LA        -1.4542951766        1.4416617476        0.4678456769
LA        -1.3700034320        0.0108943095        1.6076661489
LA        -0.0244919361        1.8340545362       -0.6244713162
LA         0.0640520023        0.4252790647        0.5466646234
LA         1.8752426620        0.4260098725        0.4126091674
LA         0.0678086799        1.4193861093        0.8964184052
LA         0.6609535733       -1.2984843707        0.6958194604
LA         0.1181735028        0.5364370526        1.5817109457
LA        -1.7409919673        0.3639502294        0.6052364547
LA         1.5353266165       -0.6310629858        0.5578999967
LA         0.9784642059        0.7661213726        0.9152901451
LA         1.7975567816       -0.2639512551       -0.4495256257
LA        -0.8145738396        0.7412228270        1.0119316051
LA         0.0558557154       -1.5671438350       -0.1896021180
LA        -1.7440279100       -0.3234947672       -0.2581390682
LA         1.4506231975        0.7773162746       -0.5650555817
LA        -0.0461517411        0.1440533032       -1.5541934593
LA        -0.4595909046       -1.3052743419        0.7499303689
LA        -1.3665707080       -0.6798270174        0.7148850881
LA        -1.4474525426        0.7285600742       -0.4067914720
LA         0.5213176538        0.9841633510       -1.1202852570
LA        -0.5911197979        0.9655373559       -1.0589394287
LA         0.5676981571        1.1229420337       -0.0481012102
LA         0.6488468330       -0.2778014307        1.0622047141
LA        -0.5263918326        1.1042079804        0.0121834702
LA        -0.4463620323       -0.2894841867        1.1208989046
LA         0.9209083778        0.0861634374        0.0572275298
LA         0.9344252176       -0.9260197224       -0.3238233534
LA        -0.8272160080        0.0548164457        0.1503832788
LA         0.8826011100       -0.0629828026       -1.0129244065
LA        -0.9032606078       -0.0920109339       -0.9168326011
LA        -0.8517168779       -0.9553858673       -0.2283801143
LA         0.0045791212       -0.7192317197       -0.8816238017
LA         0.0099578310        0.2869533002       -0.4911000684
LA         0.0621997972       -0.5618324080        0.1863107802
