          98
Energy of minimum      1=    -543.6653608     first found at step     3083 after               616852 function calls
LA         0.4435669585        2.3669606545        0.9835966855
LA         2.0582502497       -1.5906222281        0.0155948900
LA        -2.1071902338        0.1280746114       -1.5198891998
LA        -2.2318414683       -1.0971586825        0.7627862748
LA        -0.3332690414        0.9292405077        2.4066907453
LA        -1.1265413329       -0.7436972390        2.2236312166
LA        -0.5098541120       -1.6212301935        1.9693598750
LA        -2.5408203164        0.2232925691       -0.5109691748
LA         0.9559998188       -1.9431074256       -1.4412197458
LA        -1.3117237293        1.8056408052       -1.3363226592
LA         1.1754811187        2.2062443363       -0.7193368247
LA        -1.7453538360        1.9008586122       -0.3274027159
LA         1.5662143840        0.5121454056       -2.0128078451
LA         2.2192537625        0.7209786972       -1.1497035774
LA         0.7729425730       -1.1607924519       -2.1958681494
LA         1.3243109545       -1.4294612232        1.7232399713
LA         2.5282323338       -0.5994739024        0.1240505914
LA        -1.0662965598       -1.3530928837       -1.9490680595
LA         0.7534004119        1.0428556287        2.2608751242
LA        -1.6151540673       -1.9746914138        0.5085148041
LA        -0.6431024981        2.2533450833        1.1294120905
LA         1.7942931962       -0.4383129060        1.8316955295
LA         0.5224416434        1.9974108442       -1.5824411346
LA        -0.8832392426       -2.1354075954       -1.1944193450
LA         1.2481402571       -1.8896361207        0.7147821409
LA         1.8706868230        1.4183818388       -0.3580723693
LA        -1.8345213064       -0.3375917666        1.4697127984
LA        -1.2843057549        0.8088455712       -1.8264225711
LA        -0.2312377960       -0.6896461566       -2.2606214017
LA        -2.1471141298        0.9983038448        0.1810593528
LA         0.5713123030        1.0028588544       -2.0754199820
LA         2.1832793772        0.0824851035        0.9305799718
LA         0.1329976727       -2.2462442925       -0.7590717374
LA         1.1302119458        1.5809776825        1.3647791654
LA        -1.0319707362        1.3549131704        1.6549134741
LA        -0.6074775975       -2.0836481562        0.9637804529
LA        -1.7399355143       -1.7493665179       -0.5827192073
LA        -0.8087174061        2.4025531390        0.0305755322
LA         0.8869496184       -0.0646087046        2.3741032902
LA        -0.3730973626        2.3068983415       -0.9829743720
LA         2.3177397584       -0.3787863779       -0.9548946663
LA         1.6617036135       -0.5885780407       -1.8219598194
LA         0.4148105262       -1.0603054548        2.2651500279
LA        -2.3594530327       -0.8678067452       -0.3272809204
LA        -0.2047066958       -0.1787452493        2.5205882963
LA        -1.9238330020       -0.9634617197       -1.3408311339
LA         1.8456009810       -1.3744832561       -1.0638482408
LA         0.2829389661        2.5166904052       -0.1159090787
LA         1.6712388146        0.9935033060        0.6245289010
LA         0.2494070598       -2.0050077932        0.2964189787
LA        -0.3043945927        0.3617212609       -1.9866116906
LA        -1.6162513776        0.6497832648        1.0656638731
LA        -0.7367421003       -1.8700750993       -0.1401583693
LA        -1.2096416037        1.5150424314        0.5486608044
LA         1.2759109967        0.4653992431        1.4883107061
LA        -0.3371496578        1.3234576923       -1.4813520377
LA         0.6704727937       -0.1103664375       -1.8968129855
LA        -0.9105388494        0.2367975601        1.7817016530
LA         1.9844305077        0.3098200054       -0.1601909262
LA         0.3302762210       -1.5288559839        1.2700909050
LA        -1.1050655512       -0.2960067282       -1.6585608215
LA        -1.9775576231       -0.1044219726        0.3714521873
LA         0.9768083079        1.7436445712        0.2552702912
LA         1.0387960753       -1.6844350873       -0.3784110868
LA        -1.7055254899        0.8982109971       -0.8177981633
LA         1.7055251622       -0.8982118023        0.8177975377
LA        -1.2137515662       -1.2034336794        1.2095240450
LA         1.2137515360        1.2034340578       -1.2095234118
LA         0.0488290229        1.4592317066        1.5008838440
LA        -0.0488284841       -1.4592313521       -1.5008839743
LA         0.7973114053       -0.5286032360        1.3756974690
LA        -0.9200782500       -1.0778026978       -0.8941296178
LA        -0.7676353570        1.4154724211       -0.4635133793
LA         0.3158993460        1.5287605487       -0.6089082503
LA        -1.3524574240       -0.9828594450        0.1118800354
LA         0.1824031605        0.3463982897        1.6292354843
LA         1.3227809405        0.0959902087       -1.0240639219
LA        -0.1164796845        1.6237038222        0.3971012029
LA        -0.2862232156       -0.6418909543        1.5210927856
LA        -1.5349868518       -0.2028015334       -0.6405918323
LA         1.5053102441       -0.6840680489       -0.2715924785
LA         0.8541548233       -0.8922990277       -1.1322069251
LA        -0.7237698443        0.4477263569       -0.9552713892
LA         0.5700844057        0.8614844506        0.7547803032
LA        -0.3610817152       -1.1022585063        0.5398992331
LA         0.7055995976       -0.9907327611        0.3967655049
LA         0.9957382098        0.7680180000       -0.2355817411
LA        -0.1184255778       -0.4136650589       -1.2048657678
LA         1.1754285189        0.0000927930        0.5051858678
LA         0.3429115163        0.5592524737       -1.0984048895
LA         0.0645721677       -1.1957250616       -0.4504629884
LA        -0.9775683381       -0.2250115802        0.7940878907
LA        -1.1572587223        0.5429133277        0.0533199953
LA        -0.5162311030        0.7479059231        0.9005485634
LA         0.5266740372       -0.2117392782       -0.3472588302
LA         0.0991904819       -0.1178710006        0.6473604955
LA        -0.5445925533       -0.3237446441       -0.2035099306
LA        -0.0812722951        0.6533550552       -0.0965915183
