 proc #    saddle energy   prefactor   product   product energy product prefactor  barrier         rate repeats
      0      -1774.80553 1.00000e+12        -1      -1775.00790       1.00000e+12  0.98563  8.01246e+04     119
      1      -1775.19010 1.00000e+12        -1      -1775.77872       1.00000e+12  0.60106  4.70498e+07     432
      2      -1774.59469 1.00000e+12        -1      -1775.09375       1.00000e+12  1.19647  2.43101e+03      16
      3      -1774.27834 1.00000e+12        -1      -1774.39309       1.00000e+12  1.51282  1.28301e+01      64
      4      -1774.80236 1.00000e+12        -1      -1775.00587       1.00000e+12  0.98880  7.60302e+04     129
      5      -1774.80408 1.00000e+12        -1      -1775.00608       1.00000e+12  0.98708  7.82306e+04     133
      6      -1774.17568 1.00000e+12        -1      -1774.97274       1.00000e+12  1.61548  2.33920e+00       7
      7      -1774.80236 1.00000e+12        -1      -1775.00587       1.00000e+12  0.98880  7.60314e+04     125
      8      -1774.80409 1.00000e+12        -1      -1775.00608       1.00000e+12  0.98707  7.82384e+04     153
      9      -1774.27850 1.00000e+12        -1      -1774.39495       1.00000e+12  1.51266  1.28633e+01      49
     10      -1775.17159 1.00000e+12        -1      -1775.77872       1.00000e+12  0.61957  3.46184e+07     393
     11      -1774.00430 1.00000e+12        -1      -1775.10669       1.00000e+12  1.78686  1.36515e-01       2
     12      -1774.27925 1.00000e+12        -1      -1774.39332       1.00000e+12  1.51191  1.30246e+01      62
     13      -1775.19010 1.00000e+12        -1      -1775.77872       1.00000e+12  0.60106  4.70498e+07     432
     14      -1774.27925 1.00000e+12        -1      -1774.39332       1.00000e+12  1.51191  1.30242e+01      44
     15      -1774.59468 1.00000e+12        -1      -1775.09374       1.00000e+12  1.19648  2.43093e+03       8
     16      -1774.80553 1.00000e+12        -1      -1775.00790       1.00000e+12  0.98563  8.01312e+04     106
     17      -1774.59558 1.00000e+12        -1      -1775.09429       1.00000e+12  1.19558  2.46735e+03       8
     18      -1774.27835 1.00000e+12        -1      -1774.39309       1.00000e+12  1.51281  1.28305e+01      50
     19      -1774.17485 1.00000e+12        -1      -1774.97274       1.00000e+12  1.61631  2.30738e+00      10
     20      -1774.59558 1.00000e+12        -1      -1775.09429       1.00000e+12  1.19558  2.46735e+03       7
     21      -1774.17668 1.00000e+12        -1      -1774.97274       1.00000e+12  1.61448  2.37830e+00       4
     22      -1774.27850 1.00000e+12        -1      -1774.39495       1.00000e+12  1.51266  1.28631e+01      53
     23      -1774.31103 1.00000e+12        -1      -1775.00908       1.00000e+12  1.48013  2.20586e+01       1
     24      -1774.00430 1.00000e+12        -1      -1775.10669       1.00000e+12  1.78686  1.36517e-01       3
     25      -1774.00296 1.00000e+12        -1      -1775.10696       1.00000e+12  1.78820  1.33520e-01       5
     26      -1774.17567 1.00000e+12        -1      -1774.97273       1.00000e+12  1.61549  2.33900e+00       4
     27      -1774.58415 1.00000e+12        -1      -1775.09317       1.00000e+12  1.20701  2.04125e+03       4
     28      -1774.29975 1.00000e+12        -1      -1774.39287       1.00000e+12  1.49141  1.82955e+01       0
     29      -1774.30821 1.00000e+12        -1      -1775.00974       1.00000e+12  1.48295  2.10487e+01       0
     30      -1774.31061 1.00000e+12        -1      -1775.01016       1.00000e+12  1.48055  2.19052e+01       5
     31      -1774.16546 1.00000e+12        -1      -1774.99747       1.00000e+12  1.62570  1.97466e+00       0
     32      -1774.58414 1.00000e+12        -1      -1775.09317       1.00000e+12  1.20702  2.04118e+03       4
     33      -1774.00296 1.00000e+12        -1      -1775.10696       1.00000e+12  1.78820  1.33525e-01       0
     34      -1774.29975 1.00000e+12        -1      -1774.39287       1.00000e+12  1.49141  1.82955e+01       2
     35      -1774.29767 1.00000e+12        -1      -1774.39156       1.00000e+12  1.49349  1.76751e+01       2
     36      -1774.00657 1.00000e+12        -1      -1775.10639       1.00000e+12  1.78459  1.41757e-01       3
     37      -1774.16646 1.00000e+12        -1      -1774.99726       1.00000e+12  1.62470  2.00771e+00       0
     38      -1774.29767 1.00000e+12        -1      -1774.39155       1.00000e+12  1.49349  1.76751e+01       2
     39      -1774.00656 1.00000e+12        -1      -1775.10639       1.00000e+12  1.78459  1.41745e-01       1
     40      -1774.14668 1.00000e+12        -1      -1774.97274       1.00000e+12  1.64448  1.44646e+00       0
     41      -1774.16766 1.00000e+12        -1      -1774.99752       1.00000e+12  1.62350  2.04791e+00       3
     42      -1774.16765 1.00000e+12        -1      -1774.99752       1.00000e+12  1.62350  2.04788e+00       0
     43      -1774.17486 1.00000e+12        -1      -1774.97274       1.00000e+12  1.61630  2.30754e+00       1
     44      -1774.17666 1.00000e+12        -1      -1774.97274       1.00000e+12  1.61450  2.37755e+00       6
     45      -1774.31062 1.00000e+12        -1      -1775.01016       1.00000e+12  1.48054  2.19063e+01       0
     46      -1774.31103 1.00000e+12        -1      -1775.00908       1.00000e+12  1.48013  2.20590e+01       2
     47      -1774.29788 1.00000e+12        -1      -1774.38966       1.00000e+12  1.49328  1.77373e+01       1
