        0.4570133640       -0.5469405056       -1.5258338006
        0.1796804452       -0.1772506566       -0.5319513262
        1.0391190879        0.5995727774       -1.1404427427
        1.0534133108        0.4693800122       -1.2712558764
       -0.3058410057        0.3403290623        1.2966088105
        0.1672028514        0.4652085730        1.3465714132
        1.6309634845        1.6101847237        0.8128334204
        0.1990791619        1.3261077308       -1.6343064091
       -0.8073659134       -0.5128800587       -0.9167522225
       -1.3071798419       -1.2903282779        0.8498896710
        1.0898000708        0.7919127731       -1.0146097250
       -0.4391591080        0.1269411169        1.5645513035
       -0.9486624582       -0.3872432663        0.6787841815
       -0.3986858432        0.0354285371        0.0756031046
        1.0163156729        1.3391809820       -0.5816032591
        0.5812476694        1.1104880336        1.2266037908
       -0.6032069566        1.0781175036       -0.3036056858
        1.6047414890        0.0145464058       -0.2675496818
        0.1758461177       -1.5623178257        0.2630248628
       -0.5589826162        0.5533691771       -0.7946651797
       -0.6677909378        0.0555694709        0.1928781518
        0.3604000312       -0.6049706341        0.9343748264
       -0.0519280376       -0.6639140390       -0.4828314205
       -0.9620113379       -1.4697729035        1.1103287369
        1.6381526945       -0.9261115737       -0.2957215370
       -0.6960142056        1.4687997037       -1.1254731931
       -0.6071222810       -1.3153666676        0.6493588749
        1.2650856781       -0.2472998494        1.6917845322
       -0.8921289088       -1.3787795574        0.7946905053
        0.6612003468       -0.3780546857       -0.8027404936
       -0.3607223572       -0.5212326060        0.9285108618
        0.5289257738       -0.1371608187        0.2831414808
       -0.1182519160        1.6871963185       -0.0312474322
        0.7707350948       -1.5768748481       -1.4704003793
        0.7939458057        0.9368362220       -0.7249145810
        0.4765763506       -0.3939831672        0.0580340201
        1.4424006320        0.8157903372       -1.1595912002
        0.0740039276       -0.2572876039       -0.5410423030
       -1.4988797441       -0.3201588267        1.6020905140
        0.5670218612       -1.2125046818       -1.6095783972
        1.0645424337       -0.6370775419        0.1715313402
        0.6443189308       -1.1997923080       -0.3738184274
        0.3683044147        0.2866216446       -0.4272963610
       -1.3819977766        1.7166017420       -0.7663182598
        0.3565748693       -0.4353024568       -0.1265858192
       -0.4872911606       -0.8073038898       -1.3512504298
       -0.7537242294       -1.4168571474       -0.5694707924
       -1.1690763246       -0.6874845595       -0.0824205536
        0.0188118096        1.6899965034        0.3764837508
        0.1842148831       -0.2814268398        0.2171544043
        0.0542193482        1.6614468010       -0.1867349503
        0.5295509025       -0.8835744225        1.3678523782
       -0.0790823409        0.9090468001       -0.2136149301
        1.0121294593       -0.1187892906       -0.1765110270
       -0.4944139401        0.8849685506       -0.9184395376
        0.2368493552       -0.7004629703        0.2851051098
        0.7681067081       -1.5423668632        1.1140209699
        0.1277355193       -1.5831228574        1.1372158837
       -1.7253548119        0.6887820436        1.3058860356
        0.4743567487       -1.3432089830        0.9192485740
       -0.1184370948        0.7646835786        1.1633561452
        0.9772810479       -1.3498480331       -0.6874306594
       -1.1372770250        0.2900146414        0.6977537528
       -0.6000734605       -0.1828028868       -1.1565363603
        1.6549307367        1.3096872608       -1.4348486103
        0.3984010007        0.0217535341       -1.6638533142
       -1.6072865156       -0.1275243422       -1.0481839825
       -0.0437526955        1.6160589234       -1.4490292227
        0.9581674092       -0.8682068507        1.2861761281
        0.7436150167       -0.7131426401       -1.3771328650
       -0.4019976963        0.2058596888       -0.0437030444
       -0.5802513652        0.0032354044        0.9928829965
       -0.1830501715        1.6845168675        0.0601777386
       -1.3000371035       -1.5798035517       -1.4715297802
        0.2630911353        1.1490244161        0.5927633245
       -1.4421922810       -1.4310879933        0.6143237103
        0.6672167104        1.0999155907       -0.0741601336
        1.5896048934       -0.8386485620       -1.1859059585
        1.5926205366       -0.1360106734       -0.8206664292
        0.3756782342       -0.6887627009       -1.6289864264
        0.8070417323       -0.8324456274       -1.3059978862
       -0.2237892829        0.2186417178       -1.0383898434
       -0.4275080027        0.5805862234       -0.2038211716
       -1.0625780820        1.4105286106       -1.0339427660
        1.3390796020       -0.1104182958       -0.2849713485
        1.6846088254        1.1119558076       -0.4252077701
       -1.5570950192        0.7878758486        0.3158979105
        1.1180280650        1.0404956928       -1.6347123565
        0.2279771693       -0.0830272430       -0.0253597019
        1.5203734687        1.1891952009        0.5940772541
        1.1917147955        0.0845708085       -0.1869556705
       -1.4484486333       -1.5483152945        1.0812867476
        1.1155554890       -1.2867887101       -0.6066658566
        1.3377868475        0.6233985207       -0.6714681738
        0.6871864558        0.3740655217       -1.3586404867
       -1.0298346619        1.2416476187        0.6774649657
        0.9235668406        1.5790507995        1.2881149703
        1.4001183503        1.1839922613       -0.8097033440
