50.000000000000000     50.000000000000000     50.000000000000000
50.506757974485240     50.225637949041449     50.434146623429491
50.225077168133879     50.574574873569325     49.542965966772165
50.608606507381126     50.278947505593656     49.346103289019652
50.926247470069491     50.317413633400214     50.032197231556509
50.184443566583553     49.321559074013315     49.987749097937517
49.582181091206543     48.926069430677707     49.811380813452040
50.983253985508107     50.119180030394190     48.713234508778584
49.600307837726639     49.693202682174999     49.525835861665037
50.025968500080282     50.995586949172733     50.027404883017311
50.304366640427588     51.369742289507570     49.490995489194873
49.528536629533406     50.267511211359043     50.072311092914887
49.393186643602583     48.640348367949400     50.423232310696477
50.724875645240395     49.518153182437317     48.474319337022308
49.227099288678517     50.158609806262845     49.197182590159791
48.549012068628521     50.062332370615124     49.230678642187307
49.596156246093670     50.170068438614550     50.867024371983312
51.005649694312744     50.391794865843757     50.791559086533603
48.669136784771659     48.843817400120308     50.333480044568518
49.739404046009412     50.840438339956059     50.792693474645041
50.510171325789841     51.107377911175178     50.636014863626158
50.671233300532961     49.185055912573773     49.901668824158065
50.521084931166207     49.028761120456714     48.121268111888277
49.787543279891764     51.420555838999569     50.811842917864368
50.834731661770931     50.870006380795964     50.966182816769233
50.015387185792648     49.512729102678897     48.249146068814696
51.612385756481963     50.399930592525088     50.440553757185484
48.573442699026700     48.500771559639979     49.822300093346449
49.686214093465487     50.500284130597159     49.079863879258156
48.220355941574752     48.379539544199730     50.462767545648354
49.942215785898533     49.135261295552397     48.715663187998729
48.006240311656313     50.096928067971916     49.641751052305359
51.189277471616286     50.983600898509174     50.374377581434324
49.163957780997841     48.390294933180478     49.688823133372871
49.722992117371241     49.237763006861492     50.241275182923054
50.972200790339166     50.870442112442056     49.384417886402048
51.998308426074210     50.807610853683805     50.323107671882951
48.432452023630788     49.442360025934917     50.714141316327776
