50.000000000000000     50.000000000000000     50.000000000000000
49.292768886879372     50.111926789478773     49.803853046161024
50.240393985191446     49.951136181241978     49.528415697242053
50.710512655787909     50.319371216770300     49.453555674542720
49.221434256169395     50.477960619094148     49.358940279756141
50.663094859142149     50.919780488769405     49.013583709825731
50.279911291149261     50.968094874306928     49.548436365128424
49.186170221726947     50.858122638405590     48.773605088376584
49.158238014150072     49.613443507024598     50.395179866916379
49.678600985251073     51.032262681828932     49.208280973384930
49.343107322635014     49.043298495884734     49.962850814739781
50.191295910847813     50.326441852681207     48.768991317676893
49.913947663243484     49.429949582470080     49.430164011380029
49.645703065127343     48.907636406531289     49.113132174876441
51.072019880049417     51.205480888033854     48.441350576951756
51.700940157546093     50.977397987993655     48.183988726808160
51.214305170348126     51.472958340579929     47.839259020294847
50.240579617198470     48.484883544670502     49.128385489943412
50.813649628515705     51.276006499971970     49.704183254452595
48.613696226122407     50.126888320270879     49.504043737909072
52.293959410028059     50.560323328422626     48.449674294344469
50.526191546867040     51.314275936970020     50.408287819538067
51.978702322453586     50.913746401004602     48.628823136271194
48.520305949049003     49.653058325725418     49.039226147359749
48.689462547347148     50.407981970988146     48.844475718941332
50.659909524955722     48.837627966803105     48.997597275048030
52.433592725243003     50.742958295958253     47.785035263029549
49.535940240108907     49.653422647678575     50.854717272427159
47.962542208979656     49.548948847838638     49.584428819862225
49.849649623884019     48.836284823777625     48.544941116959862
50.209997537853610     49.512896376051671     48.555838978927305
49.723616480796125     49.685889629902128     48.186002548466718
51.201827350777741     51.194765203637822     48.928883045779607
49.128681389152241     49.430230730496078     49.411592780466094
49.301704590266830     49.800661474081124     48.484310411775709
51.526742831524807     51.902536709435068     47.922106258652434
48.640129238622727     49.171645421528403     50.389188462500094
51.410163646230643     51.253394947463548     49.665449130165719
