50.000000000000000     50.000000000000000     50.000000000000000
49.661476750177037     49.915185502228510     50.429909166403277
49.601082174249214     50.541915973097510     50.452388541848642
49.876742793717476     49.317999377832592     49.653579667530103
50.288058623010777     50.242579622210791     49.331977642140245
49.763567854887285     49.908883694054701     49.098915221813847
50.360722749026365     49.927609926830314     50.349935329394803
49.370780809920703     49.553519991148185     50.848253262445979
50.616314433986972     50.049046243855756     50.823811857232741
50.540269602732273     49.963385222199946     51.565939500906183
50.003776315171109     50.778914915250191     49.106875420791511
49.469139798153734     50.217896380226321     49.977398238864133
50.605955546572780     50.830993612173380     49.724775456409688
51.239672914972047     50.480491142636474     50.836220187039451
49.640774695333477     48.805389040003796     49.451968956653907
48.914011449070735     49.630790234170533     51.183564348933317
50.864119294443988     49.759323252101403     52.256887371424483
50.589132618848964     49.819156712892756     49.102869833121801
50.232451499172555     50.678360696428932     51.679497851291337
51.162919248206677     50.968823726923702     49.795820445155378
50.917983367769175     50.622040817104782     51.950456770246710
49.361084883142361     50.117871795658338     51.332185703800924
49.931320859030080     50.195069889922515     51.091015574212577
50.370504913235834     50.460519067850356     48.687157372022988
50.143585315450245     50.364042395141936     50.521345706657357
48.734137782443064     50.241234385304871     51.318288423046326
51.660382289475052     51.124481263986084     49.816196620724490
50.145754201272162     50.539004866113451     52.181795338469705
48.872021901182556     50.587553348630408     51.935119807460339
49.109359939019939     48.443754165106519     49.516047933168956
49.527018856314427     48.085777225481770     49.850625608836971
50.544307928438052     49.395005328181952     51.733276951260983
49.345526668019687     48.968849727848884     48.999135931655289
50.941199287033449     50.445080902087049     48.254821925106988
51.677226123937267     50.271343815627240     50.394352139964717
49.992667247734090     50.882718063285424     52.595872387373547
51.417550932633958     49.832318919560080     50.262673791783762
49.476091289994002     51.192930336595687     52.639440625203228
