50.000000000000000     50.000000000000000     50.000000000000000
50.506141238851811     49.574951843238793     49.965483169841576
50.488858817335178     49.368136327311881     49.299964088713786
50.122550125653028     49.603240053267207     50.655051319618693
50.229085715046928     50.692007676732786     49.766464548678456
50.726720511310660     48.741982110514790     49.338961252469744
49.850027411361644     49.280485313218939     50.159718358692800
49.468728506224110     49.597395435493937     49.789909133467198
49.813321545565827     51.253820234139063     49.749635266820910
49.430536197723072     50.390779415215832     49.596223822186545
50.221528338870215     51.125110356751890     49.347485527510237
50.965779243244448     48.043319424146411     49.205994488393031
50.503268592157141     49.097185245483743     50.535687105124516
50.243314570145053     48.946451876606773     49.828184599935327
50.170876164027980     51.620831860490995     49.476379092233735
51.066530005948351     48.594729924059820     50.264956062631491
51.055129555901594     48.042731739438651     50.260073704577891
50.286916337104081     49.236906353159426     51.246935145817289
50.601545007677970     48.492455251852022     50.668350480654993
49.708038322574666     48.795493213079489     50.317939665801326
51.087838983462916     47.355480896521527     49.590633109765335
50.651494669722339     50.085803301916478     49.226536492481443
50.599084607981503     46.943868647588772     49.565459467213870
50.939220482272340     47.115472190447441     50.126855197003302
49.544479119618352     48.785822098882711     51.085033401794703
48.849168005636677     49.505759607253808     50.183978710856614
51.026120164243864     47.295943841556728     48.833476162111033
51.787178166289216     47.342812028845486     49.688108497837923
49.536664841624571     49.484015655140233     50.507834029641565
49.003849210608898     48.963264475121925     50.307890485785009
49.991954098810737     48.293301245502199     49.619630711961491
51.196051977289557     47.666767494107255     50.659569549130893
49.972682916773145     48.264286316028382     48.912364387016105
51.381225648142120     47.764054550330108     49.276625534546106
51.035458238613749     47.099698637703312     48.233829816194749
50.998347279959873     48.972593859338573     51.435841195882453
50.114431443276352     48.056355938961318     50.219893386119395
50.102174874604572     51.557770872778399     48.780222515035597
