50.000000000000000     50.000000000000000     50.000000000000000
50.544731767605555     49.535927021117296     49.937491207295302
49.448490210300093     49.881059598550038     49.699743753383352
50.462792983849795     50.100510397253068     49.551144977523322
49.867752984521942     49.648171027652715     49.494593404216310
50.618999782587295     49.316297983187596     49.352372286198246
49.247321022553713     49.436640773783388     49.237513817831797
49.962136690103982     49.892682016627113     49.068323964397649
50.009003043344499     48.962871065304022     49.002315543223318
50.064615040359136     50.400044696409303     49.329604882217396
50.343860506753579     50.283279123269566     48.492529899537828
48.744644391648507     49.730773500414060     49.490866281246376
50.716296690858208     50.226289095358396     48.142236663749131
50.933215437742184     50.213025467512850     47.684447119821399
50.009341458356282     51.095312104599934     49.629585202382586
51.305278131418085     49.439949461649903     49.584464658274172
49.850224605821069     49.342869919237650     48.518746602411262
48.799195067686007     49.424338904478347     48.654614015938968
51.283054742128620     50.870306209037551     47.448092754387645
51.487092354681089     50.256062757226481     48.140061600415628
50.398092082307414     49.777347132958035     48.236571168159855
51.057637333335450     50.726888260476713     47.008625103667235
51.152150155245934     50.137853750820987     46.975649068163065
51.829955214145663     51.003254017125158     47.447307953107433
49.450256896526362     51.207088134728693     49.564008973869392
52.276773566348943     50.683324698225228     47.632673357109248
50.002423548108332     50.428349368613233     47.901481235154705
50.761747511735642     49.435429535846104     48.506605853723812
50.313568337466236     50.892368122869989     47.519653402710617
51.016459751803126     48.904029336715269     48.219863730939828
51.617685829354748     48.771933776473837     48.456275772981748
50.458734055474395     51.584694024588636     50.072167635996294
48.441943316935742     50.024089116909394     48.961366121751354
50.983488771730983     49.808211981068418     46.547623902590047
49.014567663178184     48.857367704959252     49.259554175911994
51.159119915638762     49.978757783452998     49.926188292823454
52.032721943784438     48.665835973793079     48.128678990884559
52.372806853439826     48.366655074475119     47.660239567866832
