50.000000000000000     50.000000000000000     50.000000000000000
50.279166667118872     49.749485935262236     49.449432972366886
50.629082833065603     49.359084653165361     49.206136623851066
50.764573514028562     48.796320122298020     49.021991537656135
50.315174160270729     48.537647997099526     48.644552165351350
50.326810971853149     48.319938621157441     48.017714371133245
50.625677016604250     50.438176625160466     49.611750445613076
50.692246608834083     50.803460524489118     50.153035801000321
50.359033325532629     50.141643204017967     48.855276551308748
50.838934149081339     51.205674934884165     50.407747452968025
49.829496137473029     49.625057881702183     49.214642919182964
50.736392725143212     49.564440873501056     49.844589279719393
50.476529017293466     51.732546808086170     50.110047779646401
50.259824409383555     48.980389744046569     49.041566127955527
50.062798131079639     48.115253812278837     48.504569286392460
50.161767849339228     50.917336321588252     50.660571116925745
51.473297900884617     49.606739121078114     50.122758404276134
51.117058280209839     51.006027585581315     51.042539044899890
51.621530317482318     50.277971336149612     49.974452660322370
51.291087711306609     50.354774870995662     50.346886667360955
50.915040020606703     49.526152420123182     50.391961228117005
49.645972421718390     48.536998611503435     49.276601459719160
50.944345938366673     49.776073335446199     49.021427191241891
52.058445140626482     49.311935597650880     50.265424085882046
50.823215829601466     52.193085448667262     50.036003359630520
52.373862036721604     49.702661226279396     50.808389980599792
49.429700978683876     48.370068898664769     49.947274300181689
50.215911030562246     51.625221900784119     50.783071221587214
50.480552686270570     48.943163875011280     48.124816197529157
52.130955278082766     50.178714402826635     49.789990115226189
50.674023198751918     49.756666516081339     48.602623165351993
49.682643940980640     47.781111927759603     48.171635204495622
49.846000402731441     48.815107440381773     50.409371440765497
51.369797353486106     49.699788428872893     49.426547127449112
50.448455645475761     48.100368194668377     48.855307197343635
51.043994252744888     50.578909202619940     50.770790546711915
50.839245751974275     50.866098344796583     51.588365500606187
49.165456419387048     48.213452339656271     48.288746839556445
