50.000000000000000     50.000000000000000     50.000000000000000
50.051910769863341     49.607694966509520     49.510015749450609
50.620799270818459     50.418428540078700     50.023852645429436
51.196509609765727     50.718455775292178     50.493354576922123
49.652262176941292     49.495366398229976     50.471890423141346
49.276938321281257     48.954330761968805     50.271559982103412
50.587226178575015     49.426043246883744     49.328732801264074
50.147775527708639     49.118336272412044     48.883312246559861
50.038316858656785     48.684276257703644     49.303203470480454
49.510097610598805     50.084081500126629     50.581885251155491
50.737979775002792     48.800957433555546     49.009245828022770
49.088300530199255     50.489651636638641     51.019773496774505
51.126304024073050     49.827371423477445     49.109204669043315
51.762583817177742     49.724988134693909     49.347893045268897
49.574157119053417     50.696127662303290     51.605866678667347
51.956144794904759     49.953283832838153     48.937266622473416
49.986315463367895     49.435431132350445     50.994938543734342
52.013085033683105     49.679900813960010     49.790455250062813
49.208260610947761     48.205113570349937     50.446750042836896
49.894429784609386     48.591297901824561     50.316612020938990
50.470846045527288     49.879843001349805     50.749302921844297
50.495974968132963     48.879274675078406     50.087083397278995
50.179372965550407     50.912755279360489     51.768205923173390
50.890105783156770     49.385855871778759     51.169899410680415
49.981476198794120     50.258218727009179     51.266928431483208
51.892388807391171     50.425698004399528     48.554907915182980
50.356410363360332     49.915842626474223     48.997547442503262
50.328961241735129     48.740657858455606     48.319639412010766
51.670203026268510     50.226512640915438     49.509598444318122
51.316207599486923     49.849085314284871     51.604309642953766
49.738668481936635     51.046819894253012     52.014913282995941
49.889216599237123     48.451975865037156     50.982124787997449
50.641657928212560     50.480903420706454     49.291128688457022
50.983420130907149     50.912996597684668     50.008267977204753
49.054888936089263     51.117398861695399     51.913703040187841
49.223532900487967     49.332481133804187     49.933728751352469
50.243372436676367     51.076639110401921     49.018355127611727
51.893886064371834     49.438287553755437     48.675846353821562
