50.000000000000000     50.000000000000000     50.000000000000000
50.471995120011293     50.037628743678532     50.439551128122133
51.063018004364558     50.403132677820977     50.285470105470665
50.757120517462553     50.801396197854721     49.928518419625007
49.935610873301911     50.594610529679237     50.390978192574927
49.721473052866877     51.189180327300214     50.715923238110086
49.467127730994605     51.630918136386029     50.188030544813493
49.626379815784446     51.335340931538504     49.639746464490393
49.540046007530997     50.268824677438538     50.465451169597067
49.543190341330011     50.694784912282820     49.211083597765025
49.011755365732427     51.543353534949496     49.674291460302825
49.814885225968141     51.779795485985801     49.317794961079102
50.237754319620493     51.392915906117025     50.453948917357494
49.061665436178899     52.260920747543992     49.645406638665627
49.420534206468098     51.633966494462179     50.852430798364047
50.087035913229933     51.527009096810268     51.330940615644472
50.702757685413665     51.779269652169901     51.680407916431250
49.905865950139493     51.106963312830992     48.780676363036946
48.729275682450378     51.183483989868847     49.040583670324821
50.317706108871768     50.688675080319946     48.312786000087584
48.380445553675521     50.664442331412715     49.245914264149661
51.301311496224990     51.569809430237576     52.144401849852116
50.362240370964230     52.385956203086749     51.385617921343275
49.756156908900579     51.304339305187341     51.927283538474207
49.643426777537229     51.182767457408865     52.687654007576704
50.730392258320094     51.049484793484432     49.281658806935354
47.867197523512026     50.770149134498105     49.008580944374096
50.598872892245211     50.133226142268704     50.972247815607538
50.386054654423582     51.177437474083860     52.687164639625571
50.462531751984635     51.099867375659144     50.990292773778449
49.656678123671689     51.976176447349793     51.219519771077955
50.897044545643439     51.636727742048969     50.749663730577453
49.464473116640484     49.785211356451462     50.843982111696889
51.338148439491569     49.675466923118655     50.165723580464018
49.989532825803501     50.695718195488304     51.085430441794884
50.037522707683934     50.830662342809923     52.228583489266015
49.954748982165825     49.471662573078625     51.127517423282853
49.849401521903225     50.641410603286502     48.618344324641527
