50.000000000000000     50.000000000000000     50.000000000000000
49.533565306488136     50.354997418912653     49.863441663736921
49.401745228131020     50.890245297704702     50.282294757269490
49.611202238949687     50.923552815736983     50.791600765700082
50.200038522590233     51.299391504602610     51.152222325632081
50.176776431955965     49.320812997813711     50.349933534836111
50.487899889565121     49.674441576150087     50.656034163842982
51.156354040270145     49.958539274219511     50.910236690788906
51.103759267347286     50.194893490108889     50.435887478534617
51.023297693120064     50.297690231726378     51.536552331808167
48.854917105078705     50.683935156766815     50.068396060025748
51.396647343011331     49.370287700298114     51.108427134347231
49.373676806972895     50.365915022134040     50.469870276242354
51.329365277204630     50.802964726752471     52.081322883471252
48.364283037704965     50.910348610363769     50.589462025097575
50.009086616392196     48.643518433870263     50.385020821991162
48.567005918141184     51.329773506326092     50.098803127167805
49.602541177837203     50.265831729555451     49.361273124063651
49.381290695493277     48.297870448980525     50.395399854842474
50.552882052221683     48.861878976681794     50.494870228793928
49.451922079398273     49.514220453522988     50.175405182793419
47.928890850987727     50.461254552638373     50.960665950851272
51.035328882519465     50.916837698781215     50.376213341009425
48.861515243072589     48.720357048728360     50.822988467934920
48.213808019580888     51.793541642082175     49.602132939840843
51.376957658529342     51.314758243665757     50.971663101985726
49.309446576373233     49.678589771242592     49.260323519288804
51.565448860438394     51.185791940744195     52.438608334651576
48.809065148216447     52.105551394528838     49.273251639565586
47.863354302285465     49.831083371258650     50.496652039298617
50.997630483125285     50.222369310717767     49.749890013967658
50.346290243296252     50.045268464698538     50.987822899733722
49.504541116618931     49.115692702717354     49.804808178741574
49.326556266717219     49.729477809894192     48.531045462221741
48.333754192471176     50.703664796521416     51.307178146957746
51.750134865006672     49.316700382117126     51.630761309866024
48.163680607061586     51.091209249834321     49.395491639179667
51.045281430669974     51.777916549445642     50.800921604148350
