50.000000000000000     50.000000000000000     50.000000000000000
50.227891542785692     50.607952095052980     50.221056557755823
49.659507663065824     49.340350396066491     49.930357442114783
50.419318901506173     49.641972606738342     49.556099929568504
50.482815613030795     51.175098058816239     50.392655821000083
50.069530734446452     49.700981983338707     50.538840886431217
49.083994898810687     49.444412919363920     49.666845693879750
50.893431458563100     50.342679045737306     49.971444637868693
49.485187159907177     50.692261218753863     50.273349912122754
49.826174016685528     49.149473306565419     50.740548339783906
50.646760489502796     49.658264734724938     48.962228855666268
49.104407964028219     49.456801403600146     48.947831711652697
51.105077305839252     49.825383788102329     49.860592086338244
49.453034567367517     50.513111485116809     49.590715608619696
50.714429901278407     50.343191151978374     50.734612026375899
51.405342955788008     49.380141539531273     50.460562743458730
50.529362964528765     49.443053786668138     48.255391843272065
50.037709685992255     51.625864440840104     50.728444799910562
48.750810346434953     49.689231918323266     48.303821270082189
49.933139270255921     50.327505676576472     50.883974981497630
48.446282072602358     50.235320954320372     48.499547704286904
51.962721293123288     49.241718247932809     50.726807470028831
48.700338040911198     50.724784313193460     50.445775115023622
50.518918252852387     51.444667111198520     51.336462654280574
47.966868652123843     50.262873676850667     48.120364983609782
49.945759493228614     48.969269877668701     51.244267069638283
49.205637174510848     49.063089736094312     50.440466870864853
49.568475711086776     49.803478406781977     49.463803534928950
50.806037806086863     49.084666283256887     49.170199358922630
51.211275779593755     50.395275493897692     50.804528909316033
51.666954806764636     49.950317808482779     50.256760662302341
48.630606060132557     49.067771768153676     49.914897728779493
50.952983619519820     48.867563625139461     50.410975459384865
49.635801910472949     48.894108953710926     49.342183371267829
49.093133489859703     49.563228300469106     50.191319731336414
51.277787354224294     48.935449349894228     49.033041198373660
49.413033297312445     49.472097473166478     50.665343002360345
50.605944459054840     49.557512903581824     50.711281741196693
