50.000000000000000     50.000000000000000     50.000000000000000
49.578705486368584     50.539714783060028     49.639318931573790
50.777036236557393     49.937535376322664     50.149136360662879
48.937086221736749     50.600344116409239     49.677742272859319
49.549759735682805     51.338509824862832     49.721393567175035
50.119272442600845     50.946297884197314     49.364090566662483
51.328437552302255     50.474730415394326     50.100944415839194
49.585521514258446     50.930758228828395     50.193210534628484
48.946145431727636     51.522196263918303     49.819723773674482
49.481771481803897     49.770359957562476     50.517860489649649
50.388246650956681     51.311447810063157     49.659498065555361
50.718265835443702     51.605292297919249     49.037984247883863
48.864417003106553     49.993065790824517     49.312715350924869
48.907139252958267     52.035458765413125     50.168234759504358
49.281389868562478     49.551654153566957     49.847156242456300
50.972026117807836     50.524257967512696     50.699206728933198
48.496632844112902     51.202428262317333     49.723969212879915
47.891867733707123     51.264121455032793     49.526503010533162
49.060364026967811     49.738578849799481     48.780922945226109
48.367032858060490     52.379147637832709     50.056452976416708
51.587588717509796     50.181098142389700     50.475184096143018
49.376849430722807     49.551734200092667     51.052821080501687
50.441911106802245     50.240643588531775     51.127134156017860
48.347214568249953     50.405602610252693     49.407956753741914
50.216958007438194     50.655926411727847     48.651233572001800
52.095869533838822     50.082867437553794     50.823605807127741
50.536390313183169     49.201901681575961     50.350557793060084
49.737661480843670     49.102924698735293     50.418534123401074
49.517806733549392     52.010722719569003     49.894771409914718
49.996121387875860     50.967166190160832     48.040144133159558
49.883438243966410     50.660565554359863     51.143628220316813
51.196036530570005     48.748976767244869     50.408429432343603
49.899459021826921     51.751729901591403     50.355283231647356
50.904254708810726     49.094920058483353     49.974272146563671
50.588865110156050     49.994727983967287     50.696684811819111
50.608106008389257     52.014467518775035     49.893083105638595
50.212701960811785     52.584562373631805     50.010422783828311
48.633945669660648     52.588343195127884     49.387542236680900
