50.000000000000000     50.000000000000000     50.000000000000000
49.872670775932086     50.108940940063867     50.639977410507242
49.832103616606481     50.084691041589629     49.324792850470587
50.332786695249652     49.759900903531381     50.314933647752262
50.751239883292385     49.167941651397555     50.030496408451022
49.430759258422654     50.059580060880954     48.888420732213270
50.343584108731285     50.243169187573301     50.511011861968797
50.857804913260225     49.846474595271630     50.808484620835905
49.482958651424561     49.951005747455369     50.349882603494933
50.691461384776183     49.935481207679778     51.385186519819456
50.084401284034058     49.446374167953174     49.051755584425102
50.098275164324093     48.886989712896636     49.569234273222747
50.845142961260784     49.661644665663786     52.097930637561781
50.034174222924662     50.564660223588312     49.680787345695329
49.562540221495006     50.686582455827761     48.642026657716912
49.813005806894409     49.151189844183321     50.328238873317652
49.808687863224485     49.278171758549050     49.744753812352052
51.549347650399064     49.713466497522163     51.834188657962017
51.597263823203903     50.029414286276207     51.345399603725205
51.301225673345179     50.309896824944431     50.447457303727582
50.374171619013111     50.377589762742765     49.081929352911558
50.173269722971561     49.698106122278602     52.126537878264138
49.755359892877870     49.045113381471261     50.933294019443643
48.963519184069419     50.511889486019584     48.747274497159282
51.655975672278110     50.803216960964996     51.361715636173365
49.045665170848444     49.558886469750846     50.554289124051202
50.455655514127415     50.640268161606571     50.953546007446981
52.030607747527270     49.839938463288426     51.780965409409383
50.797896907196780     50.289116423193278     49.974737673826766
50.987913417352530     50.958785500992583     50.516429948567442
51.470307708826184     50.147991741931691     49.684525109591043
51.462455729017151     49.109254263853572     51.724968512826258
52.330800087655390     50.445868286823995     51.732021137979679
52.221327231766708     51.070637261759167     51.479898746260773
52.023468154309853     50.285868018334547     49.292805840274596
52.618517026473725     49.536571065517023     51.820144573713790
52.113093114627361     49.492219714316178     52.250864637400035
52.857337874106889     50.451229973357357     51.498640512609690
