50.000000000000000     50.000000000000000     50.000000000000000
49.911998593772523     49.781396080118171     50.571511306642236
49.510156260583123     49.911837277959457     49.380879404589848
49.181888155499685     49.920284862968117     50.646659992687304
48.807997149818029     49.801144389249906     51.005883188957434
49.772110150993008     49.253076497377336     49.409228433816658
49.558010489343282     48.899898434151012     49.075237692209413
50.021972542428067     50.187540115821172     50.936958727285649
49.407986499806050     49.890095047332565     51.347397943247948
50.436587370686574     50.583718322190357     50.816452708050775
49.947842840159055     51.017406736266686     50.549248272828827
49.879466900455526     50.830418438756254     51.255865405541499
49.081008073508315     49.976674041767225     48.943238772469314
49.417587336817533     51.102788845351341     51.082791598536986
50.188081590168380     49.329423057495909     50.824050152205878
49.472994897989537     48.975611751711916     48.479278179060145
49.337969244601020     51.655672952697451     50.870993793426372
49.567132786011058     51.054059576127507     51.751976433444554
49.910025522965142     48.624830357645529     50.602109543521827
49.816461065042688     49.580029050320377     51.260046706871044
50.831963063131603     50.319352390216430     50.192897502847387
48.928319950041931     48.560856577408266     49.268043786107867
50.165816093313488     48.052567575974599     50.191815892760182
49.505578118928256     48.168660369857825     50.025984845490740
51.111628374056288     50.643340681854809     51.155890794601035
49.035669094904037     48.561417955147412     48.452946702784196
48.851138813777979     49.696212146955759     50.160467966117650
50.517559715179011     47.511745873557047     50.584564842592727
48.964886992299654     49.554406369540558     49.423308303465681
48.959513170861392     49.130918190055304     47.923373329388525
48.495535397257470     49.358569224587072     49.659028137575490
50.237806804683018     51.139256227656261     49.985549232240288
49.544024563884427     51.436163589076962     50.198384807590777
50.604580923264770     51.165269365270255     49.649471095095713
49.488698793727316     48.312407717611009     48.635634043174171
48.568899704261007     50.437891899174964     50.641962081723634
49.674508704931021     51.799704767528745     51.229184556715069
50.276732731468734     52.023722631499595     50.772541232381165
