50.000000000000000     50.000000000000000     50.000000000000000
50.386187811439889     50.206252760276904     50.548734656668756
50.152862323921603     50.421765654136472     49.401639173393107
50.630414929027971     50.073925885776731     50.045278361750334
49.596850935247680     50.502101390262098     49.509355343830791
51.176517277325729     49.555482065817905     50.314304419533684
49.495529157720597     50.718275271394766     48.877477379669465
50.313495323849359     50.288060417295497     48.859852946476863
51.169928718302486     49.217615159451071     49.622415866456990
48.959345482203673     50.439245573032387     49.199135890614293
50.913078054522209     50.475747326107175     49.842406628193210
51.123197747485392     48.937633660213251     49.084371111956230
51.617558379936391     49.089877598826938     50.338665648910457
50.015025242129603     49.934847351085445     48.593455286032238
49.735179583677471     50.020894945632435     50.461260373143830
49.845333359877770     50.608294369991093     50.847264476818346
51.434556898613550     50.696274201015967     50.276625133446380
50.239201572112535     49.168228936070513     48.533197722686246
49.565660988307236     51.167213765586780     51.153449154560263
51.396797775427885     49.866449954394355     50.807590047539854
51.530358566569276     49.871527763911971     49.895597886373643
51.743810434686651     51.373680574255800     50.548794245899515
50.564543995239454     50.214806107461634     48.088730630643603
49.230225661543869     50.475888394125299     50.574157247013893
50.761826371305489     49.614076360833280     48.496369500941924
51.064774582294966     48.635728609725987     50.420264406814269
49.669935258464029     49.770809175242157     49.617962772980739
49.408331296892250     51.640898043002295     51.635135434089072
48.778207150595399     49.943888955958940     49.549967011112251
48.129280200976858     49.770533673328494     49.903257180567671
50.786075061993181     48.180141621027843     49.836474753269329
50.604848602503694     49.808687130387632     51.116533941835669
51.274770923946789     49.344447671662110     50.844767416596412
50.704973397385224     50.597435713580310     49.372389840002235
51.877611287727767     50.869796350912374     50.082377002452731
51.153785792458400     50.341752677476272     47.887960679405339
50.867174470817787     50.930658562708963     47.911963446049739
49.116195574782729     51.570408933778566     52.199934099325290
