50.000000000000000     50.000000000000000     50.000000000000000
49.736301068209130     49.833541820254233     49.270417288043589
49.061420492898883     50.113201807828688     49.161201147674639
49.171192291692627     50.005212206829270     49.706016167511358
49.962345957245184     50.365658125036511     49.174967000853037
49.858554915481633     49.356525998650795     49.003012267800585
48.750145573614404     49.628484784832587     48.955648946952159
50.426522681094085     49.733125910444578     50.506767469477950
50.115151496551633     49.618686023139588     49.561483286722172
48.390591103878968     49.090505548855134     49.141623355483517
48.811049661854440     50.774737203972343     49.185184970636854
50.461628416032610     48.979955768889127     48.694473754388554
48.764725148101917     49.553808198771158     48.176479518677517
49.919769546893214     50.270768663849232     50.779181457463096
49.822781429209719     49.862316763502385     48.695519224366620
50.965123735596336     48.554693932217468     48.287271093504415
49.770597278993691     51.007971444998660     49.394086771589507
49.399061497126283     51.279410898962837     49.072188390095150
49.727263560275006     50.176885508013662     51.447634401453342
48.893522633982940     50.059476576944213     47.584147275028258
50.467867079975946     50.524280658181041     50.526051890985151
48.399754922006935     48.405736453141088     49.166914762870050
48.396461285104905     50.459673830075737     48.865505134874482
48.915843151879038     50.869325946488068     48.559074289826441
50.164116057785655     48.558190358636686     48.545048025208231
49.013963572924325     48.359348843594361     48.755207665868788
49.665166722381869     48.701100512711804     48.238534745349263
50.611941958843019     50.269974940112398     48.731876043646572
49.482696596973568     48.900974933427023     48.956049286365634
49.135623799462650     49.018052788377688     48.232624830024385
49.900965099710184     50.283360277255007     48.239390664663190
51.072640436372581     47.976074092697900     48.026860401274469
49.062836886149967     50.368133372135098     47.132828660982625
51.033584172302596     50.446748702459523     50.395388298120722
50.406800423302094     50.392935011054853     49.691952053346625
49.837587081922990     50.775109284351423     47.899816982512235
49.247669909901511     51.830308706814307     48.706644710510453
50.367387786722311     49.787829604730447     51.152558117079089
