50.000000000000000     50.000000000000000     50.000000000000000
49.940219534302557     49.613347444666445     50.674955708650174
49.755786188961629     50.728345286988521     50.128643144640883
49.763108674122059     49.029615400533388     50.217176765289359
49.055808717250777     49.102346221404368     49.886457519499004
49.618008368511596     49.235406228059951     49.527945886666529
49.813799995026415     48.651118320148989     50.648855626045943
49.574056051731063     48.569485149802638     49.740073548242464
49.240365592362473     49.288734767572720     48.878779339166975
49.498562546743820     50.936852680339918     49.575529832244058
50.436059331735308     49.158512832096164     50.398716321966994
49.363703605185343     50.050354847608787     49.803228108259944
49.556383236392548     50.799288296189260     49.000523204242420
49.850566143380220     49.457483613633620     49.093756391675427
49.093482819604937     51.497880137312215     49.764227553269741
48.891872306169809     49.880993697977758     48.883840004981792
48.536796200419474     49.402870331192602     50.078369235176680
48.502328322996547     51.365476203568228     49.520295192836294
48.917157532113947     48.791737282960234     50.264285277964213
49.573494337268329     48.674541927156966     49.007454269965073
49.343003339612956     48.483017043842068     48.467489427816133
50.102252742891558     48.471771291769009     48.695805874717898
50.434108316047059     49.250947412866779     49.402069484232712
50.908654478957260     48.953005311066597     49.529171139059720
49.338844057851006     51.462898902074244     48.752003480595242
51.114459147012631     49.056023122219685     48.825147440590698
51.066248682057775     49.508117330778177     50.015693336756392
48.884840349257672     49.749096198749406     50.296526758580839
50.132527970784693     48.187087519415314     50.111611780560317
50.758828707730970     48.528856145245541     48.475332789805393
49.022278350185772     50.935532130212145     49.164940317963982
51.593132887881964     48.924850182363173     48.569343832505453
48.998779288202385     48.647798948483469     49.295858782725908
50.611824186111527     48.674713560898653     47.879245934057892
50.453287279083398     47.827114772991273     48.768124593295951
49.720483285619139     51.695554878583813     48.086967211201760
50.631567147616593     47.936498926765019     50.684935761022707
50.147619473865859     51.078111211774377     48.668272785726288
