50.000000000000000     50.000000000000000     50.000000000000000
49.633180920486261     49.498252420955239     49.899322039727529
49.203377541959959     49.098975121065699     49.786396015086495
49.112615946798016     49.489632671904047     50.450346988379550
49.327826322807226     49.260057948044981     50.905950186436812
49.974054649639896     48.946437819857849     51.238575244203638
49.187934592446283     49.255199693265702     51.576724125086685
48.849781333445584     48.967586085837588     51.121643822243662
48.586308115315383     49.434061153440069     50.140819491122897
50.049397344215613     50.029132884750595     49.434191583696915
50.476143453248220     50.048639178061549     48.982908942549528
48.221716808121705     49.214088959649182     49.508444939750319
48.836396017411694     48.828438858579652     49.473756349435220
50.374138537938293     50.751352616064743     49.521318537724646
49.770842741266051     50.524321991856333     49.217092275794911
50.122433234977606     50.898557667381787     50.072892997006612
48.081994045027344     48.793746926385232     49.760015946359864
50.378949222576750     50.821316186538269     48.776256990837574
48.280678810123142     49.135971667359854     51.150888117045731
50.204871765334268     49.274338177092048     50.011495904237663
49.651494437668042     49.456497756178123     52.077983139319805
47.817275653665241     48.378117329492156     49.297560437173622
49.762316975216613     49.603587001905332     52.609774003216160
49.515169983973017     49.973616175906564     49.483118605630693
50.260022218576516     51.377514013654029     49.362179447097972
49.808417272605745     49.920661632860153     48.812506102651021
50.610544968994589     49.088551229667978     51.400590926575234
48.962873044652042     49.736189717734305     51.566768280564979
47.461107212295872     48.247807451777668     48.771750966973819
49.329221231302945     50.076199946504474     51.902663041305345
49.587819848153018     49.078032707878684     52.760151108304093
49.597713912156223     49.493399363854117     49.274564417656627
49.102250845478807     50.394270928384657     49.231007828714695
48.285852022970843     48.027040333645139     48.921882222492123
50.115935106334398     48.753360602928240     49.880798215325001
50.575716364887960     48.692065392462368     49.361888085771199
50.673104758249266     51.045015825762775     50.500905942915125
48.669851635397954     50.151695612567067     51.512467778243348
