50.000000000000000     50.000000000000000     50.000000000000000
50.529528657758000     49.636909075581372     50.172385386936000
50.918585097884183     49.456805626392651     50.602896203744201
50.626046660671470     49.793820341887908     49.400888453108806
51.119799336465171     49.753695765537543     50.957596718022621
51.097592951232151     48.750150468065534     50.514195325218921
51.377091543113458     48.135711418252718     50.387058328755451
50.323532974713785     50.355032826630456     50.575740184237993
51.027306058012293     50.337929549019066     50.932788569760937
49.670847137582641     50.111382108647909     49.645192435835597
50.660602022703955     49.313914037394468     51.060208108405973
51.088262830049004     49.565877286228499     49.286841953764977
50.457770503698391     49.917005530924108     51.158078790998594
51.561693720652919     48.319957014269669     50.996951014929742
51.872841569596403     48.711296239775670     51.512839618475859
52.399036693781113     48.849130271865839     51.273576898329139
51.622945138107497     49.064941709474780     50.404750145480421
51.237979104039766     48.712247452839101     51.534871289779794
51.041382482546403     48.801592052920846     49.758037441068971
51.791265014497704     48.283894081278490     52.096749732745451
52.114317908196078     48.092373951589067     50.978352097615804
50.138455286574370     49.220044586371046     50.398806402011353
52.028181852920156     49.494262348831285     51.481180930696752
52.983224637036408     48.855096188775576     51.278785970844638
51.147669979631338     50.814659036316471     51.365219340991843
49.648782128948312     50.500198831954819     50.859655391199709
51.768249041621971     49.209431733525172     49.509581608086577
51.233367189781987     49.464533404366200     51.519001160633643
51.559036504460245     49.745567834839974     49.734200411149686
49.049524250183488     50.296962116639790     49.206790717531796
49.512887068337619     50.018177361186630     50.917845341757470
50.184321669931101     48.937601214362736     49.750337468575118
51.489544165032953     48.693408365429612     49.990994976334093
50.468563000173098     48.743738744030907     50.302222980431488
48.732839716825012     50.707225302448585     48.897722631205831
49.763105977894341     48.539890388717644     50.370183107963705
51.704507114745994     50.534779704625883     51.072281169578837
50.160643822418628     48.920666850645830     51.453208547323783
