50.000000000000000     50.000000000000000     50.000000000000000
50.358969221196332     50.667560734872836     49.921217393139962
50.865138673103552     50.793772334851127     50.212054142194539
51.559152838262115     50.471667775504848     50.403506158783145
51.725526383009147     49.731760038497256     50.347456081264220
51.369857954904987     50.798643468907159     51.075034471858878
50.242581993660394     49.893621701055530     50.567290566710078
51.839029904524786     50.794046841265946     51.457705582188993
51.195813389289611     49.593994920948539     50.712944879350054
50.260194110050890     50.964360707027772     49.523998745139401
52.536238198682831     50.876181751080139     51.557837093644515
52.484894975179465     49.500532844859208     50.391773228560254
50.093364567269063     51.142060204937735     48.770153443090777
52.143582098841613     49.310197359260350     49.803653364545340
50.977621357949992     50.548927440602085     50.873051815465956
50.781505882423019     50.822054623416101     49.473890034050406
52.233879799164377     49.367192114747844     49.229684247653296
52.145306395262665     48.704202760745801     49.013350061451767
52.810216178966677     51.404640225779175     51.029568520868047
51.206365404696299     51.330411888941008     50.250977202117632
50.987636126210269     50.983928902584360     48.733016124342726
52.614167772665908     48.739771525287360     49.480404715934981
52.084912013619196     51.049888489890940     50.833939563745886
52.431441040563563     50.242336836896648     51.094703758093019
49.643604828722218     49.941174749677039     50.375183263489525
52.084505883969946     50.814559106659608     52.023143629507310
50.459445191780766     51.656674439514667     49.297688391307538
50.590171523833469     51.254701733878605     48.512448400002661
52.341446219281082     50.012098960184701     49.922806614652487
52.811506179896050     49.781278953727572     49.839714801039456
50.697169050250253     49.604161496183622     51.061688185675820
50.752342701294339     51.130314743424449     51.297001091058299
53.074817577897569     49.038195205891768     50.439465058164160
50.817562377163576     52.293508675627237     49.460997301495851
52.148440272746178     50.735247109756429     50.045996245507922
53.043228517665170     50.785256880119910     50.957357028956679
50.163435763665575     50.424461068724035     49.458869745761639
50.417315452937601     49.784853214541059     51.438617453774228
