50.000000000000000     50.000000000000000     50.000000000000000
50.614264600623059     49.884728294899723     49.545440550271145
49.549746856365303     49.589654670065393     49.669694596009805
49.372075922109389     50.286971299518555     49.568224910436086
51.176861882934958     49.857280546680727     48.969738088264606
49.069400545641010     49.847206846919086     49.151059855785526
49.684414915504227     50.848401404079461     49.863053421558504
50.987819426115230     49.684461430499425     50.056834056287165
50.182883357734731     50.157945443467533     50.572966328261174
49.351817792246194     51.332539924997363     49.835873869448648
48.792942461640784     50.753453727119059     49.663456500029284
48.973968097179259     51.231006574674346     50.205089796213173
49.594848426202589     51.708094991854708     50.411264801151546
51.679048867711387     50.188107614813816     49.169885396273379
49.354265236101803     51.338867557787616     49.239525884177468
49.271770821089440     50.443335234799591     50.160489526837367
50.676957628746230     50.279286138135291     50.812018739092096
48.999485671100999     51.546014614624980     48.851102942145431
48.920377929247813     51.179430106897620     48.487011899033490
51.369765464735977     49.306193935880138     49.083982496263218
50.277958581191356     51.208750463609313     50.181058677933713
49.033797743443650     50.596182054898627     48.979301577575647
50.475371624069076     49.326336322888004     49.698542205646795
48.492683451994218     50.926423304527773     47.984550880704262
49.453961119299322     50.962619735304912     48.681427744681926
48.915195601541193     49.946242760247038     50.489787430936552
51.812894316751944     50.511588829620521     48.667833608333332
49.395701428097894     50.490834049429552     50.827280837457344
48.658720738951310     49.792282267782078     50.071549158344943
50.246582443176344     50.771855850822412     49.362913075046436
50.976839874783188     50.346594435212936     48.507527805787937
49.367004137723612     51.222090872026037     51.085431538190342
51.100725910809885     49.846864134684509     48.231229304744467
49.497627096650106     50.216844365384510     51.443079227178224
50.546323190253084     50.176759686115929     48.795410730096478
49.579217885740206     49.467015025890220     51.195747127611945
51.631512476113365     50.244299406534381     48.239335765253479
51.533784007987649     50.137460009716655     47.554820379570579
