50.000000000000000     50.000000000000000     50.000000000000000
49.735325099264450     49.726534112416367     49.462540080758828
49.540448901493257     49.581789249591040     49.028414819894550
50.205901644697839     49.299611251952186     48.939871707033177
50.693574944321803     49.221635220511132     49.138267459798399
50.998043921259942     49.050154415819556     49.545452155744861
50.458742192640571     50.481405868762074     49.856298226322316
50.703414109454926     50.016621422080952     49.760621853480600
50.715087651324929     49.173209238122801     50.268806115478725
51.219221419783366     50.391283574821884     50.234097849488165
49.903918543920248     50.493305833915073     49.484846694563608
50.321019638500324     48.830204620538815     50.664971513426998
51.033469439633535     48.639071402714841     50.102969430509276
49.756238866901214     49.631878842362021     48.380629684889016
49.889660164285267     50.351165977075887     48.415064287277751
50.565287760721908     50.325087521648015     50.441320302877259
50.375632721547433     49.079324535309865     49.741978393194799
50.061862556624774     48.603303182488517     49.072899274555859
50.191881412960946     49.271984351024088     50.415551707043470
49.818178899522508     48.976481940054242     48.259586547636054
49.273554676003300     50.783356485841260     49.614164459073919
50.013851069309951     50.330322148211152     47.649825925275394
49.908621153949674     48.546823429424819     50.261317633531405
51.404593259113057     49.238185198138190     48.859602961782379
49.606368845107333     48.386846005334483     47.901992926718442
49.909462255473407     48.664613396771870     47.511577385708755
51.338258366861211     49.557058153951573     49.715678551370281
51.535662100565013     48.414423873468664     50.585613407279389
49.389220107966480     50.039247649812367     49.794551832257113
50.259850216180730     50.983007128583374     48.599376601862041
49.294713467792043     50.090441916013830     47.890572314414861
51.950777477716493     49.506791617098784     48.774716295088488
51.815886971868508     50.369236330805570     50.454937065801943
51.388715985985890     48.650031613714184     48.592755651240530
49.130268045050379     50.259510069002339     47.375126285408300
51.726950589104462     48.698493923340749     48.056756849106350
51.318912361403058     49.407083625902139     48.204009864411582
49.717514527952957     49.163761479242027     49.752058859730482
