50.000000000000000     50.000000000000000     50.000000000000000
49.719631691426827     49.576505686202260     50.464016404548232
49.584183413935889     49.514378388484275     49.763506199685182
50.084245671112235     49.474944855225722     49.920236749851583
49.988533483793404     50.357301920768379     49.495880289617894
49.285910107731887     49.611388021425547     51.005324880008352
50.145652298166546     50.967479007407000     49.379325242903469
50.327307656785138     49.182230773750170     50.378243165122996
50.247102229463401     49.843813530743247     50.438976222902745
50.160791181488008     48.940153029234736     50.801421341389641
49.235476700690114     49.668014271197265     51.650870806952334
48.723793458367872     49.869422316543435     51.358671674154529
49.388657675056379     50.349972766834441     50.350448279729854
48.549935352908314     49.438181945027651     50.816623307838427
50.489127852815500     48.882608978744443     51.376631836486808
50.222137077985593     49.340936745947829     51.485329949901235
49.464717274357795     50.824507828844034     49.394055542343054
50.125033468719721     48.376933791802728     51.456370521044903
49.030555227109062     50.415510827113536     48.904552654104286
48.876037419848203     49.602042628331539     50.396882901102252
49.049673069230842     48.876076569440890     50.215619742824728
50.291155760950858     47.634688213466845     51.613992668485871
49.251981123122782     51.277887559179192     48.948587628197920
48.426986222143832     50.571339174927154     51.577358092458034
50.085976526036056     48.313768062713336     50.813443408831951
50.123691784779460     48.987780202877836     49.691722114712533
49.892328836031290     47.737277625205543     52.268993847941985
50.314355400852477     51.520050708468382     49.480452739852282
48.652714958001823     50.213374100956635     50.254070020539849
49.220283178581610     51.020436546386392     50.659258019126675
48.212239545201292     49.894639106223842     49.754455225824060
48.173210480917739     51.152236341876218     51.803693627038264
50.368428328841802     49.636788058054364     51.067667505221777
50.170638243269401     47.681498217228494     50.762738402139746
49.049760554906520     49.509719485846020     49.743916555111475
50.147693747777971     47.064665330236643     52.402133895813428
49.740757396747682     50.919164497265911     49.920086094523583
49.288067013485694     48.416932102369557     50.208856425268479
