50.000000000000000     50.000000000000000     50.000000000000000
50.386616352514984     49.448104134709773     49.647013583913157
50.482346972498611     48.977105105244192     50.141005970154794
50.037539861260342     49.842889825822482     49.326764657989251
50.508793822031485     49.960979962154845     48.838014215979079
50.392828220833344     48.659618572460658     50.755851960215693
50.617581550487351     50.369587416282940     48.519036527527483
51.093692567957561     49.259626549189790     50.437872370193809
50.814204598184162     48.258135078882965     50.504208088897784
50.790705977467915     49.014004674391742     49.454504306587381
50.295955363686893     48.407923527754910     49.600120035273932
50.437892012448074     47.814048845165928     49.522883375420157
51.183267581846501     48.622819729055358     49.596310420978142
50.092659617000471     50.494603437139745     49.317104530998790
51.157737768470930     50.845026180239429     48.173804511921134
49.952043497668299     48.353125481474386     50.792618911148537
50.836525272666691     47.936290038974455     51.004999282479673
50.817080914737211     47.265825665959980     49.515484678015660
50.920311325276074     47.499451108876826     50.565228220689114
51.010789915495963     50.189848043233766     47.956440192491193
51.288430943168670     50.386671166220175     48.341672984940011
51.687733712646136     49.326214425173426     49.964524742413985
50.667171435595243     48.138468022353329     49.974484226461854
49.825182916855113     49.519130924308492     49.863943695107899
50.626237434910536     50.316064539373599     49.164918436670064
50.424325915405724     47.161125521379937     49.000729469217212
49.266342528053727     49.806992457905132     49.734310663642212
50.374743692188083     51.069700329268137     49.611887330346967
51.730552440076906     50.811206175344495     48.721105546104830
50.075000112629922     47.320882515458635     49.723064481023577
51.614781453805918     48.048556100906112     49.541936510083588
51.090530622065266     51.352825292894217     48.688861774528903
51.432668449398328     49.729096631051299     50.743041635773025
49.396036676917703     48.967470336315991     50.218397511631665
51.164774066421131     49.950294074829010     50.256591199580583
50.967107984214344     47.253933217707001     51.318092689836085
48.836497039886062     49.698455626637852     49.324692383477974
51.085452427704709     49.074708055932817     48.903493142613620
