50.000000000000000     50.000000000000000     50.000000000000000
49.677911956066204     50.502503928231071     49.952317546653077
49.532553212737177     49.463563571315660     50.140658899288866
49.488809081094921     51.184767216667211     50.121319142992100
50.521600202308683     49.580882527591584     50.128590765262814
48.768390292417848     51.470872016612454     50.125497462539414
49.172422576787433     51.876244123889478     50.171420273600575
49.163795429405660     49.041848036903126     50.587591366989841
50.112104054581849     50.105368307372743     50.514385296689554
48.392849488989448     48.970711130119945     50.801927644248011
49.519794607113745     50.532143246043290     50.733856814110183
48.103922306390032     48.403163135121375     50.870854605762496
50.555181685035691     50.638576511248509     50.270709828643362
49.723901077292837     51.828240169906287     49.691228061776201
48.089019259616400     47.812697831642545     50.685072039713496
47.529358383462267     47.499417100086632     51.078987427884449
49.810788119149862     48.942061790109236     49.960243123877774
47.529870079808227     47.873335631607844     50.432719975341691
49.022593934255440     50.615835051356441     50.638059437294167
47.317933450259986     47.118264972395949     50.819950882405173
49.114213091806256     50.226959656997970     49.765420593656749
49.686158847638431     52.395288179718108     49.223793053944782
50.946613272360572     49.075434459788511     49.929510711644916
47.265329582385846     47.909342770531495     49.989176375894338
50.121228295353504     53.051573982173082     49.173562338840910
47.280201738333453     47.292325615623575     49.512288018200422
46.674680061331067     47.381196534937274     50.677603868348214
49.436135738994452     52.998333060112948     48.896675348871483
46.947860148057359     47.800456090771057     50.995499314610470
48.684177620184869     50.938236904960476     50.028580838700542
49.246625495987864     50.227046100736516     51.234384345128589
49.838737841934460     52.375368569360909     50.081314531837720
46.988739138916856     46.843080456956763     50.434528564049280
50.128509088357781     52.221727913854700     49.398468671357008
48.805329499804635     49.491745853828427     49.930374629944566
50.363749843370492     51.086086178747991     50.160341645038478
49.945332173683163     50.445024561165589     49.523015186397814
50.613517552681266     50.215596998768881     50.861162537932756
