50.000000000000000     50.000000000000000     50.000000000000000
49.917833071502727     49.226424096443509     49.887339484424274
49.344072265203842     49.663633965380576     49.554160614035062
49.907076838983691     48.672311659687175     50.207873622076377
49.794937309893669     49.674289339551052     50.352174825277373
50.176539851421389     49.091568544122048     49.168860125441377
49.621741200172636     48.713735692055494     50.920798448093748
49.852917952068793     50.634038465659224     49.769677353550883
50.460453994122560     48.627096883156703     48.899616641137989
50.372369373977691     48.246051321409702     49.845556956435658
50.176365832118613     49.011169208263489     48.271620109887202
50.546439744269776     48.101710827375598     50.619147327539764
49.342187652353779     48.555411461293481     50.435777836731631
50.495414288852750     50.999578901170707     49.842607911781037
49.539068047618208     50.582513961856684     50.178967672967701
49.890011279877555     49.716023281061133     48.865963797792297
50.557077490605401     48.722742434359581     48.040088939762647
51.256094916568877     48.739566533709677     48.367400558706329
49.286595979850418     51.241045434158451     50.059379846232083
49.611887397254385     50.402767171165159     49.157101355896842
49.891920457796097     51.036434162147735     48.943893353786528
48.687682857733989     49.450888458448645     49.262851537645659
49.443567985129903     48.274267926420890     51.306836948130304
50.450925898676516     47.738690048068499     49.866132292746073
50.147072583345960     48.752604386992019     49.658048974886235
50.260436854819211     48.519116163525041     51.242182571645543
50.215487512453059     50.089764642462200     48.407522512770953
48.356042166233486     49.924284778794544     48.927716682372349
50.458386425700724     50.928521999317056     48.672415614834271
50.221064638033610     51.384922337113672     49.313582797478304
49.504510568333203     47.917856839942424     50.528173780924710
48.592436979409520     48.704841486146748     50.442947100332532
49.429556895527078     50.826321853357044     48.551076026817583
50.626900785913797     49.002481865481002     50.893751549824344
48.821445630787970     50.124716490231094     48.331849381156211
49.544497221659476     49.387669173343255     49.138831917622483
51.029868406432080     47.793393428154062     49.392415221021317
49.750359410070814     48.836445109943320     49.318251864323955
