50.000000000000000     50.000000000000000     50.000000000000000
49.492364264087989     50.181255313785563     50.253654067305185
50.547545314847270     50.071544369073493     50.425462531873833
51.240228812228857     49.898608512778416     50.162804742982196
49.831161867489079     49.268114936402689     50.044683504460622
49.504445759209474     48.722621843120429     50.229178085264543
49.279861084121684     49.144377740943590     49.727854623375300
51.814073448100544     49.649617425413368     50.255466269818854
50.903122566121432     49.697114293662381     50.663841536099881
49.095293547644488     50.370806305999942     50.549569939833269
51.613567660512047     49.932804914831976     50.705114334389975
48.994258293095982     49.037583736386189     50.182417714059589
52.060188238723313     49.726123504626884     49.574088019600545
48.733437730434318     48.754020050916239     49.350117065313967
50.130906456597778     50.205137200216789     49.266126797815758
48.404311853034429     49.263695267443943     50.675389919738421
50.412686036531369     50.267499791493350     48.703781959078405
48.902220793018174     48.025470332523064     49.437153902456927
50.394113422964708     50.465551594355368     50.709231921604008
51.803511004465484     50.294077179435398     50.085062392762097
49.911850289983938     49.878729094350881     50.903264487047480
51.040415882256141     50.389696615232346     48.814209536999222
48.449929827351042     49.266433663952505     49.330525446549935
49.600344220761208     50.449051144327520     49.485665879571158
49.054235982120645     51.073064934969800     50.813952949066461
48.212163539077956     49.593497909263029     50.160348920021605
50.261589268662718     49.891218495035851     48.262987918867161
51.075494818607659     50.328652930618659     49.480819488985382
49.566548662676801     50.917951032454809     50.506712352593397
51.628067457037517     50.254967754487360     48.800543574907998
50.686795329105543     49.834953985535265     49.549260309823048
50.749569342324314     49.007745614091100     50.363365198584944
49.074708076659867     48.055822249760347     48.728755605972381
50.024386533760271     49.220738149167374     51.285112862591305
52.199698975215640     49.003217718612888     49.630017420308256
48.451763598864595     50.027853770796291     49.703205108175915
47.843709824889871     49.091332646288748     50.263995236115228
49.359477089878268     49.860351527938199     49.513292325191784
