50.000000000000000     50.000000000000000     50.000000000000000
50.513251231506594     50.152101843759525     49.830157041018801
50.677688695858372     50.194926289249445     49.305162121705159
50.578283684270467     49.475466863025950     49.384753836905332
51.082588904840641     50.288936963594125     49.975744484906251
50.723007864543995     49.826733625855240     48.840216864293616
50.007706376044560     49.756000125430276     49.102929567230930
50.596805424491777     49.635439238292150     50.349729262645127
49.346352986920088     49.894640561551981     48.859245774385464
49.742574184306036     50.424682641235187     50.392958549875154
51.391630016783949     49.715290496107663     49.918388147854721
49.238776151841165     49.833896234034221     50.486747212838907
49.190317985995705     49.339573016663948     48.561196125706935
51.113919898991533     49.757722320392809     49.451120740974332
49.215760177418822     50.459142641150095     49.973663495193740
50.267332570892158     49.921879543954546     50.788890735306815
48.895463838228963     49.469508888224993     50.858456348874611
51.642973160796799     50.620120222052030     50.271144422839313
48.191714825466114     49.314308405743560     50.513801034070831
49.224002218584559     49.323055882928145     49.985775673816086
49.271441020017470     48.812659564730644     48.090734955725246
50.668723472272816     50.522363879794959     48.753850191583318
47.579332784528063     49.716707097427665     50.376364602925378
48.954536045864231     48.536358932328930     48.569290634112555
47.814184189885360     50.454199588100231     50.389684374661293
47.561194898104041     49.525754993649961     50.916972964128412
51.275446729701315     49.392368794389697     50.544810303014273
51.991680635475902     50.528458496737933     49.745149234232578
47.438889468973535     50.268713565233469     50.074828935364060
49.748678294114249     50.192321009145168     51.046323754643531
49.077772078550510     50.394041017984847     48.644519079243366
49.012821730511376     48.722453760852154     50.346503909398081
48.704876753086879     50.746534267847693     49.506455224402174
48.624281896967574     49.048636231887308     50.748921360030309
51.552335464872357     51.355193536124986     50.515693084628857
47.912025605778048     50.050940419877207     50.788708398950313
51.272397329884875     50.382111827899948     50.910291019910531
48.788119612350073     48.328539800777655     49.846037835960018
