50.000000000000000     50.000000000000000     50.000000000000000
50.506887921379146     50.393533482196034     49.939092599381475
49.415567075545901     49.989067346565577     49.906796185102877
50.368336692298634     49.535599412254079     50.447176864276784
51.138272775720154     50.474309246675546     49.530117862764477
49.084674172320483     49.440091083205196     49.973593822479131
48.669345705946185     49.406920724801928     50.290454291529571
49.931259578630360     49.324314825572763     50.136170019538156
49.358018291081656     50.480237863989124     50.237697016271611
48.971097385247340     49.654817746268570     50.803985869786779
51.097815086359368     49.525827193669976     50.362978339229834
50.991047744120635     49.858144946378218     49.360091580844426
50.671064008044382     50.248714440860375     49.461129571118498
51.461748370596567     49.738496798546677     50.738722059452684
48.428212777100597     49.690557109925521     50.872412704360777
51.042414520149421     49.174832751082725     49.595517781905187
50.674074287820133     50.955615397693002     49.912154753566732
47.954215369963521     49.992877748685551     50.686500937069852
50.068019781746543     51.243804699782572     50.302869199970942
50.667752407297542     51.614815071842671     49.990016822446300
50.644661412592001     49.525108594109362     48.748525708645218
50.771534423079494     51.945860246523125     49.462799269626906
51.101723553939777     52.411097266392311     49.412310405892434
47.553052164062656     50.126292323348160     50.969641121827316
50.076894562912003     49.482733499324617     49.652139103843254
51.626675610331539     50.530791219795596     50.047828710838850
51.777336157475965     49.255454750314357     50.128674485876687
50.972132187374335     51.058956158150608     49.134689086078197
49.905542081161592     48.694545355089872     50.359907640902897
50.444252211597785     51.772637179614982     50.471386083308964
51.544831387724017     49.543966837680138     49.426516073352722
50.709517090495005     49.136621789497063     50.603102005732829
49.620909593526889     48.619256259870774     51.046589759671711
51.861379922784131     49.861960579878478     49.171216447372437
52.250219768719340     49.784182013312446     50.446653106594027
48.901061030741310     48.691451294667878     50.050517106016642
51.224157693729879     50.551889939628104     50.633561497329076
48.986552831651942     50.081716538780263     49.666481297329227
