50.000000000000000     50.000000000000000     50.000000000000000
50.418264353974998     49.346714493448978     49.859036617999095
49.878804810359611     48.974827801404672     49.853216917997052
50.695184075399311     48.957892011761281     50.381225366935261
50.784784231460236     48.639134877234866     49.890246533712236
49.697217854839828     50.015723227716670     50.656341236180033
50.309330391222439     48.881859666214687     49.547489306781117
49.131859893316843     50.156128563139688     50.624374354419231
49.469942872478761     49.554301669101065     49.787116257535814
49.330278810423323     49.215581222273890     49.325386440118983
50.729877430018725     48.542806332480239     49.100781517201554
50.458028753252052     48.971215598415355     48.508335466431184
51.028556307548307     48.407779315887439     50.484788037049476
50.432942478063147     49.622592125606438     49.375285131911404
51.367222795446523     49.127446751032757     50.685801319189991
49.305608167485616     49.895105744024768     51.145029218846247
50.896277098057695     49.522604671086356     50.135884315272172
50.920228429055285     50.001483951479905     50.347187307206795
50.442868021606294     50.359385689142314     50.701459123133660
51.389661705557351     48.594379385711875     51.216291085692916
51.963549089273116     48.067548264184133     51.309432941422315
50.532177118314465     49.103377664465000     51.126960126716305
49.512094001239618     49.206259474092022     50.854434642736450
50.468112218008336     48.105855743447272     50.578718652411929
50.811022736082506     48.997382616840291     49.382068698706860
51.660325834062249     49.385239150619086     50.248173758361645
49.754330354554497     48.452088577388032     50.196358821805916
50.022988063105174     49.070506830730722     51.113279335153820
51.771916702832897     48.606303640406423     50.561349512008420
51.334622261061476     50.455408073345907     50.806805792250167
48.594438526220088     50.185629709984532     50.085952171481125
50.313421961075576     49.204234786782457     47.877253431410232
49.955259863367694     49.462498285565140     47.307934256331677
51.418669631947907     50.962764585234815     51.087658820184188
51.193022617042601     49.050433844202914     51.740923549312910
49.994566559066932     48.463887766355434     51.426893437236494
49.049818005722500     50.726658348832409     51.146971736853381
50.597499227960888     49.782688406132856     47.202611837801641
