50.000000000000000     50.000000000000000     50.000000000000000
50.273458142554475     49.334464534112676     50.066769596071680
49.920132412905993     50.418237179637181     49.720176564372402
49.469017334725464     50.524555155673916     49.928152731744412
50.519059672262266     50.028872417321864     50.598546258083623
49.149744359685528     50.986741767265144     49.740616582854834
49.870375762694962     51.056667538646771     49.773460072360045
50.004648800771555     49.424098230032747     50.585440819378533
49.989417179980080     49.903698839292417     50.714779483886673
50.247267660266822     50.702148679043411     49.370720615336481
48.686683190588212     51.411206524531103     49.444872415791380
49.550011775465350     49.769050274605348     51.099679723462678
49.834046432791091     48.973496864998438     50.789281053807976
49.479710846211638     48.381728163490095     51.146130493750654
49.049860317394064     50.381198551867591     50.271138520449306
48.954122424807352     48.164604879212796     51.545301156668984
48.610511990961989     48.683162759882194     51.290950177921573
49.603032067993816     48.858337584994828     50.139062623014624
50.970781526345405     50.076330014680266     50.200624247431278
50.234592732620939     50.139609335068975     49.210012416602041
50.916155017124751     49.550256453780030     49.928396333658966
48.079211902986103     48.809963367705670     51.498276790735531
48.594572355795592     50.676924716540874     50.233051505051797
49.371579734857924     48.522018192328680     49.815341475756881
49.149897005471729     51.948631599375503     49.495665607507831
48.793245575589026     48.079759540047192     52.287623672962525
48.253862854611796     50.751469213506525     50.702749794244291
49.614911971358239     51.111157549083714     50.307966294175472
50.748631409381076     49.639732872229580     48.925074403889539
49.599241193361664     52.270226969266943     49.254864013366216
48.451967042161975     48.594691822651015     51.817657419900726
50.426188948076373     48.556526813273962     50.932971979764147
49.437626928466955     48.069732612409233     49.477843310513329
49.230479707700631     50.427784429966287     49.294386876916370
49.940079003806879     51.745020203392755     50.274286420902932
50.068406076581326     48.735513293120050     49.554197302318457
47.826349042310177     48.778808890752977     50.875297478303231
48.921052649372434     51.124054087269052     50.595669264603600
