50.000000000000000     50.000000000000000     50.000000000000000
50.720004084775262     49.751448233910743     50.047915371328557
50.854141516172561     50.138171058784913     49.416132536464190
50.648051633886453     49.223668440049209     49.557174954112014
49.823305123534233     49.365814403413808     50.007031903686652
50.779336625646508     50.726825178358752     49.676326573447170
50.924260162548912     50.775774385995881     49.176171580924375
49.997537929751516     50.417750007010639     49.468612823771508
50.936305611863609     50.669928933329366     50.326944218887498
51.140878704504964     51.382610825026148     50.612190600192200
51.417038676456258     50.620245041676128     48.724537602099822
51.102050321227800     49.358523951771467     50.630321556988051
50.926288640896018     50.684137300094747     48.300830634180485
51.338351062397294     49.795033000394518     50.286206817164519
49.386721480073504     50.538779719081191     49.727461459797880
51.767243150932316     50.779267840847822     49.293132007530346
50.378735089503891     49.318431316436758     50.877182121930815
51.330624257250356     49.829363080888321     48.805672288891166
49.164549832481931     50.858483893488632     50.138157941739877
49.167359988030583     50.999261035825356     49.342933678103257
49.992444190675727     49.277163922375095     49.528770259499659
51.219322209794420     49.864239119951890     51.139871925633038
50.295897358941460     48.632273829189828     50.674946388480713
51.422833302092087     49.516763812968193     48.238219497787647
49.233670705392612     50.905335600910739     48.726819998271118
48.684430012991626     50.802971923659960     49.232071836287922
50.647351402289019     49.301482557315815     51.397073429797828
48.617953487521582     51.069708532268663     49.956830215974918
50.551996067797432     51.196276315383720     48.176419277156775
51.035512169815711     51.519900028196808     50.034659348425023
49.843314685380690     48.139410128126130     50.611351764156339
50.620481654148541     51.948977748966065     50.835596009836209
51.653508798926637     51.765044695636945     49.903136375548300
49.803900728061379     48.465155802868637     51.251696769461851
51.913792588385434     51.784388006025289     49.422067444340044
50.325153733258908     50.488059368055175     48.755242105308426
50.649801847757516     52.357185407969105     51.221655914688320
50.841973987941785     49.920859505421987     51.613238253994183
