50.000000000000000     50.000000000000000     50.000000000000000
49.717905646654330     49.265225660509088     50.072051930469684
49.518214920230797     49.362399840834087     50.845978114619555
49.094060703794440     49.211909081924837     49.577743398718077
50.165710317525907     50.477859715526670     49.409375462922043
50.234690134586245     49.316095726461910     50.521913580486107
50.764947850721342     49.363219597764328     51.054635051778973
50.450852083368176     49.764092867290316     50.832915315314473
49.414358291201616     50.720956996395969     49.344166416054456
49.021496856868140     51.303569262537202     49.309663527612798
50.744561194710847     50.255911594923617     49.181564951286617
50.861829180250737     50.082587173005237     48.466935735590155
49.888063832259860     48.856731194437742     50.582635162366948
50.395711808132063     49.464439429994727     51.400530918404606
48.918868934000372     49.077782731318720     50.891545337103430
50.734800337875690     48.665939699118958     50.923503615869770
50.880583693801462     49.724583109289924     49.273459308964995
48.141850061658339     49.107986196355832     50.907551769226750
50.778997531206187     49.637805169572410     49.928944959093286
48.410471988692699     48.740563826912691     50.485826712819119
48.639503596663474     50.735646932452120     48.961435681639465
50.756518723060552     50.271873153486567     51.309087982705542
48.447087566526896     51.006433745682479     48.409273251596595
51.008394482693589     48.624192060513174     50.442511939568611
49.383110111144020     49.637624463836573     49.537316147572319
48.517120862715885     51.295670880170739     49.666849684576498
48.491988535562569     48.047639826442690     50.505535568754425
48.054800947297224     48.874481730404526     49.799746018273780
49.529520723808886     48.990477242168254     49.015847380410364
50.212876135949010     50.403281636535766     50.609674899118808
50.127608191334033     48.530366779807807     48.868524863626938
51.243004096347327     48.971525662563863     50.004249595025044
48.837732089661770     47.722666005772773     49.899899468585083
49.033727551801235     49.557355188579734     50.064445230659288
50.371830891523651     49.142535588614045     52.043714383506952
50.899031497637296     50.572024808719199     48.695033596417566
49.743012170790919     49.696937043467642     51.530616946836723
50.614001182114031     48.430553659291412     51.516906513761782
