50.000000000000000     50.000000000000000     50.000000000000000
49.216686457917156     50.136985769206937     50.065102887391447
49.302597656806192     49.657097380453500     49.866948268567825
49.396418051912526     50.747854803253695     50.255207904276169
49.930110199186977     50.169483342500833     49.345245580011593
49.922541385435530     49.233385268732853     49.898434893693626
48.868436705706920     51.242296393070738     50.520737350459768
50.230277443109074     50.582473739783659     50.273092590361337
49.250475674593027     50.258398868810119     49.303344077278702
48.387072293456249     51.496544940869796     50.809459545037321
50.497019526736025     48.838322228304783     50.270917372559552
49.587856421734585     49.775933358258037     48.998721312426198
50.076080576166298     50.742380146179372     49.797725287397931
49.170078347803091     49.404528401186639     49.045431217144397
50.060446172282610     48.184811728185728     50.410829325989418
48.752614644265790     49.846048221855987     49.477767311906725
49.574795290839262     49.687675235395730     48.340256940999495
49.028192820363259     49.882854629029943     48.812617188305936
49.400528357312837     49.123116232980195     47.827621674531223
47.870210886740068     51.588864407168458     50.356031965460311
48.676040150486571     49.353428912267887     48.572746915803940
50.410958351009732     49.561293082681892     49.249462835766678
50.260168625983951     47.624148020913310     50.604477362503658
48.156002352899449     48.859920798959784     48.377308257659614
47.916348185905996     51.727935931801056     51.334621066958412
48.577137062922894     50.653772880648916     49.265464834498736
49.536287265357217     48.796015033535312     48.862694063860999
49.053435578653527     51.959831336303530     50.622628438845439
47.913828643297194     48.434310293601406     48.492292793571821
50.835983308451802     49.913209367556597     48.735049283240258
49.134120556678766     51.015745366604321     51.118121123777790
48.019606580842449     51.110730443100152     51.683974468391185
47.704385062840373     51.529093680090746     52.141514480877483
49.193534634513441     51.628299350001100     51.164594825193518
50.424742616395896     49.589648704199547     50.094509161240502
47.358545339424445     50.684584362694586     51.824814545095002
49.742425910555404     49.725863638756472     47.801423544403328
50.346702984899458     51.376841249088450     49.949812556911070
