50.000000000000000     50.000000000000000     50.000000000000000
49.602933659362471     49.974539656658884     49.610942618661220
50.606420126069700     49.696847978281070     49.736516949820327
51.166657726339288     49.645222532794264     49.444583499922558
51.246135063649682     50.042511108712162     49.852265444159677
51.302991242832036     49.541744388440378     48.683756956296897
50.473027551997035     49.803580948153602     49.003478133240968
51.173607498495471     50.785693843437024     49.741430131206599
49.237181054266358     50.035176807730338     50.085676438591385
49.063764360566914     49.410517061213248     49.562092435559336
51.871972168862293     49.808448560495179     50.218595979594411
48.516922687590103     49.702303018894618     49.814334972907069
51.672835792414780     50.435731313827112     49.529715949385562
51.890052901641155     50.582213509490401     50.009633549912927
52.252795551709148     50.351078226624630     49.093468056698782
49.794259120745636     50.549355574145864     50.006946749836139
50.017126911616387     49.951373261649692     48.569743572605930
48.538245621247839     50.066572369977884     49.308827331640991
50.270767956015931     50.422835413498696     50.231351493634030
51.699826376902287     50.798851386896743     48.985849581887152
51.074155379226220     49.159184244308143     49.961936785550556
49.468275935764531     50.602105607910111     50.605535311377437
51.217634747341116     50.296526459414103     48.806313653222880
52.429311521432581     50.746098215853777     48.821398911740033
51.279825551853925     50.694228472281516     48.236331506529645
50.006664348170368     50.654775441818799     48.336391455348846
49.552937690607806     49.814211673983912     48.218331472522237
51.181370179405420     51.256681962217094     50.064920897290193
50.841911182211334     50.794832986931418     50.340051491784358
49.363735657793100     49.341032910259017     49.001688101522610
52.910312754953019     51.004174939678691     48.383462613066811
49.109261216513005     49.357540657969196     50.310150485429091
49.026382455930658     49.098075289793279     48.341478764248286
49.111042002440023     48.787622356876341     50.142488672564909
53.616180329856277     51.169516347670296     48.552655016355367
48.795036797854436     49.885098492128698     48.065634194721959
51.741177521113244     49.770256102551699     49.278528950158311
52.689462749300290     50.550600246132753     50.051264261019362
