50.000000000000000     50.000000000000000     50.000000000000000
50.476948641051784     50.068285239795777     50.622280836461279
50.746509499470370     50.340840087115474     51.330940798241933
50.125590493272277     50.025169919093372     51.674649655475264
50.190822466941711     50.633975274878971     49.542725604919305
50.919259957112381     49.592475798575826     51.213280990525249
50.170194274834053     51.242619869421539     49.823794628688290
50.636183127763360     50.688015599908518     51.937025132113874
50.264311479199193     51.060986384304293     48.906333636185508
50.434360257566709     50.607719427327460     49.039315440300996
49.472535923313743     49.423874674432469     49.927673433923417
50.794807836100659     50.772195686559307     49.391600989123411
50.418837560553165     51.208150740268294     51.572846550141151
50.555449659767163     50.323042595361002     52.339862700784714
50.328202807398810     50.900418228042128     48.374927739026504
49.001898604908689     49.450380499777474     50.510394946051285
48.970226417640177     48.927567993198480     50.654994998885165
50.563548596467811     51.505692462507518     49.188453834312575
50.347903579283468     51.236542307624823     52.440021096758066
48.333872873020454     48.716985066069739     50.579530353036759
49.123043967292858     50.095681133034766     49.695489559414121
49.705215518388307     51.507399343642057     49.369689333275922
50.777510174221867     48.842191827960818     51.234085698707304
50.899195544421907     50.276899112931041     48.522757136954937
48.869773354402412     49.507200680143036     49.960799212391692
50.278150003087504     50.173865254063422     52.938796226418567
50.619746712717877     51.490332703752316     48.665876253584628
50.194865261656567     50.153469208980681     51.141062418817079
49.645846664806335     50.894446915874056     49.919195721129149
51.410183310961621     49.003927403183887     51.225758953634823
49.663201600466330     52.160933834101414     49.050541252167960
50.752880740215360     49.286867283960575     51.900680694402062
49.869293023287319     50.933509765268347     51.079178675115301
50.296443892368089     49.370716547471211     50.117497215367969
49.443064218979970     48.720983461581653     49.693999379891657
48.025410234028328     49.076018712725507     49.974023534438082
51.328247919199754     49.707832042559261     50.870557543637169
48.529359102309591     50.200417698312023     49.308628276549577
