50.000000000000000     50.000000000000000     50.000000000000000
50.556063704334868     49.860625246562265     49.868432769734618
49.810407885136819     49.688578328192747     50.429727927879910
50.959109124996857     49.274733777420892     49.815286266505474
49.516378427695003     49.155884057579044     50.721916504407396
50.397731644898542     49.142500557566414     50.108390811006380
49.353184114154203     49.663606387135850     51.152571828966117
49.503982506995193     49.287378046686449     51.597129027951389
49.817054559241164     49.572421939820593     52.119485226976117
48.652468203774561     49.853761060724828     50.852320741517488
49.207520104734186     48.884348415064579     50.037127653104307
49.681945804277753     48.285119621344379     49.964094250843274
51.181446799035001     49.748926795944840     49.410236311666566
50.046281034627789     49.250820331520103     51.147102401904377
50.367771193640579     49.169741312570657     51.878812777893536
49.683308824613334     50.114454540254791     52.325170005504589
48.658737073958882     48.424167569915497     50.227575328892428
49.595034681803199     48.966085257314560     49.388402754166158
48.587044898918869     49.993102185639209     51.501280943135043
48.803764833919288     50.357092382917173     50.861743062272502
49.153452513389951     50.234060938952197     51.647683696692127
49.726909735937006     50.278244714421007     50.858041879116030
49.235814744238844     48.679699126610224     48.791995191611853
50.718064110003652     49.081940168138921     50.751363371974314
49.603300202289979     48.125192041695676     50.428185062397255
49.351505347469747     49.979788146837663     49.933145707130180
50.899247327597195     48.618807258333746     49.595491323278125
48.253831357228265     49.392676653964692     50.508202226255804
48.623651397978385     49.058211259686956     50.818059403246487
47.911857004786782     48.247244206207455     50.233711114857392
50.664960908086385     48.465381571991493     51.935994774481543
51.240829588962399     48.749231020941409     50.289732963188982
49.923499472981625     48.323299751459139     48.969261060364843
49.564004261941790     50.834660158916165     51.821644780683485
50.283590700716545     48.699301565079651     52.235514682002282
50.240906863385810     49.446503222722008     50.722099750592498
48.376222338270935     50.479946240610488     50.334093584800897
50.433677936719192     48.805002954917633     49.126700444916459
