50.000000000000000     50.000000000000000     50.000000000000000
49.679885745123897     49.425560196843747     49.885138945972500
50.231702151239467     49.263649871348193     49.347438760269682
50.650620428183061     49.893805046826692     50.196810931591848
49.155925728844757     49.308769657709803     49.802809998273936
49.385913809278222     48.732813500388325     50.076507211529886
49.178414335121310     49.308233654554193     50.337368546603237
51.039993117084592     49.388939297032131     49.897658141406133
50.611988759023241     49.382137704332784     48.883440278585759
50.285279534012723     48.679635920669590     49.817121660956175
48.495376836593351     49.151906756361541     50.007964725431393
49.686857774590109     49.602896929020197     49.082039642272136
50.687455743180095     50.094682874926399     49.162092646063670
51.720285863362058     49.789999001102139     49.915275814316551
49.642664251970963     50.290137148492043     49.576579684247442
49.705788765502248     48.970161302372212     49.373937001506135
52.212751050063034     49.945700116211263     50.501720686690348
51.295849372599740     49.641549642036779     49.330823069857693
51.102157702151587     48.802703618558724     49.622389303400368
51.429315600620825     49.713428726424887     50.551611003097598
49.099288705349281     48.002536541117173     49.967911813715801
52.348454784682701     49.811647382489724     49.964901064624804
50.085756466951779     50.239132225949454     50.694416481531242
51.112503616511091     48.256027649466056     49.910966947374156
50.743816260578143     50.381574757150929     50.959005446507831
51.498646448483498     49.065771938205145     50.260027181389830
49.333591407087269     50.412965156951927     49.087974083139983
50.465618817474414     50.696683233637593     48.725856264433347
50.289300456549768     48.155848358616865     49.733953634897802
47.987543087746950     49.316121922173004     50.152327383006259
49.041023795028337     48.606629111449195     50.567827122451817
48.340245532541388     48.475138356467873     49.874112433851693
50.641758102505868     48.791049327789025     48.864772787584450
52.772601977903484     50.169877976643143     50.942317217207638
50.714737756770432     48.866463806816967     48.084801737962941
52.537165214385659     50.842100044300601     51.128155510810451
50.588114568289370     50.452263123404144     49.750284471470771
51.913025668526359     50.516082421973238     50.409693282330508
