50.000000000000000     50.000000000000000     50.000000000000000
50.073639356787695     50.172526861256287     49.490592230135995
50.422078338012810     50.043978305973525     48.942787968635734
49.426416925887139     50.303540531357967     49.237265940187129
50.259068684278589     50.507680038496048     50.040169931005799
48.946870047114977     50.492985144143447     48.759019049212597
49.094559548654196     49.746767853417303     49.108627310929194
48.451520555419975     49.484967355688887     48.717521521027187
48.686280724750908     49.791589772164613     49.606105451402406
50.909687905009541     50.867541454699619     50.004636099556087
49.580025849606152     49.584081568095286     49.982813336796809
50.713549421665377     49.861512991856316     48.567775512529771
50.590028314173374     50.023047850738884     49.582304975416385
51.080127661299763     50.376972304456622     50.103770568160733
49.401834638265406     49.270919254452174     49.389972820949048
51.131116906066410     51.281381523429374     50.493037018387817
49.739277593705104     49.671532853132419     50.677008150023212
48.460485344795892     49.442666930686308     50.058003022372056
50.127517691857015     50.640603447282480     49.069314197678622
50.269082124216666     49.107249725659976     50.624179190238294
49.116009118988444     51.186808242485206     48.496849214505787
49.159386786250096     50.086856124164065     50.534634171233911
49.611775262772078     51.210008824818260     48.173200437810529
49.959194368614504     51.778787491262285     48.324690809014278
49.178527546491573     51.492054851306307     47.654156709827049
48.931810960582418     49.863910968297624     48.531097624850162
50.995370338285639     49.481604788286205     48.871445189544595
48.969114868085853     49.328983274092906     48.438048094826250
50.026493874246569     51.218083461562294     49.784417170235230
50.048691911150314     51.569640615340028     48.807431572866854
50.491792291342982     51.273693165621410     50.966415708403289
49.533344651977878     51.485092893793286     48.970120157889156
50.477965334289316     49.638998716967258     48.081827618074357
50.094085063220184     51.764813086926488     49.309595998265600
49.023093337111668     51.657705457336988     49.294454724381403
48.325507710321020     50.159053322160972     48.313090698617586
49.345236604820315     51.782543234461919     48.101891794527866
49.036059253739850     49.698152506373368     50.123426983954118
