50.000000000000000     50.000000000000000     50.000000000000000
49.682606587514002     50.203175710176986     50.341807592348808
50.536128117425562     50.313165520951294     49.782653907940599
49.605356879556709     50.765134511114617     50.163962254031851
48.966194955362099     50.705351146033465     50.195190199895698
50.685453680156051     50.933570777127883     50.105091261594296
49.590232421445585     49.333781342376810     50.079914056286931
49.941876681357648     51.112803070425208     50.779136968705167
50.306317519815032     50.658328252536982     50.812488365002018
49.002389064770028     51.071745063431834     50.529340186434204
49.382675408091799     48.961982629867265     49.807724778711744
50.367507424647329     49.753845260969825     49.301921537539791
50.600189595480430     49.816058181379915     48.772506062370645
48.759976538100211     51.581800541701028     50.710641048326963
50.455574781577056     49.030012098885386     49.073610086769648
48.785829962884208     48.828193141054385     49.964902616900908
49.145444101029732     49.030541298881786     50.372250288240501
51.249059963960342     50.103539767130989     48.816713707308615
50.736414085475950     49.075582149047484     49.736434544747134
49.107529718149046     48.286376435459857     50.331925051604671
49.758743699545683     51.802211483045269     50.440465766352716
48.867272673832019     49.343928249071944     50.819398193590317
50.442761706145731     51.704212797834018     50.028707410728039
49.924416522598243     50.910790055544794     51.315129770128408
49.569491058473531     52.486407332962322     50.596550945560743
50.298540991242355     51.452340860719531     51.000470152757828
49.629142226436926     48.606536560461173     50.496887865944331
50.835393242270221     48.747257027684128     50.306948554214841
51.532671099789759     50.715596595986327     48.921458350036808
48.501376963473838     51.841271071116005     51.202124632152973
49.032996118949491     49.490104594051530     51.440195125076592
50.708010615873832     51.379017647047412     50.368436829313183
49.704057885385964     49.351043687081479     51.310130588113665
49.962331784625938     51.418545460848115     51.462474704981041
48.924541222656622     51.134291276967737     49.911991352307062
49.630642802451732     48.172069921252131     51.084080425064123
48.168306952324663     48.639208319911617     50.412568240693219
49.001857021677267     50.072311109176603     50.121481698039709
