50.000000000000000     50.000000000000000     50.000000000000000
50.384545285511109     50.240481991233636     50.351911941854674
50.099239579530966     49.363299177195771     50.211080138478330
49.599054892881028     50.027852661902827     50.622782692940568
49.766346964756821     49.529039527266669     50.561369614380766
50.307685472283936     49.206912466375314     50.722202821014108
50.989451721043061     50.001798262402609     50.259318977991548
49.685714942173924     48.801508796803823     50.223545981683827
49.499489226758200     49.969935302741291     49.834633148998861
51.083525876685243     50.064295525178245     49.761530035834909
49.199728724782595     49.239086397632974     51.042654828815110
49.839926746669185     49.096391893078668     49.602233209893846
51.574662475803699     49.853088799272840     49.575568676762607
51.392943823035388     49.561386885769799     50.647615274217074
49.183493715312274     50.382369953172116     49.610148975309308
51.268896792476113     50.552324871466176     49.548459207555865
50.362228983781755     50.772582258604523     50.851331435914716
50.830723534446562     51.022260457554900     50.641351649078857
51.910743584385116     49.871675787933953     48.851295308421285
51.027146172430420     50.733229232250665     51.311149807795971
51.889918411469104     50.481519758063293     48.811247963101970
49.001480428943964     48.498641692514887     50.799593960510272
49.185113826961711     51.031823119200212     49.495275433152528
50.879538970847634     50.554019321643281     50.861589311154177
51.433614056344098     50.055693393738636     48.333724070319121
52.226024537530819     50.902387106904044     48.499664223009546
49.930306572288842     50.606751565392827     50.358854573127516
49.071371689757463     48.840688271834907     51.510668181141227
48.962622568695572     51.572120119854382     49.720489445270630
51.751119995180268     50.075346090524540     50.915969170272824
48.915934501290920     51.665478852148702     50.215132351301598
48.801975325451522     51.109204631103047     50.312759135286214
51.604616590348542     49.351814237959466     50.242002110890716
48.792540340918322     49.087487079142335     50.603629877481119
51.165985398174811     51.148815745413650     49.036082699316438
48.242855868991619     49.149623457194096     50.093318229391933
52.065388155295352     49.697506766934062     50.083815908780572
50.676646731496774     49.557139040619248     50.689084453183305
