50.000000000000000     50.000000000000000     50.000000000000000
49.821496864722860     50.210549495348239     49.459746919886442
50.094877075761353     49.380280938109806     50.320328147800964
49.639888050524434     48.819635649116826     50.407242385256161
50.062041439989066     49.187709425247633     51.092253102862578
49.195552551827987     48.292143196332923     50.088166080434348
50.117548045778882     48.799286111569479     49.890270670657102
49.400092501052065     49.577594566554119     50.239193709554328
48.636607101589277     49.451952252177513     50.445823960592129
49.484640438200707     48.335352008062557     50.726248787040348
48.141504026534832     49.687304938929408     50.226791783419266
49.709028161683804     49.087321382412199     51.511129041765095
49.667118337938000     50.430923387914738     48.822304836306870
49.561910561457225     49.014446560201513     49.682137099283359
49.584755688061762     49.554649931079339     51.819618404437684
47.899647085471763     49.024054998482598     50.243147887665494
50.189028538896537     48.550980538139335     50.757168286471085
50.566365290721883     48.282133124927924     51.213744866259745
50.036871824037902     47.806068237747688     50.957114353474957
49.750886326335653     47.298156249238936     50.851378562746760
48.613839030305662     50.001312482560962     50.889532053735884
48.956857937983166     49.107439282199536     49.268512399318958
48.424139740306998     49.426350164191184     51.289616307268687
49.365302975136601     50.853398226831068     49.506570361594044
50.139089360196223     50.126858333420174     48.922293015759301
49.148811787682376     50.848758149455065     48.961135831297987
50.290626181789577     48.968749637587322     49.198897284912711
49.530455399793446     47.799230884015373     51.515019659799201
48.496940173171140     48.827679436966676     50.304666896150451
47.358333368487706     48.648028978906858     49.787792285758734
48.797982393905109     49.170586808455965     48.778048257148882
50.648155054381967     50.274409003572764     48.587061203727274
48.583996184108408     48.971046503268688     51.783511613738483
47.558710280800383     48.258028167965982     50.454270875714222
49.921604268199246     49.515232958075046     48.973007345429217
49.772160662501236     48.137749751824927     49.610042196704043
48.819522394044547     47.759293279608528     49.995519187497905
48.319648643968719     49.515341047421295     48.637482831119513
