50.000000000000000     50.000000000000000     50.000000000000000
49.818881939754220     50.207069796953249     49.280916442207079
49.494741788378590     50.410725235794700     49.650976850116976
49.180988828853778     49.880577398197040     49.306773498938973
49.518820088574330     50.324028181754073     50.278995737421241
50.581914367952493     50.402823834855319     50.163008922372271
50.486853944620762     50.179064724066713     48.973017894048937
50.018398824700711     49.369007918229237     50.310214003201118
49.533772788602988     49.499774643283963     49.831603508617832
48.803160987370134     50.268733960457872     49.298686626211953
50.173895343115014     50.802650789747950     50.248635553047407
51.044633488307049     50.105128574754673     50.027120159603768
49.997325071869739     49.049243055392353     49.927704413743172
50.281075144394009     49.877803784970737     48.581785133573568
49.682680069423299     49.397183542148596     50.737162076876167
49.649052037370403     50.159732436924017     48.600391971261786
51.074677705357963     49.995916354546203     48.867514602313321
50.521436673839005     50.172636574957032     48.257767054978146
49.894410657461400     48.770808827095586     49.451649175573415
49.408590992448524     50.204357166438299     50.826417215079985
49.605663355305211     48.868890568119888     50.789986986955626
48.083639536864247     49.933618135515097     49.408560136841061
49.224836632183766     49.044244246263297     51.382479540285374
50.336740058160217     48.759182128448877     50.206973031702638
49.030940807445234     50.767792045198100     50.244250027394784
49.195169388558966     49.330720446249877     50.576165504419166
50.869471141086294     49.600455469383718     50.411908431403162
50.177854156167200     49.031665740468497     51.144197026444964
49.057860593469051     50.425443631656051     48.232390542803927
48.655248265599667     50.924415843187248     49.113294579615015
48.808988351523539     50.060968054594440     49.893061768039836
48.756326100575478     51.597162468730872     48.896049388904750
49.379797110186743     48.973997472034071     51.914677769520075
49.350778535770324     51.748235988627322     48.450188412123580
51.176986623827723     50.501667981688811     49.164940111017586
51.117300593701778     49.234118096943753     50.144096044304334
50.423284094314759     50.825715542861573     49.569559273064080
49.629529211453367     51.960670121264528     49.175791518028397
