50.000000000000000     50.000000000000000     50.000000000000000
49.895936951688000     50.023727693694546     50.667329592610137
50.229438181359562     50.291964649746461     49.355882070428507
50.611836249251269     49.779565750752653     50.532170606974304
50.200954394518888     50.822803155069153     48.944818877155626
50.829733700989493     49.320002472223820     50.353509410217413
49.778008151789003     50.995964754330174     48.567523450338804
49.480617652042490     49.580355172702383     50.945734967917112
49.495990785955748     49.103889511927910     50.431528670199221
50.138266000321543     49.618151694270985     50.451401454490544
49.987176634968137     49.632909530032080     49.139758472142930
50.837632947146730     49.616145332422924     49.934988676532690
49.881077780944629     48.597720047749632     49.938908895190004
50.650710327938121     49.003787210623202     49.844466513997958
49.598536337820931     51.633569313657219     48.297496542536109
49.221223496890957     52.207907752352149     48.250380837857726
49.187604402326642     48.445550910849278     50.639638621730803
48.758596125377878     49.631233925581498     50.996368651870441
48.976684273446004     49.761289225646316     51.503345229270387
48.532264448900513     48.927234283959855     51.001451824986738
48.247403742402255     49.687166998008223     50.745825694795109
50.276993791213719     49.391350080281370     49.639932215395135
49.649150912831452     51.520256284280485     48.931446747053023
49.808240774358765     49.740565919188512     48.518524459135435
50.638266099841580     48.370121976016208     49.691370337627674
49.799495512427612     50.455373131183826     51.125943607462631
48.820664390390604     49.940894638085695     50.321257917696165
49.476583334192775     49.195725864074333     51.268196012352711
50.735689877292437     50.707363795370711     48.372886826830403
48.954346095381752     51.202161377315285     49.086213220280428
50.228113312219349     50.731290922437779     49.666566217446800
48.306738049111466     48.302210164244187     51.439847195032264
50.375212097266974     51.055094969448852     48.197788945329783
51.568132012045822     49.803619402780114     50.192109799476164
51.497515240119107     50.487677628228809     50.208835730551051
48.468356703137957     49.309507136461221     51.669022385219122
50.196234987234917     50.528922852141079     50.828816901499962
48.651963043872229     50.208377535228486     49.675715127493980
