50.000000000000000     50.000000000000000     50.000000000000000
50.314191947687341     49.346683650837946     49.691932986785368
50.764838200198824     49.800448638714670     49.720881296171832
50.294115874598852     48.768340438164948     49.647288968399671
51.198592335872050     49.598779181651388     50.208696558171120
50.536923202627698     50.538337975187531     50.134493184227473
49.830826363015277     48.114154039021166     49.690690863931088
50.791945723237419     48.951269623441107     49.852359139156249
49.797343944165114     50.533724922882605     49.679331042477834
50.918046602467982     50.765796563420551     50.671984075198360
49.152035698382647     50.313701081283014     50.095327748756965
49.485465659888270     47.693544426402518     50.186150044052908
50.659618643094042     51.173568419856714     49.802603733225979
51.648673069970400     49.553200243283584     49.789371306669743
51.228733257459965     49.737736426597102     50.815272921966873
50.898006327125373     49.319267697395446     49.158572571417508
52.132388369137168     49.617313348902684     49.962709032722799
50.870240061012339     50.091236292087117     50.291976100104897
52.582273731357432     49.794640410976989     49.418275980799052
49.349701551871256     49.735073507703909     49.790360846292806
49.482511826374818     50.412783997631770     50.527593418547170
49.543971888541257     47.191284541450095     50.792870047795887
51.809580825638093     49.680791580124804     51.080237465172758
49.551407259658326     49.747923301516089     50.897760986485466
50.236931292460412     51.358693343771243     49.263050636585575
52.811271629398668     49.679502733097124     49.894398463513397
50.515886872929030     49.820636021785795     50.823534225346513
50.697367080263561     50.185079246395546     51.291609917424800
49.928909921837679     50.539657890023150     49.185725515582796
52.794018419935206     50.201080979853245     49.048087404009763
50.035305463728363     47.488983645102486     50.917864432775595
51.204441227790518     49.084496643487249     50.261396786588605
48.863508840314871     49.914237510069078     49.809388971039596
50.280655383913640     50.224977546043696     49.360945744265045
50.795388079381311     51.342142725616341     50.675289752790931
49.158622317938047     51.094974777003287     50.307175791780274
51.227532232944860     49.933605118028090     51.383662854336855
48.711041806621154     51.016383769723539     49.656155344180533
