50.000000000000000     50.000000000000000     50.000000000000000
49.603646665543579     50.112836563845647     49.409991849661743
49.527600394436078     50.667018967268518     49.266247833136511
49.058168184752098     51.055360795564368     48.990879368263535
49.054475697658496     51.580383360455862     48.833601810328325
50.088018291864671     50.792080574365180     49.806019619652766
48.423846180526311     51.516176753553573     49.200498709490809
49.655881307644115     49.793169352339930     48.929037271403729
48.797539827302565     51.521965567848802     48.264472814526613
49.683749437562312     49.370969839871698     49.780318413049571
49.399121472272704     48.845779533318975     49.547335451685306
49.215973169252763     49.790187268776350     50.126190967462662
50.360269510724592     49.752570184325030     50.510064578399110
48.951921271580161     49.822884061790660     50.597804343092726
50.378939157706711     49.624942468808278     49.783914312037787
49.541455158736881     51.476807213797713     48.373413366547418
50.009484007211178     50.315777564113738     50.483769356240110
50.973128821480330     49.828001028661184     49.742255532119309
50.643244358329312     50.108321025361313     50.708837878961553
48.908417212881687     50.643132891555268     49.292284321550582
50.067661679078483     51.251842135005333     47.834521862783959
49.235297607123172     52.334983418065839     48.837390314894577
49.119669638647565     48.688209938865484     50.027886506046684
48.852894814447950     50.321839285186755     48.579876645667710
50.980873329743496     50.076560774254844     50.198335089791087
51.498618959368557     50.025144069696772     49.390654614409463
48.972189868100777     49.793643420120695     49.045573046374301
48.662722119976522     48.389116782170191     49.766936402545625
49.340253254174172     49.129813006606511     48.727472438323531
50.693750955730700     50.546756561420523     49.914231671974342
49.780367632758391     51.823945442706858     47.918435326140148
49.267156779762431     50.071443596833397     51.052304174961733
50.180706153051240     50.577930870229601     47.591769525353712
49.928428265609412     48.455190377107670     49.165318484036966
49.251151058824931     48.247320691885854     49.800260600588288
48.611617920467246     52.576858770067830     48.647681560557970
49.772772471425341     48.000177398545695     48.560898901213818
49.774166175608272     51.258523678986222     48.838767317002748
