50.000000000000000     50.000000000000000     50.000000000000000
49.695806412552763     49.609738155728060     50.381674453345958
50.088307483937854     50.311574825309364     49.502890636438778
50.766475135527131     50.134286141186550     49.549593461938969
51.276460147195841     50.111786775512826     49.409953034930204
51.423664627170851     50.197127757482590     50.120897952671825
49.071129953857657     49.375650797988399     50.822371346001873
50.040112188352545     49.819130395704192     49.100277112873393
51.753818509551067     50.835051169505171     50.389320967476834
50.466563019041494     49.215369841418841     48.939596693445544
51.864733716223817     50.563284129018051     49.439164043377268
49.905953478183612     48.830042625979686     48.512131929507255
49.649914634643977     50.486823493178207     50.042948959994710
49.462148775660452     49.064259483240882     48.403709993046348
50.022209377720657     48.580138613978640     47.925632332144389
51.840730341068337     50.279645996103667     49.848276292742220
50.436537536981149     48.885800632142022     48.282378585590642
51.420567713032085     50.599447801446374     50.953624847994298
48.781411189302005     48.813330193478251     50.682136551075224
48.429836387150765     49.424196022040739     51.278066768355579
51.186137616571393     51.170247315728560     51.182516870187037
51.836645799127879     50.168402354586817     51.433127722295822
50.473364256207667     48.292760999787667     48.710503446651195
50.445377713941923     50.091889713018681     50.377249914711470
50.167227271121668     50.421633083661533     48.983392527740698
52.363220419256926     50.718065867375287     49.437447224006149
49.635710952928342     48.173339231787097     48.003632293312080
50.134774504466776     49.422381953478322     48.364595692022142
49.141842855167560     49.749007267741746     51.500937751928006
48.312797761384601     50.011917416354258     51.460283652132318
49.710530712756750     49.073667361865347     51.078684219678131
51.072908686317831     48.903613547953945     49.206505866572627
49.117505402386215     50.237720521892747     51.910478811014087
51.346707048645911     51.197781447938986     51.725175378060108
50.659731004212162     48.678343518693914     47.752504104212079
48.453338637998819     49.012043564818541     51.614699957251155
52.925725926450490     50.537424628583445     49.157715503828378
50.782495099701180     50.715645626312593     51.428130961866309
