50.000000000000000     50.000000000000000     50.000000000000000
49.961073146782425     50.522237307205970     49.503998645931681
49.321959691343217     50.803943831628985     49.452873876639892
48.974616011816472     51.350395277023814     49.009640436188299
49.320318755566007     51.824581286536763     49.507832764131635
48.843455842639706     50.931469786107911     49.661191451447415
49.140982480057019     50.514683940781964     49.934996539614886
48.789045950878723     51.030041911285927     48.478506049717801
48.776790426836442     50.482027079297914     50.535211691114242
50.467238085717469     49.567752601103855     49.557326046265693
49.770988424116560     51.154540144211246     49.333310813697160
48.454605699327793     51.136702059256621     49.162155011194827
49.135800260447446     51.420282193828179     48.219739176561070
49.358704921518779     51.890369129424236     48.506659487136460
48.432345415507704     50.897019701504945     50.059197321857830
49.561236245722938     49.494838302756392     50.282510128900988
49.901059272368379     52.236900407948703     48.364667838005012
50.291757381261732     50.815402461418088     50.170290151824915
49.145920598123787     52.115795005643278     47.766960654289271
50.523291666963829     52.583948074772742     48.345363693416836
48.538236591774982     52.270893247326377     47.835915233751678
48.526352375529164     50.425766342436518     48.559750781660121
49.341196606616428     50.943817829856251     50.178571708366952
47.918012831717093     50.334857726827252     48.097162388840530
48.670543492753346     51.793265638129348     47.429945479610268
47.837232356264451     51.478698069006903     49.282000616143023
49.602723635382695     49.643918479691280     50.904534456518604
48.075201614409863     52.442273854510582     47.237193282394827
50.077162476934213     51.540421412538990     48.852374260499069
50.912130365001602     49.204476647516323     49.274422880233246
49.050807935257588     51.131980728703020     50.696997033326731
49.648815026898568     51.189001859110761     48.486979643484638
49.039936629838238     50.472760537329648     51.249516428134470
50.545512516244280     50.727995930062391     50.731876869595332
50.993412354569379     49.469172037194873     50.122138665035358
50.887616139087058     51.252782410281021     50.438099658754830
51.021427335291897     50.233081272130278     50.039105234367142
48.107916297012224     50.863453587178114     50.555139792502466
