50.000000000000000     50.000000000000000     50.000000000000000
49.712260994731061     50.426173799009419     49.748567541973664
50.558379736151949     50.120678777686791     49.572415263905512
49.976039176527330     50.946962865439190     50.149620587227510
49.256012733554435     49.863402005458070     50.221852396543696
50.619461462475861     50.691647686099913     49.260626647945621
49.972726339961007     51.185336538754797     49.687413931988587
50.950576491790898     50.598764914446797     48.894109995076299
50.747647817254141     49.965676829040305     48.452606803307006
50.470598992915171     50.319570677789969     47.935492728158145
51.065425473574727     50.176385284601629     49.247815587997060
51.405913567534377     49.603144151570191     48.513623739350415
50.374734421945320     49.469431355631635     48.333153866713602
50.068776991561705     50.184431424449627     47.649895029922909
51.906242104137448     49.474158608251564     48.145458934995688
49.466865626012854     50.811908038622562     50.637428070298078
49.817114463664311     49.794633339541512     48.294353264687402
50.450951180234533     50.077606402102028     50.203484973298345
49.762490924002904     50.608668780914030     47.802795001600337
51.334726030665941     50.136646771348239     48.737420337615482
49.427045424294491     49.403303514309577     48.287808201351055
50.742081709039788     49.272875491885145     48.829376519107967
49.912068561047562     50.793104060070860     49.337398377483872
50.001624382077878     48.889727399115351     48.748193500520998
52.226110411112295     49.381044648163133     47.438491976674463
50.522429474184115     51.370942698893771     49.806715364257343
50.940326134538594     50.942584327834332     48.290077363626544
51.823767907882932     48.947579732278690     48.453555478224189
49.568312849458927     50.451279370420018     50.290778570328506
49.190920891112960     49.882833996475256     48.348830102287266
51.081888126861649     49.981386475630067     49.936344505968258
52.251802584671182     48.347916621912681     48.251688828141859
50.597952635903404     51.356598328726975     49.290245584535661
52.893800091411755     48.738852471686471     48.403356245655800
51.236518677294576     50.488496871860299     50.214389341990369
49.604095880807634     50.468291447145781     48.428882025053198
51.305752085928745     51.216022173506524     48.624026390848620
50.437616269894093     49.675906064048569     49.265331373474623
