50.000000000000000     50.000000000000000     50.000000000000000
49.865415694473448     50.301816064171518     50.424508983235071
50.049198527493623     49.532043007807538     50.297939465437530
49.334467282787386     50.019870010386221     50.207466736283365
49.611853260960523     49.842846964883115     49.602835563502268
49.989997781178204     49.449955586998904     49.035080956190896
50.017458382431087     50.565342500780687     49.865053493671816
50.653516941731183     50.671864315307388     50.171040979641916
50.257421941522189     49.062059129459179     50.186501055076363
48.887618668978661     49.948803548021395     50.454636506722629
49.569033570142530     49.862502779344609     48.877040002293768
50.500306104989768     51.076100359646674     50.821009374780267
50.924125004464109     51.537622911593267     50.627501581178997
50.935044329856993     51.807804645104916     50.073225400123071
49.696689308505505     49.800323195077368     50.676637575890652
50.108034450497321     49.388840852274704     48.256780821853233
50.408052254648076     49.672935415409611     51.015256791451037
49.888128070161827     49.009574720831182     50.895512678523104
50.483617143885098     49.687316448228891     47.953761471319304
50.193117753865508     50.702420026382391     51.239353872063411
50.286103368611336     48.851215295484877     49.491876064303135
50.571638532937591     50.834204269577704     49.436597186557677
50.662261171308934     49.365057505906528     49.282765203951136
49.781299859120807     50.370276226695751     48.586704896336762
51.313020452713126     51.496890005821307     50.219989242928342
50.225283778510828     48.579734102335088     50.041932777045474
49.570537903758222     49.429561758037181     50.082998138385364
49.507070296724095     48.913944851234220     48.893988817040402
49.729201377789444     49.901073745776827     47.907191529104736
48.757140576143904     49.066275731117699     48.966613794590359
49.347300802827078     50.577653234951576     50.761996701414148
48.614778912162478     48.351815361896612     48.826933434024035
50.736471870238425     49.820478855323593     49.734981924349349
51.476820383761151     51.971727270329161     49.958584876534395
51.069033581804135     49.384537084418213     51.253250036667573
50.240949623688479     50.185526701202235     48.543639945523452
50.503477707959512     48.917011376964069     48.990655851510013
48.271780701946362     48.758415849327719     48.804758925307858
