50.000000000000000     50.000000000000000     50.000000000000000
49.465964893220544     49.474232309595919     50.212716901958323
49.495753861817995     49.064449054039677     49.842230943641070
49.182951802865816     49.816535478999569     50.639158275887759
48.718794455203202     49.703887530103756     50.999005795603992
48.157775986577974     49.591235351485203     50.685659715391260
50.532464712352471     50.045548867258503     50.418451626805215
49.424515922183396     49.044198400495283     49.115065929248786
47.764013828644345     49.897751217013315     51.170656080560192
49.799790906558513     50.594176882448664     49.510922404296664
49.402046919346787     50.833351705116470     50.011812401378421
48.921330685465712     49.200230240329212     50.623554139022701
49.548018112709400     48.462300832726022     50.033770680762068
49.020276303755615     49.600149744765773     48.800255296214267
47.974976111789857     50.190846122912205     51.877121079554577
51.281337640834970     49.979555724749616     50.205761472810053
50.968336779400659     50.252205645577739     49.884550779511429
48.586730927127078     49.823227549275529     51.908651456232377
47.476852705103354     49.559128923257461     50.826674978943736
48.826787189095761     48.822535730553099     49.997192308255059
49.653604950711987     50.043174809585032     50.538934915081200
49.854440582720208     50.745483919793294     49.010706069878438
49.907415948808648     50.816504275815191     50.131681234438894
49.729976215122093     49.564392602140991     50.812764850813977
49.439586333685035     49.394612451803823     48.366413536148364
48.856191599348350     50.429863407755292     49.920924665843927
49.934233685180168     50.320005656484760     48.521285626288588
49.566457874685618     49.616415630545006     49.305355606007112
49.815716610600717     49.097069151271441     51.368466571617233
49.858161103717272     50.702951636145009     48.015991473745949
49.216299867933849     50.446154869193009     49.174939180070332
50.202382704125213     49.104021015876398     51.859258254815806
49.125339224913780     48.693883638939859     50.623534324369530
50.331240657905973     48.923156422040371     51.206558945547165
50.613259163275060     49.472452474326829     52.150102349013579
50.270936653462826     49.829457128849810     50.903142463832467
50.195905246411364     48.673046370097708     52.204804988041133
48.449933786063191     49.584387310075812     49.253324000746602
