50.000000000000000     50.000000000000000     50.000000000000000
49.373680272733161     50.246355254454386     50.377276335786213
49.287851219653469     49.588493698083113     50.225254774810715
48.768428145512409     50.707209371614745     50.217321414505136
49.940676820054293     50.476310093621102     49.456037556470470
50.426822598361163     50.347583450951262     49.740249798230693
49.134340997847460     49.794501467094406     49.790773774048574
50.224189110002740     51.108226823093752     49.288208463778716
48.688232188633535     49.611619754813660     50.753484237492671
48.819445965343412     49.501499257913167     50.077224242645300
48.966564992563342     50.194587504200413     50.711862991023274
49.141051487534156     50.165042451387407     51.194379147400689
49.437437496836601     49.094392880798353     50.228586798305223
48.146986240203766     49.590009454385864     49.943068650123870
50.432522498224671     49.742027757423543     49.784774637466342
49.295506637035835     50.752798109444548     51.138267263134523
50.280126086530942     49.683797754042587     49.173025227676739
50.877097162204876     50.025242100482359     48.949193130581264
49.692897082809836     51.162473472116361     49.358858853468710
51.381193157355561     50.409859745014224     48.969078829735828
49.598882969286066     50.714248551643635     50.608617428011755
51.641236001269988     50.988340055819563     48.664025693592720
49.378255700297117     49.789725944815729     51.538212806468103
51.339185439434402     51.422381946097744     48.490350665149819
47.871386762460730     50.043670213366212     49.725256408698790
47.386079594469031     49.960080959294849     49.566947265455951
49.865186968462581     49.427039777169107     51.234989972472803
49.582511832859595     51.412506005974599     49.969540069396473
48.909857754977445     49.613282986496316     51.894041572169861
48.350308091539112     51.110554769322931     50.249492151294000
49.116454175493963     50.934696386805129     51.817920842773560
48.512342266324957     50.195602903375914     50.215526491692813
49.720536653962363     48.674320146677253     49.713851814338177
47.228264442178244     49.253274011596346     49.518623479631906
47.115062703042433     49.883310474602659     49.049567794710242
48.881542839689629     51.206920072286650     52.160052769623732
46.811306593467798     50.421573927625133     48.915561366525687
50.462034490806978     51.320927212252819     49.790305234180828
