50.000000000000000     50.000000000000000     50.000000000000000
50.560916990971698     49.567553945083837     49.990661223084743
50.913354785208668     49.590850686582492     50.637158437403123
50.439237629606289     49.855057262100139     51.199730260782403
50.414341840574856     49.385765420485974     51.725280230025184
49.887069663547329     50.312804829584678     50.625226595898759
49.925488132027958     50.472017535881747     51.321360257812792
49.996765682982577     49.129687380805315     52.126381504868178
50.833153096544713     50.393081928276267     51.326014232245946
50.051153068033031     50.654762478432218     51.889527044056535
49.517933259920568     48.861258088436699     52.583020116226635
51.298460490988624     49.695431073563718     50.066977823036140
50.539811142750764     49.398223093241114     52.597084695017315
50.258988647555093     49.261912351104328     49.486486987263476
50.536784942474405     48.946299367228029     50.556354750282729
50.152203290530217     48.643983205240559     52.546363190030370
49.484134413867309     50.134609712185508     51.411156562108218
50.342506285187518     51.275967708470247     51.984028509264320
50.971986355486052     49.601921204015213     52.386396567809015
50.617676668038975     50.230536504698350     52.738152202119061
50.797521967852077     50.736700431434429     52.761132314326552
50.369355732858871     50.139306296995855     51.840375387616852
50.313408390997310     48.725659585346612     51.632815314433365
49.746721678253301     48.499063331999210     51.340468605076502
49.765449020969243     47.866069406421950     51.261759388685618
49.217005504187092     50.743864736374881     51.865983640494846
49.698210290697311     49.535841835772821     52.854974867199424
49.240643285581569     48.779022099068662     51.752132587619165
49.295397219449278     50.713581253025218     51.002564468164984
50.731551668543680     49.324436361700734     53.347080433437043
50.754941335633333     48.330465453594215     50.870378522314937
50.078471458097994     48.654009809634253     50.562461883989059
48.817390979248728     50.139900366063017     51.755880286608971
51.336791673806914     49.737910334580285     53.630602094253774
50.999757015031079     47.666936233938671     51.128592727610666
50.251609019853468     47.574085065749003     51.154317080747326
49.912395737158796     50.001255986689095     53.338184513695865
50.373514928174266     51.011997796087272     53.204511226210677
