50.000000000000000     50.000000000000000     50.000000000000000
49.547239449104495     49.629195186817377     49.882704966911696
50.535012028259004     49.799355386900544     49.438349801064803
50.884442726305586     50.392376408058439     49.751428518385005
49.205378054886125     50.132022009840156     50.407460294474959
49.828267130129952     49.844514863249600     50.742445284159622
50.754565691108546     50.362425931188319     50.525055913389160
50.534443566592927     50.483447034227837     51.168258001975694
49.731139794685063     49.892943927424149     49.238694443085457
50.466787149683483     50.903650413930428     50.891550909702850
51.279512902694201     49.552284909467346     49.447172289591087
50.077275255827772     50.655660992714786     50.213870782461875
48.999798560882383     50.453455770187155     50.857818911109135
49.475699975324417     49.177520167533437     49.247443058117845
50.700437544812971     50.441429903691237     51.830828319575289
48.833812237667850     51.037431692493399     50.487953930714554
50.287514256469287     49.481261908286029     50.393823475078612
50.646003527593464     49.899468075597461     51.371125686871849
51.300220415156417     49.518409382783865     48.715527730245569
48.832607194724893     51.700583085727295     50.066658054048766
49.852679895073130     49.268866711440971     50.805558030448097
50.897077381953075     49.476363269490456     50.699809298938874
49.983314161749647     50.864481237890679     51.367296852448540
51.541752033527480     49.258109770568097     49.898650243049566
51.586210591374865     50.014264629765215     48.724974979080535
51.303468395627064     48.851144168303719     50.521702913202340
51.922652019298098     48.788913873041210     50.259607069994928
52.157073602494307     49.288251953369901     50.673395039209758
51.364571750974854     50.373979824117981     50.761781349910144
49.054307664186652     49.067711693454399     49.658488590711599
52.730123657027754     48.816627724840828     50.615024165930961
50.083849377142442     51.568919159931745     51.594229184049652
49.708077666498284     48.698398450813940     50.262554820848223
48.864477670357914     50.214551507301010     51.462785652556960
49.275913578093309     50.490047772140557     51.587217360235712
49.081161860347152     50.238802365709368     49.431000937132836
51.541083279259439     48.226674526244693     49.890450591641191
52.436629562550088     49.752616891582370     50.299277169712290
