50.000000000000000     50.000000000000000     50.000000000000000
49.590003703590867     49.829619006704498     50.551813771056871
48.895431905923324     49.746827851788012     50.728404984265943
50.142461551536059     50.607495847242539     49.868347595453344
50.660082257079246     50.796009677213355     50.401697279285592
48.318249233655401     49.768308710784815     51.200262874835254
48.506472832564370     49.685974589927021     50.296740048924832
48.037071869275074     49.772302387088430     50.525473835066236
50.060844567314355     50.398218989588244     49.347816440346733
49.815381594219403     50.975350156705794     49.495736401626850
47.893141449383975     50.252874599896060     50.424475534124426
48.740107919447809     50.371577366608847     51.377404070688570
48.191513852370335     50.303237647539170     51.672778099878592
50.970175776983808     50.068549873154140     50.370847625225935
48.579277805856840     50.168122898964093     49.937333047959847
51.012083988545591     49.514623930739880     50.655816243542702
47.509343550546113     50.606867476552992     50.316692397626611
50.195618498909930     50.045441036798202     50.784088117148222
49.150586446720773     49.515278316907747     51.134584713950495
50.663543097712768     49.063616524729355     51.141200359687637
49.580090989968049     50.138961645517924     49.513773421785174
49.629617965829212     49.214047383245848     50.753058803851260
51.090089255123878     48.389878003803027     51.136575404897570
47.023082266186798     50.695166019161150     50.457144781592987
50.771910677617747     50.578226662718961     49.172756616318310
47.665299472870046     50.853772986518692     49.663568542940901
47.078713345704159     51.144035281442143     49.225439328818474
50.414724182043805     49.731932134644410     50.227215960356610
46.783034046971494     51.198594692939459     50.610966027405198
46.495630412429698     51.324705681260781     49.932715618818840
49.333845141093299     49.704039691134533     51.715368068506578
46.785049070584471     50.566987186593352     51.122589411581586
47.333471411640602     51.534909305915669     49.597021421712213
51.553555118545219     47.790965608808115     51.289410598459007
49.256700930875780     48.793776725304966     50.816809067627553
48.950790085635894     48.611553725981565     51.372792108801200
48.027579639213904     50.420084373277099     49.415417820870857
51.023850224849646     50.334847678543539     48.630976428677158
