50.000000000000000     50.000000000000000     50.000000000000000
49.564085581938670     50.630305333748694     50.134055286754027
49.494072409516619     50.521217777431360     49.479230493280269
50.266980444653157     50.472533391384417     50.056169908065236
50.384129265390790     50.782133051835224     49.563200715874515
50.573410891934103     50.096248681079430     49.656551137868220
49.801724095495643     51.300996035361187     49.739500737445773
49.871553411406246     51.614707699330296     49.041683913599464
48.982035128105025     50.709942503823328     50.176576685154849
51.002679368727904     50.316657259277392     50.047818661131572
49.936454114476916     50.664674156223093     49.127028840915088
51.489601019501265     49.885041333624002     49.593550732986699
51.106153121856437     50.676309458107490     49.418353249903085
49.648848452750009     50.783532396412575     50.805024119921583
50.226091324492565     50.300018671744169     48.739511001899153
51.899525902290250     50.426716241487718     49.371160313213721
50.715178396433508     50.899985679861032     50.278432598841285
49.355591472481770     50.440725691046737     48.624089353576302
50.676294539587992     51.086881767445924     50.771820614725513
49.062988690737356     50.334381776508607     51.080435800772626
49.839086898099445     49.482842040093573     50.473664436434163
48.876670342569923     50.458336426930607     49.237988076832963
48.550857136977989     50.196015424728238     48.629276908145826
49.223308527057419     49.689381032339597     51.159595704724971
50.597737728410834     51.421708078110612     50.296662637850837
48.503221572289526     51.064931839918373     50.597889329270323
49.180741765234480     50.845342511967708     51.569921591770751
49.782575400830154     50.626753047044261     48.338228983715616
48.946439780062342     51.443894756413300     50.253014766560909
50.445486832111577     49.115576196099141     50.442753303139831
52.360658888896538     50.534934245229373     49.592173704786632
50.685181729101600     51.101504868725819     51.275950366479165
49.905619822902828     50.394422342809222     47.860646075684031
48.583464661375316     50.003938982422753     47.894362279511633
49.513645503051492     51.275992530871477     50.901969235270769
50.309753056694305     51.952545166395204     48.793966484819521
48.521783011928328     50.536765118283533     50.268500780257078
50.827397273603900     50.237047550254047     48.499405816619529
