50.000000000000000     50.000000000000000     50.000000000000000
49.839949306321657     49.309638449974386     49.795849142405750
50.659256586470761     50.333795877178197     50.075713881790705
50.170507970145721     50.929730587510356     50.176822715927905
50.696575891173829     50.151244972445035     50.782973863534600
50.394118717192057     50.539612370818368     51.168698979925708
50.065726290974972     51.702900610802914     49.985209219964446
50.377947085399178     50.652254813949270     49.776465356100594
49.607122064833014     50.785447209897619     50.690141129260176
49.936205836921353     51.031443906104350     51.453714173849534
49.448779051876478     50.138565331525456     49.620194135471827
50.442190371836134     49.883398022525917     49.440747984551926
49.152398844131660     51.230102359373269     50.204978200120593
49.477476849167061     51.314462796703772     51.317718196676260
50.966537797434412     50.730834795861057     49.963791989800640
50.261962216233968     49.106997653380645     49.356779020887821
48.950638342655765     50.899560912092824     49.766541509978190
50.911498236420897     50.492376154589330     51.344539056446088
49.301908829690937     49.192970202176696     49.478918708508040
49.662669532720422     50.015762871931997     50.492885445163537
50.066925954298682     48.648224073838655     48.772444307898780
50.307181084059792     52.179225804919781     50.250614600781034
49.603437887390385     51.115700897473985     49.449009595085933
49.005725075812983     51.090563327765800     51.713358637726671
51.042351612028710     49.186575118090332     49.264272532128921
50.432339510265379     51.176234651508146     51.904124174655465
48.534281691826862     51.276207294301081     49.425593313915101
48.862984980130982     50.500197956178376     50.211990890039893
50.072284776895131     48.833100829762408     49.808751128735580
49.744011045348110     49.764987813896269     49.344416866527773
48.820530209756782     50.621689548363506     51.640870993491312
50.051104570305384     52.665288996119131     50.323404741062610
51.389302438420067     49.641645520820887     49.425858000075038
51.557129894046440     50.698106363816919     49.887474010051051
49.594020688645131     49.300822933600323     50.802994079128759
51.448001255000364     48.946967925711036     48.911225919669015
50.914168252041947     50.716844078845838     52.133037831348751
50.586701350529111     51.957308763577416     50.905529044276761
