50.000000000000000     50.000000000000000     50.000000000000000
50.075889842988872     49.454264569741724     50.331165917693149
49.250391684778279     49.827903266783011     50.022752803344808
49.915005618133470     48.793430515906380     50.347974571652294
50.426782569045493     48.632692675641010     50.241659922557602
49.527137917100681     49.709246208540549     50.825188142528283
49.569562707542588     50.607770827581206     49.795853180197327
49.939996773774958     48.406611143322110     49.662070247397381
50.621248656726031     48.420127871490493     49.303986418440672
48.874876764782826     49.689762149639577     51.188429029546739
48.924587502592360     50.327323509743550     50.323486635081878
50.411129689724881     50.466904106454983     49.730483631872787
50.979801178984538     48.875339461807592     50.077977947205547
50.686591532255648     49.654043996662381     50.135944116745868
49.845694580043435     50.109000701515058     50.679602715022405
48.935090937990907     50.488865468553726     51.119988751394345
50.785807203155279     50.552476564845279     49.364619924849841
50.015029388464008     49.457038142951482     49.424587376565277
50.383341900462568     51.091515339363959     49.058865588728558
48.435371005765937     50.136537741508945     51.167364681944484
49.295431182460106     50.700685870168357     49.179140908994526
50.809177634963866     50.049356360305573     49.382555670812238
50.323256387511563     48.808984051580616     50.867425327108073
51.272089255119937     49.888212631335037     49.216366259085930
48.849096980197608     49.385844280168826     51.650389744232001
50.148405220705250     49.233929340332587     51.109304447498708
50.834965126455096     47.852072270883738     49.487552179305638
50.423078420841868     47.693476562243468     49.916095049041033
49.968614890671198     50.328558177258365     49.284319092171181
51.115955843815321     48.223065226627149     50.104209184637078
51.088269661007722     49.245556157829746     50.519534764758440
48.584020076942430     48.931303842895048     51.963679198251967
51.779415601991957     49.564374132827268     50.722858044177293
51.792689109688759     50.102711111428228     50.793504241770670
50.412929729669678     47.940232419535889     48.720231985067038
49.914601107840532     48.341558053904492     48.415204670878808
51.447765309661293     49.742295205690823     50.030819165829648
48.297232913268289     48.537175066877957     51.424191936859749
