50.000000000000000     50.000000000000000     50.000000000000000
49.274305106180215     49.952159240680409     49.944911332289422
49.996822916401072     50.765215622688743     49.797329191866950
50.586766333792085     51.067282031143108     49.922405240416147
50.337538742083169     50.752389722825619     49.101613831465656
50.324013310642506     51.771415402517640     50.042313000719211
49.588091541417022     50.530576633937365     48.997545819610309
50.674769803235066     50.321325987893381     49.906960505138883
48.730828905550808     50.091548790243330     49.525786546506886
50.182372884386758     51.996011319429741     49.604468728600757
50.569907922407772     51.225124989073009     48.889803553849674
51.103223850699599     51.249159877552309     48.732374934304659
49.597208890019544     49.274151680144200     49.788849748124839
50.048568803069685     49.029472361191040     49.492981406760720
50.502153124427970     51.756092877158167     50.787954653748670
50.370428829678417     50.882269257471570     50.490914404483398
49.853877431414794     48.551271918551471     48.970706784309421
50.834414626715272     52.427276384543198     49.773989827656528
50.415137757210161     51.383765332041243     49.499820703339864
50.700276590738682     52.618632094822416     50.540830531805184
51.377994107695443     52.884866238323823     50.467174599671374
50.124252485358831     49.367306194489672     48.824036898757150
50.161986005054402     48.118345733949369     48.604722779734459
49.914359252426763     49.501430532588017     48.121103588312252
50.596136189674617     49.639376514306484     48.914365751556325
49.491209278982524     48.910377857828145     50.490532445723908
49.666879027918505     47.803927123670235     49.202680748224950
48.506567330499010     50.123595118349080     50.113145924571185
49.891074167027398     49.992138502267970     48.743501148331511
49.537205365389617     47.434782584260660     48.547093779571398
51.602530132945780     52.275537889131648     50.317488621087627
51.419152404394069     52.815352669364231     50.988006666953929
50.997390676976231     50.582500499602759     48.409442605492643
50.783232884619885     52.692085550717458     51.269635186725111
49.112445941379988     47.715181163812140     48.798487457896123
51.398776106824521     52.073976697055585     51.253213347543053
50.765049835803978     53.002222490797266     51.864576757480549
51.514605593326685     52.268871559541218     51.719943361701787
