50.000000000000000     50.000000000000000     50.000000000000000
50.274698808203837     49.993705021696826     49.376546639752206
49.365193808794416     49.519447056562747     50.067982970541529
50.269389243804163     50.752523251151047     49.185152999592539
49.987230936959214     51.281232580758832     49.019331602268906
49.217152506976561     48.928653156282728     50.459894751953208
50.432904533111902     50.374400093970763     50.103903967093956
49.365159725887779     50.088510952282661     49.969333927849405
51.101207824791601     50.474704567703625     50.189103538876452
50.155257543890436     51.750313005588431     49.232417261896487
48.880908515961039     48.401707228551025     50.127262678438314
48.855015571478624     48.399904036767616     50.881694168136377
49.752619769716162     50.770472658999530     49.284475070359285
51.062737039157604     50.525051037568588     50.954655477523175
50.500641223274258     51.134993753679332     48.653627874127665
48.609026676862129     49.005182679514277     49.888898272738828
50.512498902147399     51.740105430901956     48.751485211141521
50.997152154014735     52.263160899094174     49.107843886562961
50.853471438970487     50.106341956342348     49.489475784967546
51.039095628557078     51.733268206156716     49.242452665210429
49.510752593739710     50.729454859932865     48.537900263443525
50.325556325384461     52.434765342340661     49.345262378623211
48.312597972650011     48.215407537613721     49.905092240036659
50.274558472797182     50.590622431994376     50.838716020416250
49.088945018627037     50.234338646572219     48.819347929952421
49.285103275342387     51.213003060959750     48.232001887369094
49.051578713182955     48.537232700829136     49.586322592106733
49.783604846400848     51.652489733500339     48.561557297002210
49.806190416903988     52.330460938298401     49.127637248120337
48.442874965267741     47.562307025474453     50.178638789315457
49.404399905629191     49.971561220096859     49.488440588931461
49.496107388181059     50.946814403780785     49.816692877588189
50.072998669914831     52.910725938423866     49.207222251472224
51.307224913178509     50.334547469982560     49.361911228427083
49.759391855735132     48.791398569616454     50.310872294562216
49.100101970317077     51.248021760228923     48.920770108605609
47.869199448065309     49.221463061876790     49.706995202599451
48.690919230532316     48.455345715891724     49.030083189810725
