50.000000000000000     50.000000000000000     50.000000000000000
49.610344631758984     50.096943278460117     49.693925422474841
49.819922154963571     50.661240212059887     50.192537992558854
49.630288572772429     51.038983081144011     50.832460650766784
49.830231536696459     51.610166945704862     50.314574421924796
50.066455675044843     51.969186096193525     50.062819343632256
49.252914541754244     49.677878964590157     49.781838903945356
50.584095211927924     50.736261418145986     50.120053254143947
49.207454916631995     50.210825632703688     50.056702805984358
50.849110726102460     51.101204107014262     49.619177008551972
50.998533474835426     51.747881700965458     49.204155752627017
49.728608543572946     49.908544458193944     50.718156502984002
50.512749410918239     51.488123840983192     49.115234368132491
49.408432977995702     50.348299028185266     50.572570583103619
50.919632781514949     52.300697114502412     48.708169090104228
49.951399922002437     49.761310216524699     49.457319135849119
50.393512028400281     50.994634722978645     48.830279523518470
51.180949592259417     52.569791683240418     48.181442826855154
48.717167180364108     50.211807083375959     50.293651434600470
49.489548262045155     51.265113307548340     49.733209200450212
51.683152335933833     52.341545493948132     48.021989889857217
49.698187165566090     50.852150472003814     51.335461288006059
50.195546716992844     50.919197941382031     51.340063171284235
52.010824309580997     52.773403167372841     48.380131831213369
49.008892841111141     50.754133801357376     49.669349114158578
48.939559907919559     50.858573060034196     51.582210957539885
50.105749580948491     51.965117778092861     49.517347015413037
51.238388173093064     52.731394742639445     49.285196761224363
50.552368900283099     52.984357670241863     48.456581044304897
50.064216851843867     51.619898651055877     48.703373595781486
49.939218684148535     50.418712127329826     48.913760246480990
49.888721129302994     49.327890054341268     49.183736482648577
51.050782271406369     50.205739543930555     49.847502810476300
48.729366518456665     50.307151731981683     51.872392159785726
50.171117205388406     48.925858393410465     48.823708250008927
48.735772333252761     49.666749685195448     52.206224716835571
48.258961696151182     49.999990090535348     50.468191299770261
51.344813335214035     52.079770811726384     49.477700252689210
