50.000000000000000     50.000000000000000     50.000000000000000
49.596068547485814     50.465488642185072     49.825435259293087
49.472406068465475     49.809037043016332     50.404456332071980
49.549789726227885     49.193244517979814     50.795743683076438
49.178744062942037     48.886873154854598     50.238670290311383
50.308609721141906     49.620873919504362     50.146560587629537
50.661632121376364     50.145717877913135     49.982686865863556
48.874446426451293     50.170835864761500     49.645305524311468
50.062573980417270     50.932118343046909     49.781890322497183
49.989177742480798     50.690076156579906     50.468156110357526
49.284297693140026     50.965803135733701     50.685736533792024
49.622041516769279     49.970805266981735     50.945474442438275
48.960612944454937     50.151404629120336     51.321629800687980
48.794361154857910     48.493707782682669     49.769560135722358
50.853515546063427     50.797216197760712     50.216707091590884
49.688956223224380     51.644406340813582     49.783980114485033
48.702495904785600     50.183514279540283     49.136857501950345
49.171969055523917     51.203046325121058     51.434744167039810
49.355037822390798     49.164591605998012     49.607397636964841
48.667371991437584     50.772880740814578     49.326956992901863
49.918625371732567     49.490087602033583     49.507039483391225
49.033012891399359     50.291855126226295     50.841167045488419
50.182003410020080     50.537327655935044     51.223807468910209
49.607706355318513     51.138475160415183     50.195873601537748
49.823159248813575     49.582248756885818     51.277893762120684
50.757726395373304     50.819244092636104     50.872860897805829
50.468705893995384     50.311641426294941     49.380408240141236
49.752922228768618     51.581644496910343     51.072519593380775
49.063659095126084     51.809840453359527     51.251951631861388
49.716245142552317     50.832234007911367     51.409920257950880
50.164977291673779     51.115447876599873     51.124254287130441
49.405237276751812     50.922339332762576     49.121354528044058
48.879445035501796     49.680119325478685     51.769741297303021
50.273572956001018     49.234690842422083     51.712284385846594
50.492915128267647     50.061239731578141     51.765865934552231
50.359406304995801     50.085116647162153     48.908749898690679
49.632535382764289     49.131001826408820     51.476775439843479
49.331892101075979     50.364270517799440     49.059691980931845
