50.000000000000000     50.000000000000000     50.000000000000000
49.766377456528708     50.225184723764905     50.443592332973367
50.768195705172687     49.803481425037496     49.926576884792098
50.843388130677873     49.221803291268571     49.567606508515226
51.292958958314912     49.605393630693555     49.745076294663079
50.572928217113919     49.301687919478219     48.969320372397533
50.272493313399060     49.482268121570165     49.819609399411576
50.823347183517370     50.499749931605763     50.148955131005160
50.288644731093214     48.893410508790488     49.964564645427380
51.238530442604940     50.149922003428038     49.202542085898685
49.621875649230354     50.658110505970626     50.834856599007416
50.959996711901901     50.110724430170130     50.539957739669504
50.769219319620404     48.916084288839500     48.626083833399164
51.861129237099220     49.172126524323858     49.546852129413267
50.062874349027368     49.333422057184293     48.368273394096533
50.009750161195129     50.793092495974562     51.166048428433477
51.522098646509981     48.937054533585481     48.744918971467847
49.719823373627030     49.909158173043579     48.082773478261586
50.330207234893315     48.867409722504760     48.119902762386523
51.494884666191112     48.536940319385387     49.531941273144966
50.511090411054539     49.881530303111951     50.477558483216079
51.146925789143353     50.154266010272515     48.684243070705328
51.210284731951120     49.443518690082485     50.822413958525935
49.530846193572202     51.365421373291909     50.891945373399189
49.602895378626314     50.430340734486137     51.445127239739485
52.433980524446888     49.586340074153895     49.422591253867836
49.802875017577350     49.673882262329158     49.013402942864211
51.270849843971277     48.642597240579576     50.110403039228586
50.565205954118717     50.478457783106748     49.089142095030560
49.927247011928138     50.988968812468222     50.590639166376725
50.035746744622578     50.344561670501442     48.832411055844631
50.610207207070182     51.357047801563894     50.549008750106751
50.985994429173267     50.743830393354607     48.614738892499240
50.511096175660548     50.390830485657766     51.599869792000163
51.446241102820750     50.873859945257365     49.036640717506529
50.434327360813114     49.362689858784670     50.316766515057104
50.185642701050732     50.832269657579829     49.109108227607500
52.174676036892755     49.048225113158935     49.122738865814810
