50.000000000000000     50.000000000000000     50.000000000000000
50.449968800551211     49.821404477021154     50.573913426376386
50.060982358299029     49.217147409887282     49.968709696896518
49.850707108518350     50.264910354993283     50.827334646338677
49.536988222673699     50.921888185735952     50.761949698782935
50.470048180131904     49.440092521230262     49.786927161749901
49.835419736992336     49.342014353148862     50.410411494257282
51.010441579723867     49.327231122025431     50.644640708120136
50.942373674213336     48.892315386455884     50.343553969903809
49.882525548036242     50.751841793339985     50.223364007558772
50.705801995654113     48.231859382219817     50.048357687729592
49.380058739414480     49.777384228370636     50.668139661889583
49.516409714620906     48.718854772422105     50.243828091339815
48.996008910603329     50.024110394894457     50.458485766111124
49.565838818492352     47.992687953220518     50.463054214200476
49.655627570837375     48.717794523552477     50.776074576967545
51.113023627144621     48.635520709398186     49.773085439204998
49.569093504060177     50.101194760361736     51.320695295237790
49.540205038796429     48.932696421761484     49.537491563978030
50.427298858583661     48.686649793774940     50.960938274096478
50.953310708867264     49.318465364292216     49.544017723674543
49.225059746332377     49.284749716076263     49.248275898249958
49.369868327248277     50.262850198758734     51.763729556727419
49.071750157347360     47.744677016293892     50.370044724234901
48.983232884377948     48.643221336582641     49.467162678435912
49.536983806790886     49.281508285851309     50.814503469816998
51.097048089602502     49.249999188992653     51.249731351709727
49.803775771285899     50.569111085421980     49.748091464556012
51.070554176649040     49.939430424861740     49.118131421206677
49.275238212220899     48.021962348026186     51.031614267725232
50.134699148238091     48.482354952295942     50.280505836102648
49.490256640177698     50.230976186356393     50.465677553578551
48.592371431268319     48.433036440123963     48.932210030221590
50.553680272990796     50.290851615057768     51.186804296401249
50.342435672595613     50.978343432025170     49.827179344011412
50.541979366841289     49.207872192850751     51.431064682422125
50.531198362800481     48.879877140031994     49.381183791864451
48.682896798023023     50.599736256401577     51.741517411746976
