50.000000000000000     50.000000000000000     50.000000000000000
49.944201025684407     49.934753322760884     50.611630453287979
50.580214615466289     49.895051676245949     50.043935220144270
49.602936007260958     49.494217117991205     51.142280314848541
49.843998748131128     49.969290057621812     49.212314299407879
49.866236963286887     49.317555384803221     49.476730519854485
50.815577678769046     50.364289310663416     50.143515230857794
49.365493670349402     49.160362230535725     51.811436190400769
48.787586172283568     49.097181932571864     51.592765555721243
50.453264353433653     49.820794582084780     50.992513758421296
50.485274788970735     50.294943785519038     49.367458449208975
49.184155115474361     49.936745449753857     48.908693514760408
51.155908236578689     50.669322933026656     49.395450727237524
50.318551389516301     49.370528868454983     50.565824253678358
50.828787066587793     51.263209916117084     49.650263752025509
49.789457658855746     50.441361205685624     48.702142783955587
49.666766382953867     49.206605568148312     48.759228008032451
49.477154521616228     48.611532220670995     52.227691105228821
48.799371435396537     49.460177986749578     52.271682829986204
49.295658411624942     48.596458338754154     48.427371820024518
50.487267152556313     49.689691704302355     48.909444760559516
48.562878010207839     50.037935814405259     48.770194853222641
49.114782774941943     50.858361794436945     48.576826048421204
49.915234826787781     50.468321159621617     50.170608454055262
49.166538631075966     49.928149291760477     50.432074321404784
50.326970630125281     48.838472971107649     48.839326283033351
49.700682192308342     50.407640577412749     51.023490619746021
48.945790935663773     49.892989893158543     51.360791882723248
51.360191550557062     50.361451041518663     48.845408211058668
49.097624310275329     48.742353747414278     51.034586496853407
49.516695319916920     48.542196571251480     50.591702040586412
50.843952332474394     50.451585968113804     48.595587391126877
50.992742131549797     49.422219825653457     50.069601523546822
50.612912766920005     50.071633157455707     48.027759373682265
47.881907074381132     50.048359293876942     48.437255542340409
51.733152090767277     49.752633508698032     48.920914824753083
49.561932207753962     50.102447716361446     51.749207209422423
48.900865752576195     48.000346179665371     48.782952996583546
