50.000000000000000     50.000000000000000     50.000000000000000
50.053886631799287     50.315895476411747     50.678662816593786
49.372210711111876     50.184277400951537     50.689368708159840
49.527759558685808     50.683286516467859     50.511470820317598
50.647521231886685     49.881129055236414     50.492005492603269
49.120607555350027     51.358491250026169     50.493434555140446
50.501652287244397     49.666717357047752     50.979983350714157
49.173248495625188     50.593300722354698     50.896290057099542
49.902620545761316     51.040059984495343     50.059403955011021
50.513011438594276     50.033015573039300     49.880859236897315
48.970515040695624     51.618734609173806     49.755168133487416
49.238055948923652     51.035634844689852     50.132443611941490
49.492090445965701     50.560425090937223     51.332120156473444
50.178947181996776     49.651075678742302     49.472282514822304
50.381481067850785     51.145200069762652     50.326739075008760
51.068508268349170     50.303807606020172     50.001988508446914
50.753235561578919     50.505160215874923     50.479616861741555
50.283968112338989     49.398599050108416     48.826657815924833
49.876643502783445     49.244091599469186     51.237479185977882
49.469232920931653     49.600152817424430     51.089787702740274
48.616397563041524     51.143996546195226     50.361447340039099
51.720071657288081     50.231311148395292     50.173481408390430
49.040432262451752     50.175043028785637     50.054847860089829
48.319726463184438     50.665453569973629     50.206545364111051
47.866127350446988     51.248424491776404     50.282872753846171
49.040150489339233     51.259095619823931     51.060455612841011
50.640175854894231     49.798088692216176     48.252171002190330
48.989023622896312     49.467774922874952     51.413931532780595
48.591202574826362     49.930903736292159     50.470855890783824
49.162111835820696     49.810671847066864     52.006841384554370
48.416887502354669     51.807468994438992     49.456150451192599
49.760947191823462     49.774663231994992     48.946603006872266
49.249253692161744     52.062976202811655     49.303236684221709
50.657980728238570     49.301735214731131     49.735212430985463
51.622730610471280     50.214984596822234     49.505642485501660
50.249454022556556     48.826988185398868     48.823807798150980
47.807528010624431     50.537488070906385     50.492859326017751
51.208383545394476     51.008325820087983     50.329441563199346
