50.000000000000000     50.000000000000000     50.000000000000000
49.387723022430038     50.351957154638164     49.942516802972001
50.222448976176999     50.585331671470058     50.098708918076255
49.528299618886820     50.900686073120028     49.629256893429314
50.795203686133078     50.395334046163967     50.129864102549817
49.634749186576165     49.655543085285409     49.989297163138389
49.872426752465998     49.131793359128487     49.699191556669732
48.794866400794533     50.143129751761563     50.422177229541937
48.809342005137410     50.802932001386210     49.488561025116972
48.668295219951027     50.525727394763919     48.854210965885080
48.243379107787220     49.676368625737155     50.551241324264467
50.819988525358902     50.838766935589760     50.601888680615474
49.438380603921914     49.229682099580195     50.488499795239434
48.137447811395482     50.544784638403073     48.289896212989255
47.729202851471257     49.319182174308381     50.055528342219368
49.457859713942774     50.359695662237847     50.819231378604890
50.107988885584220     51.185165399620601     49.175337176157456
50.202030080009621     50.284178683113929     49.307751215378893
48.949405164396516     49.421634674321865     50.047360807257945
50.902091602721136     50.799816119283371     49.550331277019417
49.367991494060618     48.970926952395700     49.635560762164651
48.440969302400717     49.879720668462490     49.698434286205554
51.158117559724950     50.372932430559253     50.972084101300787
49.049165352551015     50.376023060634594     48.538045152406625
47.634367514088758     50.538608367678194     47.958406315506046
51.400614379730456     51.012792703758755     49.957984091983093
51.217641187625837     51.118767199527987     49.016746398506172
49.822357789742476     51.595285486039167     49.252919553385105
48.037640354360057     51.121111942634158     48.411718156082834
48.549071268078954     50.559106794985979     50.054705064006214
50.395720288526903     49.758428914615237     50.409976124348795
47.570999057839202     50.608931947923487     48.796107791875485
48.868576431451359     51.270879696955916     49.876861422118900
48.968424221455614     51.151799576958666     50.528986274387513
48.312805899299839     50.262484472883003     50.877476550503324
51.295992276511910     50.631937913080044     48.717492847308776
48.834047686229169     49.416031961238119     49.542727482735692
51.033059117461264     49.703274305115833     50.221610873457252
