50.000000000000000     50.000000000000000     50.000000000000000
49.377770583458513     50.467492726899906     49.877380663728687
49.845983417193850     50.944120246216009     49.973040278323509
49.438370443725468     49.899650894679496     50.249100624278682
49.162539258811186     51.205758156051374     50.069221989699720
50.421875441006115     51.377903160844504     49.924385910415275
49.400596678959054     49.532850685606952     49.717393249941466
48.862900586239107     50.388010301057086     50.398871531239315
48.797228498538452     49.614848139407670     50.499180375077259
50.013138489318280     51.739610335711021     49.836400798480902
49.668785978961481     50.285071573046601     50.604905467765896
49.973820430257234     51.167028138651403     49.359804546442561
49.855721588804641     49.901279392456296     50.867609135369740
49.529725110761326     49.303966467614295     50.649670927234034
50.715267159405116     51.804660672740795     49.497448147099284
48.538606889282519     49.991868097384057     49.812304554141598
49.735565986161738     49.059793229018503     49.200915649440418
50.397253808765385     50.977300774531344     50.548334846070425
49.946523356095355     51.248157865800110     50.496624510861892
50.623983347076937     49.896957691821591     49.988826447663065
50.306115169694380     50.422992246733656     49.644600327430553
49.031752855284630     48.779010563493046     49.094656929288647
50.517503530078102     49.890720979401863     51.261101913207497
48.394982981422231     48.962304840352587     49.356705906692277
50.950126094152274     52.543243849649613     49.493827179127180
50.895871156131690     51.256401610720864     49.385216353289294
48.221352090193037     50.425782695136519     50.486758346864072
49.375547227420903     50.809707480384638     49.106506188491196
51.205018848956250     51.700851843062736     49.459718966204029
50.117691340270795     48.819314540301392     49.588561931716555
49.499269340389361     48.852444899239465     50.049593962940257
51.005814989836495     49.448146213202158     50.446884000299406
50.567487973309163     53.200398941330775     49.512814669692929
51.806931939872307     51.386293723390153     49.115949000909865
48.862137436942731     51.013669745384917     50.492061727571468
52.066284542330621     51.188297686208166     49.551645095864835
48.881733805039076     49.057604703569886     50.948107416953818
51.562969101933028     49.098768191807061     50.857463424614124
