50.000000000000000     50.000000000000000     50.000000000000000
50.127583635588053     49.996926380820668     50.670420796600027
49.666337202046883     50.314283747341186     50.623594432012730
49.280771983634693     50.705702213576451     50.135855358274348
48.888506300300001     50.942533123726626     50.616653022434747
48.227216951265646     50.625362027640357     50.306468289902291
48.337097115170330     50.110199109869306     50.815683796552129
50.478304557001096     49.357680952676091     50.529169170497454
49.622799598569287     49.726668698649149     50.715849707280434
48.524098161980049     50.284753248923032     51.492890990518781
49.200282667566107     50.085135768761177     51.723829369437972
50.160167425541928     48.968667840293072     50.355655481584826
49.171898910296640     50.725512834155047     51.065012250876649
48.775025941130991     51.305041869284459     51.049325888301652
48.821273264552126     49.698132610536284     51.566654251881864
49.786006628199637     49.963048792611637     51.125336410785920
48.251831872729497     50.731654356331198     51.141060227171359
48.921452197618656     50.442272738702492     50.466744951889297
49.327658780228603     51.398241797273620     49.881999287551764
50.257884785868328     50.016787201776140     49.565933593908703
48.710833598100621     49.809932315317042     50.213761847299672
50.303028003033219     50.625345456374646     49.167282691691966
50.776475141074862     49.815901790530376     49.003609336516419
48.068577142152506     51.155302928191745     51.558991175692007
48.664432142533151     51.112562136288140     51.676443284558552
47.640337815493048     50.788343642284381     51.808349744472430
50.037520274238190     49.675132818627567     49.246410075982610
50.647643513865383     49.849943875410077     48.295423014751108
48.033360396045047     51.437846480424817     52.169183911318129
47.725366793895596     51.680258605473270     52.760773883112712
47.949389817432191     52.308706030299177     53.029893255094620
49.735016505263630     48.625753850168373     50.718719760593444
48.987859422106901     49.263094432322255     49.968290235343076
47.570021107682479     51.054315217321260     52.571359882959790
47.584949368062759     51.015838167642578     51.256094861169267
46.985665262216614     50.705284357801098     51.369150068357186
50.120701962804468     50.801369694028601     48.407639277821318
49.210646446267013     49.187297122934737     50.973619377741393
