50.000000000000000     50.000000000000000     50.000000000000000
50.423812619458651     49.431571024784660     50.123185402223193
50.317209838023508     50.051482503567605     49.477744725847856
50.862962452381701     49.970432853070342     49.769603944722107
51.543119537319818     50.098594745953157     49.799579757391378
49.689779725260138     49.825608203722652     50.379054651680697
50.693673771738027     50.534820939941646     49.211835814705964
49.748840739441150     49.471961890567869     50.022638954602677
51.087086043150215     50.630861543129505     49.762178868108442
51.621863466397258     50.620776340303195     50.035847763019405
50.605786836351463     48.994644627407517     49.837829847976437
52.107386421725209     50.111962161692958     50.007733636570947
52.692785515672213     49.942952880540126     50.121109743454390
50.109358719303891     49.583697869636694     49.323401702540792
50.670299968103457     48.426909037998207     49.388397705020331
52.141502996028173     51.183040566492295     49.974224935601015
51.370687037663508     48.374283090902573     49.332347891496340
52.508804523687317     49.619853927156058     49.750111198929595
51.847074713405171     51.591382103747804     49.512783419148413
52.026497729264896     49.451751412682547     50.206511493887454
51.267841223701787     50.208528293523514     50.275545037260436
52.892786920095332     50.126850907604805     50.833633582324190
51.570979720184447     49.559419452486530     49.640702602655452
51.428297473272806     48.722714566569827     48.738386564718027
49.911770753014892     50.628000615400289     49.904192495762423
49.318313716858796     49.169546310528347     49.549380961086996
52.053102836745019     48.321579895995193     49.487351818369568
52.214474660152398     47.851712910579010     49.035495770128939
51.034167638562295     50.283800683864555     50.938456730103375
51.109312096088416     50.722849918163334     48.904028870688485
52.730720935618059     50.761419577345613     49.725697930923054
52.164022358866646     48.465455101562355     50.198256949050673
51.538915268550980     48.328250277160009     49.895736164076880
52.820479144191694     47.823533216457221     48.722672850645885
52.623848463311113     48.421010109472441     48.352192876423914
52.783756545556336     49.843567032679509     51.376841366342582
52.683011508210299     48.539739762485226     49.905719151572953
52.627954900390073     51.045108948800376     49.300034614225190
