50.000000000000000     50.000000000000000     50.000000000000000
49.459110835558178     50.524524432975959     49.764704660307885
49.610169128922173     49.583332165364844     50.240323226529192
50.362954387842407     49.685619923526048     49.714924715649303
50.000439194873643     49.085553135785638     50.612947257829035
49.550760976651240     49.690745123021358     49.564378688320197
50.037328943936693     48.680601480165429     50.068144876648013
49.093866042883668     50.140431399873030     50.165972775180379
49.994060023661575     50.719625705968937     49.528459217313276
49.061106814340526     49.643483973514137     49.055228803963303
49.899752032451346     50.356109005834192     50.376370861958733
49.455677923220833     49.104070192549869     50.541919746420028
49.894456323966928     48.061826442722086     50.308378000101072
49.213008815086475     50.008932260689591     50.949421054623215
50.379742538502313     50.806196861976176     50.284180985709540
49.048759756394340     50.182350800081899     48.933548706230049
49.503962413714767     50.927099297363753     49.364356114187729
50.054974421344411     51.415626295181781     49.233181522664779
49.434632172804569     48.061485299687995     50.650764306630293
49.711207475731428     50.118193010667021     51.395461859487831
49.799840337103028     49.551671532752003     50.742675678871180
50.015310749656315     51.796027904211719     48.880384614398416
48.308277369458665     49.664286295894215     49.325723220584003
50.465085489166448     48.536319640417389     50.527308642562161
49.507896824615116     51.727883299130070     48.392456566781824
49.798357711450791     50.320164989713795     52.089222853838528
49.354624196900346     50.476255936743740     48.557239519284551
50.337545437445335     50.765365522121819     49.166117149786309
49.766789591597998     51.127237183397995     48.060031066382599
49.403388253012729     52.384057986284688     48.013160364416599
50.378097446729271     50.405267992434901     50.890449345375544
50.269571478315711     49.887091617850210     49.083458843951277
49.112128882008633     49.129933961087374     50.142469763332301
49.340777619088669     49.860052046596898     51.822938760545988
50.766034932244708     50.728668496611583     48.712889566444268
48.977619284366831     49.651560585502786     49.945432738109801
49.350125304576288     50.539349717630259     51.667206115629426
50.895838205209600     48.351211848670317     50.061987988481476
