50.000000000000000     50.000000000000000     50.000000000000000
50.455387569762472     50.289069652544036     49.489795349447803
51.099049234331162     49.890409065908692     49.490626088722244
51.201167015377223     49.735756219941287     49.023650389719513
51.356488700116351     49.763498747124601     50.045122676106431
51.065035115709705     50.777751821875412     49.654305634217955
51.415501890909979     49.391096516478065     48.628778961586306
49.399751270169787     50.215532699210641     50.170096697193578
49.024385048505572     50.073475879469328     49.486455486077631
50.906854372470683     49.044319161796139     48.660443394920698
52.039478439396973     49.602802958524499     48.875436883066612
51.656333237925040     50.495084612197331     49.728758632187507
50.913835845309599     48.539324354818504     48.666387730607568
48.467623932760539     49.577469606923970     49.600475782870525
50.938831113255674     48.504724434629637     49.285022975863910
51.087505622570518     51.169555352897945     49.987915886111679
51.052426609720349     50.350579551393110     48.599189550749834
51.258589773106827     50.679458803643847     50.140055775366726
51.675449010336692     48.702378414455907     48.944687248732237
48.452243582622046     50.622346416894359     49.615382515130449
52.685339165197135     49.749556306695794     49.200249079938651
51.989767754666516     50.080417867047473     49.763329763942508
51.547641605972672     51.147018468637690     50.539698500308461
50.772929694624068     51.190697535686475     49.389923414951419
51.152589386745028     50.816101766072741     47.962966603583943
52.071109987518611     51.293572469091089     50.082386614058294
49.865458269860127     49.820894230834966     50.680613045541570
52.389314286004357     50.299538707925471     49.088743140976348
51.541604403284637     51.370580879665212     48.396136361218197
53.030594282870162     49.387805489613477     49.445919701567412
51.564187380178105     50.206719990224791     48.033478506151411
51.388468622381438     49.236830310344082     49.846337770654557
49.177890554035969     50.672906119267694     49.833367415735395
51.818660898219520     51.782507866630695     50.305466444979203
50.911524409589987     48.149070332863595     48.053525888300328
51.656493576211645     52.080050810642220     50.877682250457411
51.663317108010361     49.782730977224325     48.285776947467056
50.281806733253902     48.650109486418621     48.913036686837856
