50.000000000000000     50.000000000000000     50.000000000000000
50.694757688607964     49.996213714041446     50.352462746136460
50.821518247971220     49.543307950624289     49.851721997317163
50.705277804590942     50.477148098961862     50.822571925271724
51.098624598230273     50.026400530132236     49.998221989397251
49.476126347337740     50.358485921516824     50.116453909834810
50.801430437890716     48.951038628241243     50.352086539789319
49.773377720171183     49.306332300158381     50.207976305048994
49.599158557014512     50.577198252466879     49.536713426886138
49.764467578937726     50.977920756942382     48.916063911637394
49.737491655200223     50.438273779646160     48.900565099971473
51.411446870536551     50.633632047789114     50.280769196080506
49.172297552899465     49.344292905493759     49.960705936295177
50.856945785271940     49.024083704588264     50.896290613541872
50.662096987930987     50.822778186991677     50.298556014684110
51.418244026330882     49.772135942173641     49.586858098221455
49.516065958108619     48.759607345707657     50.708289515125600
51.386189816885263     50.135699599096853     50.953451298492624
51.326459472985718     50.284566982258617     51.719178077650874
51.271523592601653     49.515850767260119     51.414790675723211
50.109053559223334     49.590711865029355     50.698720001686894
49.699984644314100     48.703396928981334     49.948639114619780
49.100080012879538     50.727926553041065     50.556312766285487
49.777851695999978     50.164132239143719     50.915984811131487
51.395058575851721     49.727877752063229     48.874064580711369
48.721288134485164     50.306872243548511     50.678928664897995
51.925315403795828     49.679706997232500     48.607267783198502
51.250692901751719     49.138611002298497     51.986346747437416
50.316075277774836     50.214162781579127     49.025869064801739
51.394079415995733     51.015111983386277     51.611397658538891
50.717794630430447     50.022305968316623     48.656894984790895
51.071620245886727     51.372788520629989     51.975639215791603
49.087583815082709     49.023742445334605     51.202954291563536
52.007613657741608     50.662925307015726     51.875462786823533
51.493697169049248     51.230765204298109     50.299992902121197
50.644363001876613     50.776066867886122     52.093146868642833
48.869805025459200     49.758165041604478     49.491385473776880
49.363660843628281     50.863564092100646     51.122237502175331
