50.000000000000000     50.000000000000000     50.000000000000000
50.039561972178852     50.448165562131607     49.626049485443410
49.848692400134190     49.497106351212501     49.857414996484017
49.704606590469858     49.824256950814167     50.471947956997937
49.475052510317326     50.960213324232079     49.722234287229689
49.994020720256245     50.488150992381286     48.989501907416212
50.329134627317060     49.369174986462710     50.670519057250424
50.170311159734318     50.551685306132754     50.148216544057497
49.276537899358246     49.232219229748871     49.851936668275719
49.630782340228379     50.034520730022848     49.136196302966781
48.629690301875058     48.942109661889099     49.587991255059869
49.549093131838717     48.929129932972927     49.563241547348269
49.763775910027277     48.501043549808571     50.166719545045765
49.295417195126923     50.390143820285601     48.587438459365110
50.310880445208376     50.014071041204389     49.556627500793098
49.583173941915938     48.415487676453843     49.331497587108103
49.303879247220159     48.142910348869144     50.312986575082213
49.718346051686773     49.414561585484670     48.988360799420271
49.151574014436001     50.006357802213863     50.176984406884053
50.943365609221999     50.591641148635226     49.927503323057891
48.088882698098082     48.875145932515494     49.459605036036585
49.935668480724758     48.843986942925866     50.568497654753308
50.229710767267790     49.960048754432279     48.903131035176386
50.638080004613059     49.666040596802091     48.920685651955957
48.750645367365387     49.885104124607899     48.519460630967323
48.975371885289000     49.599382277044171     49.504750908530106
49.011352587534198     51.449252523156240     49.921863003010380
51.424824333813959     50.748107723507026     49.317910507515244
50.797409515649790     50.031069415681522     50.156779357126545
51.009186404430352     50.460619016742591     48.888518848808381
48.715076206216068     48.585629950656852     50.038474539810295
48.418449882732979     49.095687822791589     48.979507207080367
49.021019410824415     50.417196920379418     50.816609947365031
48.006769300908168     48.436069011060702     49.803818478171067
48.573036591780827     47.938830972330265     49.531266460400495
49.200017930925647     50.690737044543518     51.317042160962067
50.044477457246920     49.000744926667053     48.674036934488647
50.250163502519953     48.566925452344819     49.459453375491158
