50.000000000000000     50.000000000000000     50.000000000000000
50.348456389318208     50.225541765472620     49.390660653982934
49.839826901290586     49.506830006449583     49.589115296231356
50.420221282702997     50.265585719382941     50.293912238569362
50.416544084329942     49.139411646726359     49.959215116367012
49.625562004823806     50.374283070087955     49.788359092963496
51.035669306773123     50.155913671024919     50.029676080236420
49.965347565810930     50.836828629270904     49.129099998832039
50.807642098851673     50.121612049378832     50.928098464902639
50.037971257476123     48.838556865956797     49.455885907843744
50.664192941861472     50.645175290847895     49.197385141851967
49.893657711511018     49.742762078594723     48.967618580062570
49.445038217160196     50.691516857393253     49.382422130724741
49.863751421859298     51.460066655603491     49.419136294272427
49.594930633726918     48.820174520459467     49.972900228223288
50.852119785479239     49.717178467813568     49.284523576951401
50.937060221378360     50.660511870723909     49.788909674254441
51.746865670052024     50.303339683769231     49.852190114723363
48.932206980416773     48.652883392282440     49.730336035458443
50.385521852085844     50.898745549931881     50.428858600365935
50.459122206987118     50.381959724301950     48.632264210702928
50.222959081426033     48.555492633260506     50.235922518013290
49.399584276133865     48.169605367221635     49.732796504610064
48.622607523208508     49.230208211321937     49.499744095357784
50.999959900246132     51.168309108762607     50.605512444503724
51.282945238786809     51.273479759195254     49.810893252512336
51.034851515800987     50.144395100756121     48.810896916699193
50.405964217343914     49.090836029597142     50.691175696310765
51.652796291426711     49.815557869147980     50.271609382122953
51.283975783065344     51.861269810771091     49.857234330489860
49.796945762221021     51.107415310409898     49.763634451601099
51.386500208925121     49.414309476909430     49.661597290060811
51.112659577346292     50.908309748998143     51.140502095415421
51.240095607501473     49.892711759081017     51.381954493927616
50.151960662513304     51.342088598867761     50.173320026369758
49.150400067314855     50.542223004859849     48.891618005154207
51.720662673047784     49.017851732363638     49.444954601012512
51.639088195906709     50.694114733741351     51.421406938480828
