50.000000000000000     50.000000000000000     50.000000000000000
49.560822696108161     49.752561334240724     50.151982958784330
49.109730296772931     50.040720330295905     49.813409524767252
48.904255022673553     50.099275550862089     49.226975670145343
49.871438551742330     50.704432302983427     49.849632085030805
49.588405658910744     50.255682616358513     49.191697036773860
50.379999937914135     50.804956252429001     49.387705225841721
49.617878922497034     49.553892917743710     49.429896636881047
49.575086215227856     48.789504023098836     49.207547185681364
48.334366130728633     50.329828842570663     48.782842719668203
48.960877314019299     49.911750361835956     50.451708007172137
50.442388650064828     50.890077088407345     49.974054982425130
49.772333653733781     48.280197400366887     49.534816374640293
49.570212449851383     49.280412227798081     50.487902241780844
50.505609422593153     51.590556428247332     50.350423655148809
50.281450878324492     50.666852357619668     48.856354351423192
50.198544104963155     48.848375563026501     49.349195852082609
48.577999048184076     50.543627792301642     50.513392678788748
48.910804991579276     50.355932126999036     48.603255592994600
48.928639054343193     51.024398819326926     48.589489191853538
49.305677347268528     49.236818056507289     49.791723155100392
50.106233260235079     49.106204600107858     48.758075549000985
50.647887845512734     51.673305126925833     50.900033238916642
49.739343281699092     50.357641046802627     48.682369959977194
48.886253954939519     50.614622225797739     47.890230196714604
49.307861061106038     50.045281832235816     51.136373358237130
47.857161620179696     50.348898443631171     48.391253083668545
49.048412640512211     49.476431740360844     48.821678162307919
49.134234180644803     50.669526749612409     49.999181924265571
49.096779221617183     48.865544649374741     48.674645684309219
49.766399555590787     49.516276888780212     48.555328174568729
49.415247160328029     49.680133074972737     51.675388855486901
50.388759735876405     47.896660329044650     49.292204021929813
50.633142547605381     50.522877229401800     50.483614619405820
49.816516379105096     48.870464691287175     50.861104338903807
47.928556862740095     49.788685836624111     47.819065106965262
50.575183038009186     51.206113564339844     50.727020041296655
48.473556728975716     50.730621258114475     50.994001487501805
