50.000000000000000     50.000000000000000     50.000000000000000
49.421090764648504     50.142741050591887     49.897136104742621
48.930058097562892     49.764223182505987     49.465225996150487
49.494965164383764     49.680733407389724     50.248209349222968
48.775961561541251     49.744423213918914     50.443674573150190
49.054618405276614     50.076690201938064     50.686804002279906
49.598473257936860     49.789262280981760     49.102250161714878
50.293797381017562     49.377947263266599     49.734219855371443
49.631049781529732     49.352911647956688     49.728246922849110
48.519430494091658     49.708673280278767     50.990291311590838
49.427519810449979     50.159390152602739     48.426727056224870
49.281561204792304     49.608762058591253     51.289060845148640
49.665108720214171     50.473923058178315     50.264157032046242
48.462654615222938     50.106474642996318     49.887885608173050
49.831235123512812     49.414171150740167     48.816094870564548
48.696607797905926     49.181027515612044     49.550556968151540
48.137170452978268     49.732524927518170     51.509706879363129
48.436226443740715     50.167537544249541     49.267236340302610
48.589899696048384     50.271239252597361     48.609904909916921
49.061362810605274     49.126897258555999     49.937361399106152
49.481009035058122     49.174791448477777     48.170384824999921
48.229727048388384     50.107819083078034     51.136378589184169
49.073002309416921     49.796093390370466     48.863761387321766
50.510644736025398     49.681756734686537     50.105772478868317
48.452784615258722     50.888806931747439     49.760529380661744
51.143665797980290     50.157610569176605     50.047937286167539
47.767631414114348     49.359483182822302     51.035673248604148
47.523390098290193     49.511097032260764     51.886114360392483
49.307938030291822     50.362146373110399     48.922629370429441
47.450568546033466     49.206095758707917     50.350205230501516
47.329879473366070     50.003590916876412     52.341155006666739
50.370078828262969     49.565853420499884     50.668188192480429
49.108404491650383     49.177421026837813     51.505805013276131
49.059074591825649     48.492249836466065     50.095088424597037
50.543930129565759     48.995813590059278     50.903968706672998
49.860038967471326     49.556990400463810     51.506482674995034
48.158996329855199     49.447520334461601     52.118484632316054
48.021277133621261     50.430017711150469     51.590384694304504
