50.000000000000000     50.000000000000000     50.000000000000000
50.623809274859525     49.724613907922802     50.343187943244388
50.717881093743593     50.237274442699089     50.206353218015884
51.112292107410504     50.550754365902890     50.766933224044109
49.961849384475194     50.089061587560458     49.376645937332583
49.838103452731552     49.588360642256212     50.244280071126056
49.938847522937330     49.653215689392077     50.746507146314883
51.036691807116107     49.467193141650974     50.853447373828658
51.229368572081825     50.129318848283809     50.010978316497471
49.748726780104860     50.432862987972975     50.193243644320496
49.895257626782296     49.529347569435174     49.115655777137349
49.231140719509142     49.519923691747351     48.902384872870833
50.583237653431461     49.582305757564043     51.369194625621944
49.951781614987837     48.853915532092977     49.256271525828545
50.174558244910315     49.826446798570672     51.834200044017962
49.445328985643080     49.212107184846701     50.596459505316851
50.082145018720112     50.372470802819016     52.351575153452004
51.011768770277826     50.731585303430172     49.655263802696389
49.853878286402761     49.070646717032965     50.910979051451385
50.169580457124319     50.696334638353513     52.843445469835160
49.751972026814649     48.289631282469095     50.824053731155431
49.612267289735854     48.840569160382870     48.635406152796890
50.212306191955840     49.110726381738509     50.472853835993135
50.566474934584157     51.006492194994721     49.230967226525117
48.892059011031257     49.083725820735701     50.571503825413821
49.610623093056702     50.777079124349775     50.873553492200315
51.041578511307080     51.442719211822222     49.680040766207881
49.358584603302191     50.640151275657963     51.570439342636739
48.387144165173382     48.629778477897496     50.513057766482959
49.607472067709836     50.897418447079104     52.474546104208372
48.816457297821223     50.161452235224118     48.905246961690843
50.367186371113441     50.593850733345590     50.532208386964953
51.604001004047944     52.011238806463162     49.580720578437173
49.570728594602912     49.182808266761327     51.496595980714353
49.779918002494703     51.647184918607735     52.532374662039338
51.873339799814836     52.360856800669907     49.153594259729040
48.619896567829507     49.684356605554896     50.468470800266218
50.059331720720024     48.661933407757829     48.283531781936233
