50.000000000000000     50.000000000000000     50.000000000000000
49.643797065948803     50.223352288491760     50.568592352320358
50.505995930449053     49.892623971701894     50.531153435366768
50.376752341829416     49.797281168600477     49.441251065173262
50.813621894588131     49.994999595967769     51.118867326265956
49.694840343631114     50.076301348859033     51.184919536413943
49.131566042423742     50.225077032518023     50.229432885735541
49.940249123975583     50.641683118567862     51.071649960387198
48.979703914634420     50.283628763145856     51.274436354633089
51.210708595542904     50.391667874447272     51.531666168774180
50.198879176651744     50.871100001111522     50.458914815548837
49.715647949888371     49.705057008486108     50.728428369161179
51.009517892062405     49.425534800058010     51.649802471878793
50.592205827963944     50.199738794306583     50.090424455952665
50.996934032804276     49.363587588797785     50.944196841919066
49.762743983956987     50.010081653272309     49.190402435672610
50.575896912260795     51.482894258015044     50.533873455249974
48.656932009432168     50.112304241775348     49.825533865318903
50.040841505549906     49.295826838331728     49.893381478334568
48.517747850445680     50.664586142396608     51.286804318350534
48.860190432627491     49.833986381154368     51.787156361612020
49.183371952443075     50.956440239537052     51.452560194200181
50.249633775215464     49.141046822258524     51.058753085053311
48.602181539529788     50.455205464657176     52.056527062279557
49.879353220526220     51.225444359622685     51.626434036843008
51.161299997758206     49.733219771446471     52.045505778689474
49.751448671975325     50.508384802999394     50.003574833582995
49.367851189712496     51.767678301941707     51.601072056967730
49.345958140371188     52.239934407488747     51.201670224233879
49.054240895996735     51.931678582019465     50.901161564836258
50.603712624047432     50.432419747681820     52.027937274877750
50.134493010593829     50.111423395776448     52.317420368988060
50.189036045841505     49.401939354052125     51.489190432185573
49.353691473639820     49.726098598252051     51.325680470414788
50.529294495263393     49.706308747683423     51.919469079871860
49.084089262464644     50.346112275460655     49.224411969115344
51.809926505998007     50.048791392658835     51.645038307366484
50.842340243360510     51.706341345951259     50.910804513172359
