50.000000000000000     50.000000000000000     50.000000000000000
50.608547181366532     50.417357548903716     50.214069257812625
50.279917043512924     51.063901243168907     50.207078395118252
50.289888451915346     51.533846231000453     49.669805262676739
49.512794777181306     49.483802595890317     49.786216252392464
50.350353588627172     51.855145659348594     49.096709817848769
50.604558232765207     51.393724705036782     48.510978123357688
49.654151238314853     49.867034069069859     50.364078801876850
50.334781639678823     51.045912723973764     49.136159936744100
51.354287101120015     51.393880662019640     48.402831474765577
49.064294197334483     49.733932286586381     50.757516865469015
50.340103383990950     49.437054156721572     49.580969229490648
51.171130452103903     50.754760395454731     48.660525733416208
50.314960482872799     48.753117743380756     49.412866640664220
50.428916193045872     50.831931068832226     49.756844070308077
49.497093742259992     49.369584765474038     51.160954967328976
49.102779303211662     49.106970314322595     50.969263585738098
50.276912499241902     48.160046022369826     49.904464779081607
50.663341727851432     52.429809506347880     49.494545271385554
49.708982854507710     49.307705575687528     51.856015987263497
50.683600815894742     49.996750985376998     49.536002776398369
50.028604620354194     49.921355339353433     52.078178963725342
48.979599783712437     49.805045880989603     50.267732925192107
49.360716000977824     49.778802410217452     51.574778854261311
51.098414428652930     52.683893683385385     48.962300767568983
48.754369031697834     49.993374099295465     51.897671886692883
48.397919777295698     49.532649780159772     52.341086543879378
50.231158982479279     47.711179137097851     50.363108118239296
49.829415240299291     50.231915621246351     50.920071788829738
49.952688507190508     51.516624120729233     48.886825324855003
49.635368867313460     47.297720140668645     50.112154245653834
49.895631284770140     52.499582705158858     49.596812502743838
49.780089513553357     47.429294669861093     49.359355334623260
48.436162887941890     50.340334973368421     51.519525506354810
49.354461272966525     46.856102781897086     50.316671258007226
49.014269999190319     49.151799385655551     50.221309965774118
49.213230540875443     49.266872469717164     52.480253814663428
48.185638946591574     49.828032479699267     52.877663723293750
