50.000000000000000     50.000000000000000     50.000000000000000
50.002740540197387     50.556120644922068     50.287090790573473
50.560794499888836     50.757768035220629     50.147437605704994
49.798689458389880     49.552265939621726     49.653368080845610
50.310619839228231     51.129523626361411     50.780125038120858
49.584612368164777     50.163999614422472     49.646836683376264
49.224265698443205     50.716805759422741     49.620505075507083
48.861227929282116     50.283665575238494     49.966631093935881
50.405997799851008     49.830223306908643     49.572417548061495
50.350828968023087     50.325349739832255     49.723737566130410
50.697395001389879     50.840095498453373     51.000796290118835
50.024075818242629     48.965929309124967     49.352227090543309
50.348575552963673     51.765317082991828     51.092731466061309
50.367840879141042     50.475508313791892     50.901111352252798
50.605786071492901     48.929504495352795     49.893030422656729
49.880257493579371     49.469554917434721     48.760474743153786
50.271025839021256     50.741437448519967     49.172962591945662
50.132724474787466     49.137268953380229     50.143788317801196
50.482945439019637     49.620790551219152     48.580139894071856
50.128458569690835     48.367145555952455     49.714191529494933
50.447795603815891     48.317613824044088     49.267558858351222
49.178757458160668     51.174537455528082     49.276878573070640
50.959982109038066     48.667611495727250     50.323475272380392
51.086313259533028     48.857554092076548     49.405554139126259
48.690329863612249     51.265117315389219     49.645435182072632
50.849572443568555     51.616270748328461     51.340147654711075
50.492397958026665     51.456497009033249     51.887577011835944
50.937021416346262     49.139270519103569     48.613599287912436
51.228168444717589     48.151342998643599     49.721083204136313
49.181213943397353     50.539934426938530     50.329710111987787
50.722073349811794     50.926885874015333     49.512332796148520
51.331316692455303     50.583542018505071     50.166802654173601
48.154612489385514     51.199171228261612     49.669812895067970
48.252306978396220     50.523784801255346     49.494004095533199
50.476989421468275     49.995737748811123     51.112538288609777
51.760270495919038     48.139274426053440     50.208716688926621
50.962219428606716     49.072538192775198     47.825930641509110
49.690214999826793     50.943467897264135     48.757885635507400
