50.000000000000000     50.000000000000000     50.000000000000000
49.509946635015368     49.856468558691901     50.157654359300224
49.460144896967925     49.740110210463385     49.442752323267818
50.100404420521279     49.347854701532540     50.169186321831702
49.708499312308270     50.256516361723442     49.422308399803875
50.481891051077589     49.227147482107171     49.502667815895833
50.353342634598647     49.890030455287594     49.163797029780760
49.242848320632980     50.497199964240679     50.027631515739635
50.581143849773461     49.258702646330910     50.449145949414515
50.298875893827486     50.422106577828046     48.990511950500597
50.206363570951773     51.010539464404133     48.626574684423346
49.093729241030587     50.144880867813058     49.660811436260140
50.129456213641831     51.277166454999985     47.913029188398802
50.037706039469803     49.077420873997504     49.176647913886548
49.606020549532126     49.168020197368605     49.856454925274960
50.091481027945768     50.637289359732293     47.815385984417190
50.492834520778132     49.776407614889976     50.798851015595929
51.094659143303240     48.803817698418861     50.779719511184702
50.830484096611279     49.459509450057524     48.834240128311109
50.534258787632524     50.790543357877098     47.565221485983315
50.385839119173916     49.616236073845698     51.452008034543496
49.858909976437239     48.719050023846421     49.563281106405014
49.321790054382703     51.006133179286010     49.901307160455872
50.645003497385353     51.575704915288085     47.604271066468648
48.497899248972573     50.364180149484504     49.920544125264442
50.975117578774075     50.038673087081627     49.282289303702839
51.145602615995408     49.812168422080056     51.624605819255898
48.701257856446404     49.947722571182716     49.167556007086674
49.759056247143391     50.308599352643981     50.648954874257349
51.649099330668776     50.346961567701911     49.478540912652164
50.045853685789432     50.706174456041076     50.515904461406201
51.361910162692631     49.109355841597200     51.260011998529592
50.200259868257021     49.055338019267971     48.583318653483204
51.781325985126237     49.609614461976804     49.669283449194154
49.829303285869862     51.245235835964351     49.642049863180048
51.755714666433306     49.153016270908395     50.673845504299926
51.092058044346217     51.773834946138294     48.144533579043120
50.211973723041702     50.282708866250964     51.673813168968302
