50.000000000000000     50.000000000000000     50.000000000000000
49.622636704239333     50.637057665090424     50.262300437399610
50.608362238288855     50.356254417047367     49.987343771319608
49.160052563992863     51.168666022798377     50.420266111475669
51.212255860864062     49.967951881054816     50.153974290990959
51.742485689762077     50.441354307320701     49.957655837323820
49.666371357854324     51.333742229768191     50.621890186587201
50.011111422620509     50.900790178615608     50.721757383463910
50.373468083143457     50.799933834809579     49.749859307981623
50.981268589668261     49.401149665024725     50.090859184673114
50.894502952799179     50.984217398842496     50.304087055072515
49.969215058730668     51.125931414251248     49.814581722046995
50.232669091250521     51.814014953668789     50.409805333560797
49.765738129705902     50.075880716003816     50.488201532316282
49.062161715249445     50.310945433617462     50.146076947704678
50.680287682774825     51.363732381495666     49.360339226464852
51.822763466331985     50.914279174343072     49.488642546274185
51.067344023998679     50.676237720327414     50.958329619967870
50.225195940709646     50.896905378041851     49.103652064937656
49.610120731193703     50.017889929073114     49.375968624646148
49.810401034879554     49.526735329492759     49.718583028778610
51.089846063981462     51.527437650281541     50.233738378485697
50.069430783462927     50.412482926764518     50.977433051084518
52.051471705392537     51.224902035446782     50.044141852896288
52.310255236487997     51.094921852746978     49.206424711113769
49.637284724667062     49.057644692245120     49.636696758260896
50.773370842147386     50.721588093475418     51.487612180239068
51.579757924256853     49.639028667392658     49.870762944326117
50.603996685196734     48.853520692468301     50.238527298870004
50.101082924240899     51.385681692248355     48.491564582828353
50.753231364146664     52.241734314953021     50.561700388401711
49.445672385298082     50.933003938800141     51.085976898962898
52.886309203461074     50.874871413611132     49.216798459585220
50.732875752689644     51.259794608354134     51.951650826042140
50.613894851875649     49.798158003539555     50.662466178473473
51.098314763322627     49.386356378821098     50.765953538950725
52.860965652892645     51.527071109629112     49.116936522798412
51.227035570570095     50.743476055336799     49.881378634338134
