50.000000000000000     50.000000000000000     50.000000000000000
50.090028001499647     49.591898551915030     49.345336429781483
50.269685609154457     50.585949039951309     50.276950188383807
50.022924442930588     48.879986989297713     48.983126196926321
50.234185575633433     48.223832942586697     49.095853428906899
50.403141319435051     49.249183720597053     48.811638845459363
50.245677043804669     51.176101826674604     50.116659764193784
50.205801654721711     49.748175448096291     48.873569878244169
50.749710328316610     51.545658829094549     49.996170598438098
50.217434848499430     51.274158502424029     49.397309233434243
50.862518718574428     51.158633301443317     49.587716724038081
50.053179314543762     49.819236395050943     50.749771804354666
49.576888587781042     50.304871413956377     49.723971912382254
49.685509419879608     49.701055816871389     51.249256528743793
49.759307406918829     49.388200209889440     48.864705685766111
50.864289185045763     48.093044018820727     49.397259939634402
49.697545102419554     49.151556926079252     51.296666302835888
49.229340730779093     49.452020102220558     49.337889441250667
50.779235700921525     51.621459221462224     49.085332003585755
49.097071995710834     49.581827465355765     50.762036997766458
50.691512815210061     50.080881205124115     50.599586231455064
49.548131740290430     48.199533734677097     48.714844555676947
51.268781540758248     47.693946516266315     48.893438698455910
50.431255477044871     47.686703485523353     48.838285644566369
50.239867479423332     50.691734340700407     49.145064541502606
50.524474165927998     49.990902741837246     48.408510897788616
51.531050230660249     51.627968501841991     50.043831443332373
49.933052481516299     49.923587827458562     51.672636664341887
49.719023659924709     48.678402956264350     50.742098096298662
48.979757796422213     48.329311380868134     49.017888819853354
50.410971421561058     46.914549726409042     48.734990185373391
51.007900343841015     49.379593283841466     48.382975784277569
49.185663057155445     50.763660919797104     49.992005816598507
49.925931894549343     49.339586152335890     49.873526376315262
49.198649708890265     48.432995821898992     49.592559636368414
51.078705888664842     50.463247482306528     50.520096029411867
51.023347317662470     50.140907382621336     48.656370847357941
50.336980611064099     51.917655695232170     49.994328588150545
