50.000000000000000     50.000000000000000     50.000000000000000
50.276072607502080     50.406312920438879     49.853049379899332
50.564469586739229     50.698463815119780     49.176153042237303
49.698209796174289     50.525161417493884     50.370268820996223
50.601437717756596     50.048984673774335     49.609287197496492
50.194024484892914     50.822761800499258     50.605643180963646
51.173572868701747     50.818470453745434     49.058881390136484
50.062700335011222     50.058789676622126     49.246310987413160
50.589382734667666     50.549677704119702     50.427287469045254
50.135505438241722     51.156237296274284     49.836557673380945
51.662237316836048     50.605265024070263     48.928149676876671
50.850074373227152     49.454071844216834     49.899910890969039
51.803890611006672     51.164618528504420     48.475677605336450
50.587048698092097     49.339971852719287     50.419648950735031
50.542226456530422     48.875468967901206     50.951249184589543
52.462516293890154     51.240132368507759     48.264280432227075
49.401084062505454     50.002955518952263     49.625930007670625
51.625497107599273     49.372425564660595     49.945093998551329
52.996406220901356     51.631829813591352     48.309988358687860
52.472280443727449     51.911051358954651     48.218152924029177
53.222590735647302     52.186933540320538     48.337872179672061
51.145779196685460     50.250692125906717     49.102760028930355
50.780772422668115     48.356359699707532     50.586512802066537
51.839629632715585     50.052706088133739     49.856350144418272
52.172967103617665     50.866668722587988     48.798486453940704
53.391755763679235     52.633840407222614     48.535846722728131
50.901597908241435     50.599082167665642     48.603382565631691
50.046325245787322     50.736897092831711     48.659540831432182
49.213680372800297     49.457280969391263     49.437470090995248
49.045213235663226     49.082838218641605     48.825722387282966
51.524166815476455     50.923011773391977     47.782196598851797
53.267948891869565     52.809191643595895     47.896354573801148
52.095000731888476     52.469193870531079     48.067527741066328
48.799466742198049     50.153658096864739     49.787532383232474
50.334430485239928     50.152322614877143     48.263666716262897
52.499420637365276     52.340124684959548     47.697918303198840
51.300904730514958     51.201251634215183     49.432065285331333
48.848445141312837     50.509807447695913     50.133789635380076
