50.000000000000000     50.000000000000000     50.000000000000000
50.652987649384606     50.467006088190729     49.993984206207394
51.302591688228944     50.084400824287222     50.063455553082832
51.626675883358857     50.208631569315905     49.606872273329685
51.611650570751863     50.916938324465534     49.508126168708188
51.383892121105667     50.855273934539426     49.968978620243021
50.770965089797023     49.768628941495592     49.804995091929129
50.757321232967520     49.299601552211477     49.447056882021243
50.706236638033971     48.826662306174306     48.942335417248458
49.870960663744320     50.039743088472079     50.510680766945370
51.287635997682131     49.012727483786009     48.960829860821278
51.182226801376252     50.237250772448007     49.342322974561910
50.472929980038479     48.367831750767422     48.872811920664610
50.697185682484672     50.201969918451397     50.425275569884960
50.597917825391924     48.745030595884145     49.448716736102575
50.046986419077186     49.184277470892695     48.903728577434173
50.645228874693544     49.518349893374356     50.711269614303802
50.396232429147723     48.888279441866921     48.512892298580702
50.767208090477283     50.073846993379320     49.123320144577391
49.926048146110453     50.172795662732796     49.293537802815777
50.214217265685093     49.492466273923760     49.840333535138271
50.999666477647722     49.491756361825963     51.315754538065796
49.887189735844984     48.568789979017623     48.576897104461409
50.505927744402648     49.713965647811470     48.551111831503746
52.067645745107356     50.051834738874092     49.378360974361414
51.653109647777704     51.548814982806753     50.119345912256023
51.817264146006423     51.171915143468709     50.603735219185594
51.601131063315563     51.314099669542813     51.033879895686930
51.197914042793386     50.380220334173892     48.850279200477168
51.682108090530178     51.548502525098144     51.771905769938328
50.973344480085743     50.177086656914568     51.136327123092357
49.502654355919873     50.049666796029769     49.582313895130987
50.271313464844233     49.250501549595171     51.384912400025108
50.821048643828838     50.308556843560041     51.653957507659619
51.057373902081416     48.730001775689580     48.300954521027165
49.720576005712978     48.738919071417904     49.238104647409045
50.959978075025461     51.470978429779954     50.376946761210917
51.522413168950557     52.288793502745406     51.862384591927828
