50.000000000000000     50.000000000000000     50.000000000000000
49.440976149757859     49.483882896638967     49.869171565680844
49.537993152630122     50.242727408660564     50.549486772795106
49.596251174783518     49.458385601604007     49.289013310355102
50.263627675961480     50.018910823761139     49.541079345137760
49.777431942986325     50.710507648769038     49.698920804588568
49.441949555962331     50.599453897748731     50.178064576918025
49.179963578811666     50.789941706229115     50.996480128718034
49.216017623984960     48.841114402186562     49.017101566333842
50.012401297267658     48.956590291243046     49.555573448967223
49.131576792399983     49.738949252007153     49.306901499227649
49.263366898058656     51.086438857627861     50.494922169076517
49.863885445028082     51.077179027705270     49.350758716433567
48.919199723994353     51.439000788697122     50.888972686037661
48.477818719393063     51.897140034644103     50.981897935217177
49.057279213218337     50.949481201694176     51.599803182447964
48.090614555435820     51.668006236186478     50.607158847243944
48.463801512073182     50.058108129463392     49.523611432296633
50.805634658425525     49.021658937594367     49.670187774525559
49.601854330461293     48.559914487678455     49.432619310770221
47.685379779956222     51.982654508020232     50.763853464558771
48.425792052133595     49.577170760606521     49.927365182520326
49.735501107127924     50.921180534050215     51.841802244080718
48.457821859832698     51.584234848953258     49.910970446124047
49.721968690677642     51.520983610025816     51.503508580784889
48.176408946471916     49.128366110040673     49.496717762010633
50.200424111167365     50.419006557914059     49.033118220864637
50.237886430946752     48.333148197646622     49.735012373540364
48.006978771327780     49.688300608084852     50.356181845149599
48.767220820034389     48.761921374118387     48.656720487245806
50.528093274161087     50.848016884223014     49.891357294337446
48.704863423115363     50.715303685279466     50.122715281271667
49.644842994877990     51.495408238170214     49.125185291235432
50.293109139911948     51.038877476333070     51.294094402381099
48.311807175193621     50.235633596684963     48.917390688246897
49.153471873417324     51.932227243994248     49.278119864259942
48.468473053536037     50.921135981773396     49.702362373698683
48.101461268842229     50.642458835154002     48.395568700262515
