50.000000000000000     50.000000000000000     50.000000000000000
49.438169616219454     49.693842226050897     50.135998990536002
49.882649089654926     50.230415434317990     50.472650550085824
49.790380009247109     49.626735852405055     49.336772210297688
49.431608862042062     50.100132529460367     49.201316493437389
49.577520654583488     50.508609881417811     48.849896698574064
50.082105783972722     50.761319028425284     49.893772834280277
48.828513799268784     49.412122356450503     50.489254248557835
48.714318290142721     50.222530867356284     49.229925157017256
49.110591034975194     50.993699699038025     48.929222389865679
49.904594818446220     49.989850278023575     50.966596717163121
49.361667292052466     49.288025652838179     49.846562755920452
49.987662290418783     49.550777042153520     48.575674789482306
48.098211202950374     50.176365408069302     49.728806193548095
50.416350009930973     49.608579642819208     49.829038146166610
50.414164593752396     50.325772079711903     49.413618135092150
50.100010506652346     48.917821034722024     49.744855137479476
49.453517486914102     49.632591012154968     48.894285263862784
50.473261904495935     49.578657755013246     50.967388389928388
49.447779369463824     50.828247228027351     50.721406209426327
48.974642617459359     49.643123877615274     50.992800045003882
49.110742770331292     51.014798177396607     51.069751292987675
49.010923496809859     50.268129585298865     50.245222400341355
48.556399293742921     50.000317183233079     51.534462887453415
49.018093304877098     50.744394999945747     49.974087899610076
50.452753224092682     50.751089686724704     50.501873023744324
48.652298451488640     49.143537299071703     49.532556958116309
47.934187235098257     50.114930572749408     50.333613734910330
51.119831421258894     49.687637379299801     50.633410673377554
47.397187268113505     50.348736181854662     49.803753643015312
48.241278075732559     50.007106557369696     49.119770165360549
50.713997357435026     48.798630139475563     49.519959677561353
47.430306765625744     50.070911385948058     50.248682386872957
50.343414059145367     51.191643389786563     49.963927658363659
51.369376282099168     49.052698524887539     49.279272695408750
50.525267090179753     49.568946721520682     48.930857680621244
49.743185003013515     51.231579066262157     49.164838184467285
51.768563707191497     48.648819144674363     48.829852118980455
