50.000000000000000     50.000000000000000     50.000000000000000
49.860128737317666     50.781478624059510     50.047703467077604
50.258761507116461     50.086993988923496     49.256419240423412
49.380837169342058     50.425082249262630     50.383214296012582
50.650694141497738     49.461045851835678     49.218754801270236
51.296626380590084     49.289991167664965     49.355278095056697
50.102607625676434     50.152739501574850     50.646705526956616
51.021251612664599     49.822868043656129     49.452015070478865
50.941369838258325     49.842198884888852     48.955732929780972
51.454790433724519     50.324857884115772     48.688578490447135
51.137098190937785     49.688474027990388     48.333991064620626
51.988748708234787     50.465935573907203     49.220626929239934
49.437781310238051     49.925722225686982     50.160141321895310
51.301052996540513     48.777747946947251     49.446340298165410
51.570846923862312     49.206622424355871     49.997187608005397
52.209741984057430     50.349717734130458     48.525521645840413
50.120840163649582     50.630341828211577     49.463275938514258
51.677792426755936     51.046260159050256     48.711145796647010
49.869065682685005     51.354875214947675     50.155114844546716
50.661551069169761     49.667761312746620     48.047439861648606
51.541971243968817     49.986649314234839     49.988601323358232
50.417200218309603     50.629000258816589     50.717221654821657
48.999458131529735     49.812758001468623     49.837339028908723
50.238063229081710     50.917623560927765     51.230727363498119
50.771763997319070     50.371761690595882     48.807263698142449
52.313127763437933     49.847709757202189     49.619163025303983
49.590609408142633     49.302333235162131     49.668630649788810
52.137756441787467     49.100230367292525     50.139221881018280
49.605220813286515     50.779629779027474     51.181830691986434
52.322161483130643     50.962439027262903     49.269647630526983
50.489133879963937     50.803446557568719     50.241426643382070
50.388274552499979     50.293974358694747     47.704776167204848
50.419911609578158     51.100016030982324     49.150380984090425
52.052100321975118     49.600480698140593     50.539571635877394
50.406374527384941     51.557908736000108     51.480727875817365
51.309253801823452     50.151693793474372     48.072035621995354
48.900353523973124     50.020372787347398     50.553289417671195
49.069881955371791     50.526390660601308     51.394014695301216
