50.000000000000000     50.000000000000000     50.000000000000000
49.671695245333972     49.904388561583687     49.311649317917357
50.322785696679354     49.622083693037588     49.866288713504872
49.731836135805949     50.339998153708834     49.563184184207145
49.270776787544328     50.406701499310458     49.749329027478176
50.449054127586798     50.091234319568898     49.446353441702144
50.718651550460422     50.177950170196617     48.895340561417079
51.036673224072061     50.515401779665936     49.302433541500370
48.721281850724537     50.001515814107783     49.492646295076895
49.527862253628619     49.680328673271482     50.079816793281935
51.366777815160603     50.991943267843446     49.688628966858452
49.115374531825054     49.361331424066826     50.457397316883998
49.341350131980008     49.596248150638111     51.158438680564977
49.884441064860567     49.328141416047885     49.127331447377898
50.193994402526613     50.460301861530468     49.167420399167092
48.694462207721543     49.335764600433173     50.986374171305961
51.776863358888789     50.942733954756868     49.144503288333546
50.863286108608818     49.222291376481415     49.716770584922870
51.301360912521176     49.563166339507688     49.634668887121180
50.465954717135958     49.108266701621702     48.951333839200643
48.529627810284126     49.469939655645106     50.274714249274261
49.391535187667181     48.924224984451570     48.680531104273442
49.372092898356009     50.083950808458020     50.337112510992704
51.370570610468356     49.536553450997111     48.856810789109538
51.153101573571483     49.134550387926531     50.167395272866912
50.573599074975988     50.039625515210453     50.133560344832951
51.903769912682542     49.777607886324788     48.379691022156358
50.947907161553033     48.631902181926115     49.743199434662188
49.513077775487886     48.591158861678664     48.271350911177429
48.833854191781157     49.228386066947145     49.342358207377828
48.311426103908531     49.314342481742813     49.852568747302428
48.292670568194502     49.934397617421268     48.930549890806859
52.075806259771269     49.045679752964901     48.145572088876563
52.497498980018158     48.748001031800932     48.505090352480053
48.737246451259765     49.965008498789111     50.428249748615052
52.499986829725657     48.269062473711045     48.241272854519444
48.843228012858603     49.308799802370508     51.708069179078286
52.618822589535192     48.260984037194760     47.681415373414048
