50.000000000000000     50.000000000000000     50.000000000000000
50.022830619550362     49.317364244131873     50.256790770369115
49.332042724990600     49.413874687311925     49.917281454782326
49.563926815580878     49.177576948075085     50.684839407778171
50.132936227104395     49.135751638623219     50.916488566844244
49.571175848344133     48.839975651912169     49.860844522962473
50.423146932911294     48.978162620152830     50.231375109654849
50.503975134293093     48.462494267685635     49.776044279252439
49.978372422797200     48.476490492646661     51.062404970497241
49.834838476237792     48.160538857355213     49.849943044944446
49.098626593719139     49.443432861677422     51.089983742612155
49.775460030063684     47.371542737658103     49.876789675121962
50.208685749554569     49.758501876056151     49.301194565676866
49.826374992773090     47.511848024744374     49.374592925510683
50.158435542778840     50.357745843941927     49.213069635576090
50.350141526147922     49.348104607198543     51.337553615373032
50.359636702873701     49.015160699237775     51.762811022452588
50.431003770144301     48.451785415817014     50.822822970667630
50.923514068191878     49.640291081028060     51.052461005934965
50.943006277426370     48.480227855787234     50.478341100010020
49.857417440343880     47.229271836423500     50.498063779447143
51.185560273323361     49.112585152805750     51.331495523832416
48.914325144939461     49.276364145991664     49.327100912605296
50.460016824189488     47.988031594732767     49.295083546413039
49.233946583619534     47.108390945887827     50.294634654849759
50.347064748364780     50.177037803694674     48.750245030502192
49.063972912950724     47.047357213716090     49.546729338007864
50.302662357060811     48.096542683881111     51.423423024834506
50.999897052737055     48.967769996953571     50.163564567128361
49.602418411658007     50.314225457782655     49.459106208376902
48.838667244274831     46.808121864916160     48.867166018951302
50.932535192153303     47.836752464683244     48.827208278574702
50.782580420274783     49.229656807660980     49.745479418307120
48.354372081722836     49.467208612838917     49.097714872069801
48.671888934709742     46.247718352026155     48.420470412682192
50.303105880516938     47.785638676951329     48.672931013973837
48.994311607974296     49.793643861862428     50.451753287707923
48.849984392273278     49.996176711306020     51.131424905868755
