50.000000000000000     50.000000000000000     50.000000000000000
50.274665940606681     50.332220496139492     49.686796425759411
50.231560619219280     49.607710739360684     49.589440507444962
50.760593902435375     49.294217187938067     49.275260540747624
51.247381187124290     48.999705923797208     48.771841346781073
51.186534347383862     48.442155832868984     48.620252196823145
51.080968659137760     49.729254679877734     49.069558380793083
50.885597599525674     50.475545673712929     49.055555531466695
50.749762851110297     48.740745225431489     48.148059946477680
50.575021176542592     49.638373723017857     50.073255718960567
51.653718062481467     47.922957801777670     48.270748237226677
52.282655987558655     48.193766918453946     48.162707780873916
50.045691861065443     48.755518590850961     48.006716594482086
49.732513340146198     50.082741378211601     50.500265178026893
49.806326161903556     48.584056840531275     47.443565276398047
50.318792295597099     49.045922054830463     49.617282232245913
52.595344517031748     47.771203151056348     47.944938622149493
50.846928889443127     49.464437542203932     50.497009257933719
50.320317015806324     50.243578774155594     49.086072505604022
51.495799588956849     48.541799357798304     49.178953585168493
50.986494799805854     48.411874030243077     49.506468270591427
49.638808813435176     48.854777791934076     48.548733994105355
49.872806749537197     49.445404386746453     50.425023500649623
49.336945992171650     48.288853994915932     48.946484285884239
49.869918261537158     49.459114921935772     49.204963292973289
49.165668637459454     48.818068377208157     47.971448750861114
51.677013548507077     49.963525722419654     48.612273541566175
51.260672200319298     49.115930155421921     51.065788872948026
51.792123159530874     49.616539751255303     50.937001210252397
51.920232637327750     49.511246512428450     51.614834663008267
52.377078589590397     48.820164832379206     48.516378018566371
50.025403459080266     50.958604855873958     49.954176469648289
51.129895086367867     47.987043603827779     49.882820701883610
50.466702677548035     49.503169117104910     51.012868004279234
50.540677578727262     50.132876653271218     50.622381041788607
51.996675824150849     50.168487053801393     48.037802609131042
51.622379811893495     49.844918982841278     52.176328532193857
51.995636522270523     49.306445574917412     50.504111707854747
