50.000000000000000     50.000000000000000     50.000000000000000
49.800741146692943     50.616734996221417     49.593529225505783
50.339171565442335     50.095445484837747     49.294897653909615
49.871834942760955     51.252967335004136     49.347739462251958
49.715522802810469     50.149522457704769     49.029637539334594
49.678933289314855     50.239600994015497     50.351966462802466
50.390209472360638     49.423438174260994     49.831585285485033
49.153028119205317     49.897458994341605     48.540610761837002
50.366830238990502     51.492834294086457     49.040561634773475
50.022040381844754     51.441170890317672     48.339808621068428
50.321305995100012     50.884551056031029     48.492519662796575
49.755403232846163     51.462495373330768     47.875733159696011
50.792343076808649     49.758497485125815     49.716634696891226
50.756213106430664     52.013533027828522     48.588542846071945
51.510200486825596     49.671140396620963     49.725285730689336
49.891374965805234     51.739644638285817     47.371308005489389
51.849124025206095     49.428397375286295     49.332297934069011
51.576271551280371     48.993216812591996     49.480599711645617
49.494666077605743     51.498994090633452     46.864704207450821
51.711210593700940     49.604153924333382     50.316267438727294
51.685636211708236     49.967527236003363     48.951357171456216
50.391398342923765     50.926700598130559     47.721448662648918
49.644853575596400     49.685458655668789     48.811606036613547
49.517967559557256     52.181677331406348     46.870710427334068
50.932621792320688     49.949205774105096     48.728483486875966
51.295172696366151     52.106480408274862     48.057060132505001
49.231401244537480     50.980642735376215     48.019195721439452
50.148060459473939     49.468772858274129     48.986981091710859
49.896385702677030     49.789069857013708     48.161964498208143
51.152160937867819     52.591356910256174     47.453102910959657
49.481068195022843     49.921016947846709     47.886512859354063
48.957030132191420     49.620059235753793     49.202948633108051
49.749313342116153     49.109414871006628     49.308002086010113
50.646672327010180     51.824180758913492     47.195379530663985
50.379325119950508     48.995900669683124     48.502086741997616
49.795819214490855     50.757755926862906     48.261512340242490
51.972896168817009     49.574988577293475     48.699409771365850
49.406389615625606     51.308371032920512     47.337554855709818
