50.000000000000000     50.000000000000000     50.000000000000000
49.970778897143376     49.203821496260240     49.957530824501127
49.918826449717599     49.427337031016194     50.680283631630360
49.789871239236035     50.680450851262478     49.736339986822458
49.909823911367177     48.735196267086422     50.353953121427850
50.758031782712614     50.129672143823612     50.127122575168762
49.549790300509954     50.543402155246817     49.237167832924563
51.126113670274776     49.706845796703874     49.878162636669870
50.450252883121721     49.304024053876837     51.168154850277105
50.871153086141256     49.563082638848556     51.392295447994321
50.339455930829075     50.552630979313086     49.727808006475669
49.362839606464519     49.328833873916395     50.292254328404887
50.619535029710754     49.358625727230432     52.022702504892827
50.838043971631791     50.289461977697648     51.312645730624830
50.000874812792532     49.015049238831438     49.284802229464887
50.366602695878832     50.321269915152442     50.672994345169400
51.320574586998035     49.473558502117676     50.972850847100005
50.415789761125502     48.701400637526433     52.405932074933617
51.057927255578797     50.580487848771391     50.127092309834538
51.182516989623437     48.867659411112271     50.658344746942895
50.437990691934679     51.071183922230091     49.683156579474584
49.722385009934555     49.458400153026844     49.113822658159741
49.489981900681748     50.648478307770688     48.453310283321073
51.695112842447664     49.864552143563465     49.678342151183124
50.070262106331782     49.340260393026298     48.531833634559106
49.935063556091698     48.767425315485241     51.234454910137210
50.316691752292527     49.704109261864247     52.566410778040606
49.627613594838124     49.987992025116831     50.898348310516020
48.867793385258437     49.464300991756147     50.609036371348928
50.607199528491705     48.987431311820572     51.534788563923755
49.594550087208098     49.373947358346200     52.660674178484804
49.621170016728087     48.985741946794363     51.935319887974316
50.594659303197581     48.433269440916689     52.894477478316453
49.855627407771408     48.486780164718795     49.764404273359446
50.922811275599472     47.943913792113015     53.051245021103270
51.530110584675114     48.379643097276393     52.761263621974535
49.188493438095449     49.434678177696270     48.513825886539244
50.127472237392396     50.383232499874474     48.745167934114413
