50.000000000000000     50.000000000000000     50.000000000000000
49.301502970478282     50.288521485021391     50.030461246006219
49.765121621937695     49.455093925002537     50.530328599337025
50.217381305842842     49.215604873178023     50.624376475901876
50.451043855579961     48.779210901749742     51.158953549589135
50.521916471900930     48.178079119198451     51.554301180113143
49.403135853985191     49.128769784427014     50.341335723842718
49.843280090451742     49.333521054906939     51.109330642470603
50.074596147033105     47.700478421040280     51.507388349280198
50.262119171603040     48.462320690726692     50.816040300501498
50.683977026296134     49.066946176723121     51.691718661268375
48.888762752266302     50.087434631300475     49.503106572037368
51.154624033504561     49.670585878092147     51.568994283616767
50.973959805865817     48.955091071065453     51.013508780553579
51.134870799666459     48.016884039782688     51.554222143882320
49.194089266619038     49.453338586843962     49.696510744631041
50.635290731553255     48.135362664313526     52.170713436486352
50.749738826146725     49.665191396388721     50.809209080935375
49.152163552586003     49.744121239697009     50.794626125138507
49.728358049935096     49.662664505567250     51.571909324499003
50.461618868794687     49.686907074775121     49.612714152498185
51.270414965303310     48.311127303669274     51.012471254049537
49.479091374903838     50.111246041499669     49.274061177680373
49.469185720514361     47.673623965245142     51.359547018876796
50.009845512666985     47.907089883068714     52.438864300105273
48.564000735960157     49.707070822032058     50.821040870407927
50.125891650673800     47.035033433922727     51.353298454596057
49.255718152219096     49.030447733228002     50.895873883447905
48.566396137633959     50.507081161657048     49.564373117045250
50.320170560819712     48.843106576140848     50.198016828318131
49.263929809920050     50.371265449867522     48.727645408383836
48.183415618763611     50.591261625561621     50.020313890731060
49.670925527545307     47.633168380404292     51.849525516402593
50.162505759860935     48.504044573935893     52.938955167104176
49.445811818488870     50.604914501658584     50.605209827356553
50.815608586621998     48.276822027045462     50.337689037357286
49.887439185918012     46.570860551266165     50.850359540545547
49.278485813918188     50.051599694778560     52.072183337449538
