50.000000000000000     50.000000000000000     50.000000000000000
50.079994582329441     50.396672958161517     49.388090620852118
50.059584128944245     49.639597475334064     50.537902988827575
50.553303649205262     49.695874505223379     49.595441877242919
49.780744716162907     50.112219462917636     50.559190756521183
49.583331141262768     49.273546864397652     50.578036062780235
50.718411714867329     49.577678179159165     50.171090339536548
50.845753738124152     49.519954659394983     50.944903035918848
50.973012542283982     49.934793128349099     49.016583561023921
49.124491727084553     49.519557264688373     50.256160008075327
48.579238664153415     49.892926139071832     50.377203041742632
50.699640763653910     50.354392609040424     49.120413250881136
51.044865596889387     50.055546403278555     49.851286815042627
51.637377050170592     50.235172680600172     48.855051312925617
51.455878807771946     49.453843412348697     51.232915290142699
51.442766253929122     48.719262248080462     51.070642938570337
51.655207487396595     49.877543821622439     50.059038766185282
51.970782447372073     48.249199536955643     50.736422642597496
51.516153325952558     50.978740705118959     49.125403473809499
51.748071430476237     49.231760169055754     49.704991792969246
50.133548698973804     49.398489798878117     51.163966708814137
52.037449933516321     48.240188937309128     51.249862084504279
50.833241790616228     51.052818141377450     49.323584296575781
51.077600891305458     50.344360440102669     50.558767186710945
50.696391734779802     49.992102281430967     51.433013189071040
51.307684002188630     50.681274570296317     49.541669975888283
50.501325498763450     50.297357935693121     50.491996283028762
51.218124456910672     50.517662066091830     51.077993615113890
48.685528746899479     50.457907107235236     50.249992174443328
51.983308181096632     50.229583783446543     49.793547931796510
49.133320082359887     50.017865133879390     50.822420632597797
49.631536642796981     50.179286272490501     51.377898572739561
48.086094004846132     49.418103591484027     50.290627835246553
49.613253795021720     49.736680779134552     49.725540832808889
52.713221104760080     48.351832845762871     51.297721192164389
48.617986954908872     49.175989663178804     50.054754813994265
50.622688349228206     48.803098289365707     50.986748075417673
51.670750722336223     48.676667541793684     51.664719538232511
