50.000000000000000     50.000000000000000     50.000000000000000
49.597607880979730     50.026832440588464     49.667579757205075
50.069715216523072     49.493836288791222     49.710975851687536
49.902184507367863     50.068502567775397     50.596768146277299
49.814179684791327     50.539958673665105     50.065490866058276
49.723298807814515     49.417360533424805     49.093250658816437
50.562923537094470     50.303749491127846     50.035906264187290
50.384061891401799     50.716179840345241     50.453512916334994
50.577476920461841     49.940279797882702     50.933569454005621
50.209388795715178     50.262873132131588     51.279118069686312
49.466710417322844     50.027881624782864     51.012519383238086
50.323584616854603     49.342737496507311     50.165450855840234
49.047771944100880     49.546049916747357     50.919071237694794
49.202799381326670     50.602471174262469     49.992049589504987
50.286305761124183     50.584283745000988     51.898106589998974
49.094668737425444     50.907012066570445     49.444829809706796
48.545869071018544     49.633750608294328     50.850541502651751
49.371513825114512     49.037778371139964     51.365805631363813
51.160881384918753     49.757365800446109     51.436968199559310
49.456008337355676     50.812212288779655     51.044522869722663
50.449001441907221     51.345617638714550     51.779303411325344
50.748075301702741     51.251715435367316     50.462007640482845
49.212691014121063     50.405603948246430     50.692915958187207
50.899135351038758     50.318259106522710     49.312116955032259
50.944676194375887     49.677665496683090     50.603687669411705
50.755843927710551     51.938058918611759     50.688368812887894
51.359978568319420     50.109017928427420     50.877531083810638
49.865033351667790     48.836935659450134     49.993230180386533
51.568840164423918     50.281872646457245     50.147337792749099
48.668938575279391     51.248454232351996     49.085640633194814
52.050733015103759     50.015995420353271     50.413022390948655
48.758971543553670     48.919635953932186     51.364774321904825
49.386602074182960     48.936896519254987     50.432770835234457
48.729312160504485     50.842389590503402     50.005363525687876
52.182878676502064     50.539745621983784     49.959171124823399
49.770915359217582     50.011834264837461     51.912570788092758
50.515133351814953     49.454490605556671     49.135176394253158
51.047582835199087     49.198529600587349     49.577197366239730
