50.000000000000000     50.000000000000000     50.000000000000000
50.369049994361617     50.195721617470170     50.452913426195423
49.792287196345306     49.892367000463295     50.900593088114157
50.130736856376899     50.623480083759205     49.646977007074732
50.780613715920410     50.045323607647084     50.064361889277237
50.575102866165750     50.520785860723223     50.942794459531790
50.381110704304049     49.396191944003014     50.489489954618811
50.751204180454252     50.226243820645387     49.305119749246209
51.097836864487817     50.538474154277552     51.508569852552860
49.798685942156858     49.488293873048121     49.933380524475005
51.416524157141239     49.649424419801328     50.125803679352714
49.452968207818707     50.825605483651415     49.504805571330706
50.109931274547932     50.625215678679616     51.248566403562641
51.189843994765944     50.459638381121820     50.652353705962199
51.410517769397543     50.081249654334506     51.204089545170355
51.851256868380851     50.035391768701388     51.461493019967577
51.536096854830589     51.003934236136786     50.177407624594181
51.236655364900713     50.855527275145967     49.182084000878767
49.631435429852104     48.779092003588048     50.175499833417781
50.437192439138713     51.025368235972387     50.641853091509262
51.263110282361396     51.266675766214014     48.744715957248637
49.752091572049110     50.183236192126166     49.530029631796133
51.503345979751558     50.108535495781943     52.021233438693933
51.266908676278696     49.429708877238156     51.677005264707944
48.900030294023615     50.935194105281035     49.819595984969190
49.879390002756949     51.255068062610164     50.235011026717693
50.567472727025709     51.157143758254961     49.875352765005921
51.299148085437253     49.211235680626395     49.899453432527984
51.580741452881874     48.858390438597091     51.634710290903058
51.434465395564260     49.632852312098997     52.365700871306508
51.440316708889021     50.600240464208206     48.776920616672882
49.221784357597265     51.022986182336126     49.074020419778115
50.881016361310849     49.034844583301904     50.922849739931848
50.812726524151124     50.018224514775305     51.419191179637856
51.152808806073153     49.031045630146721     51.989992084226678
49.228498839160721     49.786699717598161     50.252983139626174
50.979432476952461     49.130969023934313     49.325797162433496
51.387263055767228     51.611957485466618     49.729938685174702
