50.000000000000000     50.000000000000000     50.000000000000000
49.271436875628602     50.187294043602748     50.084230188373759
50.233974576728144     50.550911733741621     50.116035953395190
50.646898949732190     50.859579542115725     49.733797083111909
50.686941273130813     50.166136289008783     50.529746068964641
50.593632681036716     50.102530874375937     49.902054977484966
48.830067339128021     50.115210640025843     50.312566582725466
49.125520690669440     50.634524449771540     50.250854511446043
50.688588463462288     51.429188358645931     49.910425288021521
48.480117541332319     50.555528089828549     50.212785554424514
50.453425453871283     51.594346984699165     49.288653462788183
50.322955108301258     49.644476380666632     51.015608402992271
48.171552553064501     49.711149965290836     50.172696379139268
48.044343438404887     49.695526477071056     49.500968438335164
50.115513083434912     51.833561694207788     50.238349810713892
48.664439158536339     51.088448152822764     50.108458941341446
51.237500543259429     50.168403677600281     50.002681155319330
47.584527716090150     49.602086927922535     48.912566345792172
48.882533170659201     51.742304532313298     49.825592896655820
49.095853771810653     52.027572824521563     49.156715317267448
49.696954039741144     50.553014755338381     49.796826878981534
49.770238095782403     51.072050474382721     50.399908670485210
51.647192790780579     49.716313448131139     50.067218197701187
50.557568994733380     50.889519908928875     49.196928406487281
48.021670017918545     49.351173925752569     48.498888627269942
51.699222213713369     48.970466550897122     50.318120497186179
47.927703280857713     51.053433964060702     49.812122163660916
47.400693801168003     50.189483963454528     48.667617398164055
48.448728658718217     49.308813265684819     50.012563969938469
51.223265186043690     51.219058063561896     50.267345655557392
51.626256370122178     49.900396944071076     50.699919858515969
49.891851476090373     51.062564562054405     49.775995977496486
48.410059190456529     48.997046388604048     50.638836712250068
48.678326116518576     49.800628637265135     50.853954191257671
48.555699305930553     52.326370465248218     49.859690258461853
49.120766399244310     52.699695648921200     49.912057118563681
51.174620899255672     50.325749351597466     51.091676601495820
51.276118536778213     48.488544833381638     50.300430670243244
