50.000000000000000     50.000000000000000     50.000000000000000
50.733009722920933     49.676740385386076     49.995248534019943
50.229877990190076     50.135798510384816     50.638413278238723
49.956165227202071     49.462592765068813     50.979964033803221
50.765903078836715     49.979449863007716     50.950682006531459
51.069208930937087     49.640722287191139     51.258326188757380
49.900939351354431     50.298163262350592     51.151107155486997
49.709969709146065     50.917597571272289     51.135244408925871
49.487673133630999     49.587849994934572     50.256122069441226
49.710599926113638     50.943192832324151     51.838779365156199
49.050386320736507     49.242769025578795     50.298667508457662
51.210472070766933     50.181655467040876     50.686703519075422
49.302327304869479     50.240612459881959     51.555215294941533
50.868688219103070     49.184363580747423     51.812747855269620
50.082510705498017     50.986165633716304     50.499872447571974
51.455911227629073     49.555025109931485     51.775864385509678
51.200476312483588     49.727604301228574     50.246958134820545
49.467414901003899     49.124346102042594     50.635453535659067
49.613222585875576     50.528763777839707     52.489759767327875
50.837618035393376     48.873302193111236     51.088366312859606
49.658045574034603     51.467608084452060     52.101987016277484
49.303153492622847     50.343711832004722     53.022279375759453
49.191060000139025     50.934122056883240     51.664941870029139
50.107382770064071     50.255892958650506     49.265071175974562
48.337734891094129     49.085798756910513     50.528372486199160
49.242916348645316     49.517997038380308     51.549084717100904
50.620924292952196     49.998900018039876     48.826960317083071
51.758268340871354     50.561000328315330     50.964079008042106
51.492696380736575     50.126788752418918     51.191665994578074
51.666306052753072     49.178664916939432     50.235911791852239
49.127609977858597     49.073426159116487     51.943317536463375
51.260771860309752     48.533462577695943     51.734688939827222
50.090273891555519     49.323781495075011     49.868301936187933
49.245455146414230     51.450588650075048     51.231276881322515
51.225437139659142     50.325454813802054     50.030351555630496
51.112145346516989     50.419797897609897     49.113579794645325
50.108034347487312     48.963960177116746     50.890753719869672
48.662390799758263     49.236727977905034     49.873760786697083
