50.000000000000000     50.000000000000000     50.000000000000000
49.524958552487362     49.764593916791647     49.573495225717302
50.221951364988534     50.076461457851380     49.471071478761388
50.023355545839493     49.457893078757003     49.551806459610646
49.312360666499622     50.094194967724739     50.020554672049101
48.624926308384566     50.310432683176721     49.696660579292782
50.377922670150355     50.623875399033011     50.173261524010144
48.206483635505407     50.298972593825845     50.223459081326382
48.948002541423271     49.296520691499715     49.584985492386160
50.278317552907971     50.804288114541549     50.684956900813326
48.073058479279318     49.791074567139113     50.381167531867014
51.132902253769984     50.466939161669096     49.959921123376660
49.396112972414755     48.851804914114290     49.354296728276559
49.084920920333346     48.475228954747791     48.757749048655661
48.973786764297408     49.261390485346574     48.899328863162879
48.249686199544435     49.527215781515693     50.908223495631063
49.021852267666318     50.972220915751684     49.499917369656870
48.353521779240317     48.962325274201334     50.470017217834119
51.678589570103540     50.524080289314384     50.346490231563926
51.885693511020591     49.840702603172709     50.135281386158233
50.469850512125660     50.029578019574245     50.258270603127862
49.718272389934278     50.257729738900061     50.673353635775356
50.062346355091982     49.621916574858794     50.507178348774794
47.953601361988852     49.621336944903483     49.618109506630347
49.518046522352414     51.036395249619588     49.304440607567990
50.408224206073413     51.557443281754367     50.767911601142359
49.793793902834253     49.438616771265231     50.041398098291005
49.099908441815181     50.671968563811518     50.423746977059999
47.657708626469628     49.011510291521105     50.312996654126138
48.642867423450340     49.759203133086544     51.284454132869136
50.522264735502191     51.800943381341469     51.450545355391711
49.589014362235034     49.527921989067210     48.675373839097070
52.282729610896254     50.890309797172613     50.501049322466280
49.662056575881522     49.043975283918087     50.556597187365583
48.621305686829935     48.009734772095648     48.916838154894229
51.660326960921950     50.550472046251080     49.432460001562191
47.058297950689649     48.683211648581008     50.164270315245268
48.313818349518641     50.127962865912920     50.774937250908074
