50.000000000000000     50.000000000000000     50.000000000000000
49.875104364469337     50.063534315143059     50.766832377978602
49.289057535346934     50.363160672050199     51.150055887190923
50.127234240965144     49.744961757052934     51.213100774779107
50.114057381834797     49.329969154763418     50.708113282088732
50.560064675267192     49.685972440673716     51.456583640886294
49.895525684888689     49.504834463906498     49.911363088148732
49.693021484621724     50.262131879274449     49.578268200707903
49.997104419631746     49.072947007403087     49.544294462113832
49.386840904477872     48.774286945785590     49.172767917449235
48.798434744686531     48.891151457200834     49.465199420371562
49.019108646221568     50.741451194635829     51.548327223685611
51.035473434423075     49.426979967608119     51.032454693496234
51.526665470506686     49.053318282283058     50.676408844461776
48.680978929613254     50.627513616437192     51.084837480942866
49.028235058805983     49.634621874100240     51.212062590117306
48.609543760866558     48.391832280468577     49.681394910588153
48.901235275581449     49.070940794664324     50.822324336015193
49.542716189024624     49.513014110830667     49.309004075085099
49.388508438276219     50.253621027259832     48.832658736159821
50.694530452992588     49.935744010376588     49.679879264703736
49.018688426829378     49.368486924862736     49.040025127921510
48.892774928622934     48.650338421617548     48.754645920540213
50.307357732083794     49.163524351463870     49.108944483524070
49.280908481675397     49.186842200766812     50.263265824055551
49.995326505577523     49.200182887205308     51.269081955667296
50.009605453819120     49.598448217052663     49.159239083318113
49.043750392719112     50.990408283818297     52.219787563412318
48.264828701616203     48.016701026833559     50.024824061148031
49.843116272544378     50.861186068936618     50.705339215258732
51.929681905760461     49.418089886610723     50.419590849582036
50.690025977565426     50.545716781664908     49.525505079970713
51.065686823875012     49.723254501384417     51.451638897794048
50.854230059356368     48.904876263990189     51.044760904197283
49.213114900651867     50.685034919124405     48.578423100565381
50.573748255446922     48.388521744536085     51.109726966155364
51.280961772146576     49.891375152067468     50.010903938159373
49.511313608095548     51.171091940166704     52.418380633352363
