50.000000000000000     50.000000000000000     50.000000000000000
49.592920186264294     50.313334571301269     50.359888280936850
50.074288388475061     50.390387309677315     50.536675718923078
49.114910546187865     50.380194533312832     49.776648621201538
48.566807815103139     50.276913072897443     49.353428455164938
48.741438718397447     49.862680765277311     50.179040743316293
49.223287358542692     51.033968339607867     49.789457586366090
49.000021955458628     51.597340758046499     49.547083019234776
49.581494287010038     49.765830539585160     50.252573240448314
49.419175310480270     50.927240434723032     49.175952164725821
48.423768714271752     51.548078348032554     49.768266563224905
49.813584221615322     50.797301525253467     50.261635483809556
48.447462993576764     49.345633759304810     50.125157402883460
49.353813901037356     52.070432637072678     49.547434272128065
48.713162721322789     51.757260568051308     48.975650164507641
47.873273769122775     50.041858749430048     49.278613782231176
48.257892378594384     49.905242435278197     50.482413951152772
47.165395251097081     50.243159689148492     49.486257552644801
48.140914575584738     52.057447313327735     48.789419378091587
47.478607757866918     49.954554714140350     48.973883913042734
48.519929400115274     50.762154775271462     50.136061288782400
49.966529361371556     51.120286613858610     49.870175739705743
49.977772061992340     50.520506322102541     49.322018122009091
48.508250879128191     48.996133383408072     50.746873304977186
49.082581080267850     52.266019808269121     50.036182397212762
47.795342747968924     50.377911825909976     50.685141960531794
49.202297229774452     52.825061738228293     49.706810548575291
48.637983307916564     49.564910050329267     50.795098667197884
47.230688826715834     49.838859239204211     50.095448551114117
47.063070497625105     49.866042894945359     50.679439732536558
49.348921917117984     52.888033776334133     50.257536793202661
48.033940953740853     49.186943201289111     49.466271054526977
50.367543035678636     49.974247206279934     51.128207838504387
49.146939494228384     52.030229817238038     49.017959204282100
50.060144110793360     50.291103892200482     51.627248595219342
50.406375019750506     50.839941684184204     49.459442456616088
48.659033032365329     50.387268259340800     48.646866718702967
49.064236729329508     53.186408511202984     49.255587176972377
