50.000000000000000     50.000000000000000     50.000000000000000
50.778508001275398     50.084024104741019     49.973518519422498
49.521147830782660     50.156704319661074     50.301996591855769
50.846745273354266     50.753180637301632     50.305694647479179
50.369391116288135     51.290718539867513     50.047552268787648
49.756308915873532     49.270753603207204     50.165429199282798
49.907224111800488     49.559753927475391     50.892677441404928
49.606724506621660     49.332882973390696     49.376243379174134
49.230260891361617     49.447882308215853     49.756452048329066
49.093130734308779     49.996566042501023     50.696044362571975
50.247079450608659     49.168028515334292     50.238505739852158
51.452136068287878     50.747067333762338     49.930167589203997
50.505096386057154     49.836804769554703     51.077686295831761
50.480324624097584     49.240204352176661     51.208149187754387
51.492725578237980     49.776905611093959     49.786589830020716
49.587525079076947     49.162421457105246     48.794417894718350
51.597050078846578     49.200634741855609     49.264384024315106
49.041656576767963     49.457502058193107     50.866863745099977
48.655950103452220     49.626319787099945     49.615178468877950
49.794882334789698     50.694628842268031     50.640375379107610
50.425665488756842     49.511093108295071     49.589464983781674
51.614110772907942     50.275147480915955     50.068861881221920
51.386242249453353     48.563188086283127     49.006504811006685
49.718242587654665     51.508369803652009     49.959204628961402
51.975173123038580     49.418326362465123     49.659785623628473
49.178831900332135     50.522325369361106     50.892354835828840
48.730858970372672     49.347541822858659     50.096738320838242
49.757275039679520     49.575268741742008     48.497523827699517
51.836919161454624     49.202316596587622     50.236222361953509
50.617946522259672     51.760421331587949     50.589778917318746
52.199629207951027     48.750640291265093     49.653650112337836
50.462021967771150     50.373728549101379     49.485648527788932
50.446332641220415     51.707877566123578     49.736077319283410
50.597564814226047     49.497443626166309     51.823705961521149
49.502754628581307     51.065391085095577     51.225146270659138
48.150840195983641     49.364167401233296     49.491801804086194
50.077732735781041     51.848653454560782     51.122677777784816
50.473968848999533     49.869788940027696     49.057764485378506
