50.000000000000000     50.000000000000000     50.000000000000000
50.114160225552986     50.328462745218168     49.550082018776429
49.785215118922487     50.781106618331378     49.413285261276485
49.350952893744790     50.038089429381046     49.992728555835399
49.986664587558380     49.909656210781790     49.203344103036706
48.869136065189224     49.446010137570752     49.771514358717091
49.235761326590762     50.145131835416919     49.385182209301874
49.785145915937896     51.565159247825726     49.251099221486058
49.365374994122043     51.374892148199088     49.819652832493510
48.989859323219619     50.049146901979285     50.598917749709585
49.703206655183472     52.329065265167586     49.057988450491465
49.500935334201614     51.042446669197574     48.883388979173219
48.896942046873903     50.557704197760152     48.874638535857159
50.480025079679777     50.380737292940182     50.363181144645907
48.939257416635698     50.385678360269118     49.793614556581559
48.379416163389905     49.696641339004373     49.485860536908767
49.738334555719305     51.459232884900693     48.493169994069149
49.449641840318584     49.236065638495404     50.185095874071131
49.797765832385934     50.696005895746254     50.307664643167818
49.308572108128182     48.873653342453274     50.754017747903696
48.854705753637745     50.637394419341767     50.709115505204515
50.213735465458889     52.780189096025083     49.177255260915629
49.423951854544157     48.289604456604188     50.605842613192145
50.633269889183680     50.750630849103942     50.751385188166125
49.189223242671844     51.234075006365558     50.660211360163899
49.106837961801126     50.878349983989310     48.199042983679739
48.600848614817238     48.720652052970117     49.943742488419687
48.805909702477898     48.705575765392012     50.897791634375061
49.386077766984954     47.887288916903927     51.124262973222031
49.223129736545516     48.513123448745823     51.360691528837528
47.925526954489925     48.982481613813214     49.700547183511503
49.462026821879398     50.144309025756087     48.819283938722513
49.359451028445221     48.040592240292213     51.969550836796131
50.198558854930468     51.743367792695530     49.738021287334796
50.036960596668543     53.381310585772475     48.999952903851238
51.075597162739165     51.205551447779229     50.545269865671663
48.504941784290679     50.427773174528298     47.949484832089183
51.251933531876020     51.707984975367332     50.581393911619777
