50.000000000000000     50.000000000000000     50.000000000000000
50.590165604023539     49.651226843940265     49.983315780351916
49.634312987402978     50.341151786992832     50.226481241587507
48.912824001077773     50.454617015803329     49.915390408500571
50.498582183936364     48.910910442544186     49.713822626214252
49.297620484297255     49.670681174028175     50.213376486139516
48.191678934394780     50.795427715322916     49.867142068344826
50.382199266480036     48.216009810096267     49.822398464287815
49.085592555015829     48.975708699902313     50.406879172176971
49.697305531040016     49.796003519965055     50.574115249558282
47.860702175556433     50.241966272203172     49.464092636206246
50.957947179125505     47.866338928196654     49.474230251394957
48.089764651244465     51.575336089888253     49.735340276376647
48.994149869237880     50.425381723285156     50.493958656611348
51.056449272526152     49.084100070010770     49.176594430118598
50.982504970755102     47.301386992745556     49.469734304267604
51.575469269625955     48.072932245328516     49.109363264493922
47.727166546054285     49.624148691292639     49.688362570422825
49.467011969285174     48.610696427015903     50.098691273898993
48.527553089290826     51.728481414332279     50.349609905639340
48.014074925711711     50.754634697841752     50.424794048776313
47.666403190156458     51.359102587370749     50.202433912049045
47.872887615051965     50.484791820641249     50.851056126368888
50.410949065527419     48.973691127921334     48.963253984061147
47.309918536560495     50.445194193080319     49.332183915579606
50.468032043088144     47.442986190946250     49.284207038019240
51.670150169638163     47.482792843644162     49.582031501437648
47.487444596335621     49.921470210123019     51.239486411540376
48.274772539943584     52.127455196677850     50.148087338327237
47.334048448242932     51.175738285163071     49.094111476137016
49.945533150531674     48.390874952369032     49.196172653579218
47.970613042677577     51.035742636832005     48.999793596674650
48.148326805988624     51.319054363146321     48.593300109195560
48.139470738318806     52.492320055024315     50.710432679672067
50.242283293525738     50.329815757060857     49.377842501054417
50.768771616760446     50.502534686109122     48.899343441346694
51.509527724628740     49.461811551243422     48.655063076630441
51.053005911808661     50.332405848202662     48.478175920961618
