50.000000000000000     50.000000000000000     50.000000000000000
49.376769581912086     49.929991166633769     49.719191048121644
49.014481681426894     49.927682626886799     49.206531908958752
50.495243262612036     50.114787234854049     49.573549934420349
50.993621820960733     49.779309559246357     49.181540539674572
49.633774364289565     50.599630368751214     49.864104292731461
50.314434023062446     50.384359967479284     49.055474171609944
49.891865277733316     50.046067560710696     48.501839384500961
51.532990850207973     49.879462542006259     49.579926604993354
51.716179397474363     49.936945311216810     48.931111514369874
49.712583285085373     51.062035000281298     49.701994435100488
49.617654139916176     50.205858985148637     48.065937817079082
51.188836261133886     50.542824607606143     49.473945501220783
51.222561030359394     49.159723506628140     48.851959793640148
50.856949061107258     50.517953900313501     49.954610715612624
52.167307649255093     50.002652174085824     48.463805464757797
52.909890958533857     49.776535445708987     48.428403770850529
49.946894165630276     50.650854272929685     47.846063214660298
49.045854052365918     50.251066193644199     47.592568132785779
50.754992345286752     51.224819405522297     49.955389408733652
50.415303268336544     51.609834337390197     49.456726964384011
49.994238971831081     52.125688873421005     49.527633830260299
49.078346526555364     50.820890108964861     47.789307926135436
50.959231132660875     51.789153177258250     49.892919983502217
49.777058953828686     51.346441208398865     50.450329728023135
48.650635523723828     50.074465442280470     49.561984173311082
52.445607635508111     50.079480523705691     48.882747589701196
53.105290752054039     49.621364916372606     47.719518526525526
50.389092591329593     51.176434938790628     50.676299985578332
51.348538778501805     49.828305518763869     50.075965130513978
51.237088719861589     50.925718365377023     50.497838957827845
48.744090510339163     50.486794441134784     47.108916951868309
51.008470268222062     52.032826146465204     49.214383564459219
51.200033346926645     51.152416509205842     51.035852806591613
53.812337876143538     49.679180160730922     47.565132676583197
49.599831073937622     50.453812502195682     47.109860398932412
50.294772335790874     52.172668181036684     49.057526774300847
50.044624741957541     49.758910736369394     49.163989090728975
