50.000000000000000     50.000000000000000     50.000000000000000
49.500985977735240     50.069129454779834     50.555565128695932
50.242245597115279     49.628428205082599     49.692011937419757
49.436095247663616     50.224518010443219     49.549063461363268
49.950075771058295     49.906972961929768     51.140424203729054
49.194877256110573     49.687394915372828     49.628581781303154
50.065880690698293     49.463752188590071     51.472025502987691
48.778004495500376     49.557710712325544     49.990477397827455
48.561179311146361     49.542640275529067     50.640684488845729
50.057360565630567     50.580994904185324     49.518636154385106
49.829415819583488     49.693915976427085     51.973139017881273
49.926631552903736     49.447481622350054     52.685119396692386
49.605677027624616     50.970386623204561     49.566737323297374
49.047540425218102     49.473900925835849     48.913121698181151
50.181866228952266     49.891810180053170     49.098980427758747
50.549579395714403     50.806322783051122     49.827989703631154
49.659642327248299     50.182784024823576     52.308286013381007
50.644351772853433     49.920907415676574     49.473052279607380
50.106357768207147     50.355060624218979     51.611183331305384
49.984161473502482     51.322856268475228     49.463586339387952
49.514814525316567     48.778381794390036     52.759692327684540
51.084604572772726     49.664050493294447     49.931943802138520
48.940754939295232     50.065996113262663     49.196697219200615
49.112068237999345     49.041921595744178     52.895553274913460
49.841747236857081     49.347800813115576     50.476669755190635
49.838336227840614     51.726815353514098     49.171114232827719
48.003011138894898     49.343001371870166     50.623630509847381
51.026639886223975     50.930623485741428     50.401641394135744
47.539526657854417     49.767598268879894     50.639638918159108
49.248946709574248     49.003251282011156     52.339224284282828
48.791117780977856     50.136178613940778     50.877335506460874
50.271319919106297     51.649245600638025     48.526443772435435
50.793205635849326     51.196346365357421     48.461420249964888
50.192383085195786     48.719748239054063     52.880282544820574
48.356330989758220     49.151128662827823     48.911792290226401
48.272321289034416     49.953403190169539     50.677231114013274
51.170554436298730     49.222399566844551     49.312857821316612
49.941192036214204     48.924470921768851     51.402343001591007
