50.000000000000000     50.000000000000000     50.000000000000000
50.381286150744018     49.761854791292734     49.709294192028992
50.994911924081499     50.049854197715050     49.633176142191466
50.627122835139531     49.111874112271700     49.393767315246215
49.800235046713638     49.265133493534989     49.933510901735104
50.718584291509167     49.600042919265171     49.209624467224216
49.413629169337334     48.948259732428973     50.252139554896623
51.027690348633726     49.141245978050129     49.711592841357593
49.840868120477460     50.528727870606076     49.921828889859839
50.302078821420807     50.355483858949903     49.746591425345223
49.420844092283176     49.960131006303001     50.020775618873451
50.800935899755892     50.644035093115079     49.393468837850179
50.039414996014372     48.757523250677238     49.255429902281321
48.739064754594040     48.620205681841014     50.286934459869684
51.424020506710171     48.526935172827216     49.864631672187869
50.452668133207474     51.333769071221411     49.196298324328538
50.170245934160597     50.704797177180758     49.216699316231889
50.710908717829390     49.265673660317127     48.492179639822673
51.803034899861068     48.180845249232071     49.699231053467450
51.075337533448725     49.789070030808041     48.215960712272910
48.058877406992238     48.618204015795236     50.203188785044219
50.927797383852685     50.578008060460881     50.178840709994589
51.620126293004425     47.471137325768844     49.588742235118772
51.922386799397927     47.501261930469376     49.032715458660867
52.156356008205947     48.478470398078528     50.338804702943428
49.556341984374541     50.579743205529006     50.358285703809649
50.395326951374813     50.020700987787706     48.428936340835811
49.934074090282394     51.156917967494905     50.532900032869968
49.569239183542088     48.970821264961430     48.640642355283987
49.381053415661000     49.364400747198268     48.985249461909426
51.487490125419747     50.604431258923981     49.463919930796031
49.524750854080551     48.566755828380209     49.275562460318262
50.026263219272685     48.830841751480449     48.506539309576006
49.253878303578958     48.692063069438774     47.980849290111657
51.870832411324997     48.006667551299337     50.298344139380411
52.402933423608964     47.724938040416490     50.296472222499155
48.738554901221846     49.495202170544275     49.386875341999243
49.348058997712691     51.202392489376415     50.106069257615204
