50.000000000000000     50.000000000000000     50.000000000000000
49.725054690156767     50.395407259398169     50.495633514721696
49.295009723170153     50.998243002189000     50.660062824108032
50.078410883283752     50.727159128932186     50.603987628068303
49.797092049104393     49.325841939604743     49.778630516269054
49.524133949898072     49.025366587539274     49.117301677808491
49.143060439485716     50.646947977460826     50.264233403907383
50.422861340853508     48.956040518216327     49.837381864868050
49.464767387304917     49.729454419814004     50.725612560487768
49.242609762273261     49.152556708119867     48.499222859911001
48.752882017669855     48.899855065131206     49.081219541949004
49.068745809938648     49.251500181529394     49.435095908698713
49.343805758940547     49.920175776987726     50.165375837409080
49.027333478208824     51.226756002685768     50.204893342571999
49.603947982146323     49.954026302466886     49.668810944661423
50.012202690022562     48.705880804915438     49.692058114726223
49.663966875087368     48.351041553975570     48.797449442156079
50.547799349732074     49.777426375456642     49.724890766998776
48.651765571144381     49.759914385444560     49.031860128651608
48.990408524219589     50.380666066648267     49.584927346385342
49.168922479181134     50.760763913533680     51.077804080866947
49.712484308905346     49.359013732729352     51.371588327414521
49.043519224667804     50.051519137869171     51.087303292295715
49.990280539814215     50.965308653981126     51.057390499820862
49.387024779503960     49.269200672234099     50.199283209446641
48.808734064633015     51.616874928026029     49.634852794455384
49.574983765362404     50.804147941056996     49.514996056090538
50.020610292078175     49.691012695914452     52.017624986621271
49.303828407853572     48.958980958968660     50.873290244300108
49.626499093558643     50.754656285178790     48.992276098703300
48.304171016836513     50.093013644874425     51.104657175458698
49.397147300049681     51.323670353357763     49.882795754710436
48.566783876421972     50.945438415921387     49.568947329305317
48.352528099462894     50.345543462100480     48.796396056084781
48.107803691918292     49.517369011862087     50.992504316663108
49.868300366969471     49.061649446166641     52.226253323707112
50.404344911518926     48.168373303185156     50.116820942835908
49.959993959648159     48.057377629104465     49.536702395514745
