50.000000000000000     50.000000000000000     50.000000000000000
50.295962667511951     49.418009862083679     49.647261951420631
50.459978954086502     49.874704764948923     49.265952622702621
50.121377241074413     50.602998827859956     49.206844904113829
50.135457139922742     49.406297139467242     50.231289773497132
50.720990620538920     49.114281306967030     50.306889327984685
49.425025543100730     49.536352833669760     50.404336444993902
50.483114143149471     48.566138865795850     50.637722271830114
49.524865121799742     50.534475025184754     48.781861254136793
48.781865963366364     49.682726048859962     50.002255297134319
48.972831731331432     50.692855945066192     48.616081704532675
50.783865913942002     50.369661732421299     48.894147477960743
49.924958281008131     49.768727022240483     50.690929880244120
48.959718450649127     49.351835609696927     50.996233173155566
49.710090761815707     51.186692164904741     49.566126264136301
49.309926221143499     49.537789150208233     51.664633648638343
50.642660061101417     49.900742876557516     48.709054686075810
48.494937487647853     49.195778913238527     51.467898568642561
51.320923135233315     50.256849929289601     48.499718055927673
50.281272169046446     49.730044183860926     48.372499972553307
48.210111723392167     48.764390041605296     51.023273582111983
48.413830828277121     49.684696200476957     51.710499739578388
47.791627985217836     49.245413365456287     51.471117084773411
48.976123054254650     49.895161526766550     49.544426003024839
49.961026064296213     51.046197016640612     48.941390563845715
49.657635578639486     50.114412596643305     51.813219058310082
49.784458684364473     49.979244935308877     51.148963594559241
49.786834016034632     49.702075461073214     52.449588657562074
50.286969865534736     48.582895414341053     51.300984236318378
48.667658705130776     50.833215820558131     49.123249405150659
48.458273635104675     49.456883826709394     52.205356838979860
48.368342732826321     49.908359413948446     49.606575915659938
47.662064194496530     49.897368057193830     49.740338444781329
47.139184237265916     49.162042947793225     51.503483321761550
49.392904572288252     49.487199255320384     49.115588098485674
50.116163804280021     49.131644341712239     48.561190860075925
49.858697316073453     49.298584582305267     52.971695412292647
49.463383406322677     50.387573679513224     49.386889181398729
