50.000000000000000     50.000000000000000     50.000000000000000
50.742020782248090     50.104465456897309     50.295166539373355
49.679598766228288     49.488074820229883     50.176847126135648
50.751035647452163     50.775117292328730     49.877326244002781
49.254444510168547     49.200593025726043     49.918488428672326
51.085395830750485     50.196043904528317     49.670647296837380
51.712162679589042     49.839387401566434     49.873531614157159
50.517114332875963     49.756816482090976     49.695530389740583
49.328801661032230     49.652428066092320     50.754978106766828
49.463578043383109     48.886234658102701     49.591474659968917
51.991361714021174     49.279354150284654     50.310510019255503
52.056187491440703     48.818642497141141     49.985186370247895
51.402757131331846     48.655770385784720     50.211676748811207
48.946595105963674     49.942042158661991     51.152980953906969
51.568466504782563     48.437833360724234     50.671434971800622
52.122479057859572     48.785792748289637     49.213017889483801
50.216225559723689     49.474831605406777     50.384672222415290
50.236019132485346     49.320988204993164     49.171037918524249
50.045806582285650     49.641704542060161     48.743103761275890
51.603697781576201     48.378407124656803     49.049181066318837
50.972771450296584     51.202519573475911     50.381529501636258
48.600956950549303     49.055014791117046     49.588368514249126
49.457220514417891     49.031917427747878     50.526471897465356
52.653908412623089     49.332195330465758     50.589843657397758
51.127840952017195     49.633674965940173     50.643912402630960
51.547481944165106     51.146727957738683     50.664326882560601
50.648608465069451     48.825772576567623     49.227358209565693
48.957896025049024     48.735611462916445     51.071695542269929
49.209585945762136     48.313505442248754     49.371646918578726
49.514270564578233     48.753240441410391     48.982255316592870
51.282882817565685     51.539524001847084     51.283380993608851
51.975774661875846     51.396388765918473     50.805925399334271
51.672386257799872     50.373089021733470     49.204272107996772
49.487178321190932     50.121677240463619     50.334424655355797
48.440026629519927     49.612638408287900     51.079806768394953
51.372979256450776     49.575463055247297     51.287275016987891
50.986583573667325     48.307149610094797     50.182888061271207
50.266653592190025     48.794057989905426     50.401135960067734
