50.000000000000000     50.000000000000000     50.000000000000000
50.046973144396205     49.313070029533932     50.181521722564831
49.855360901082292     48.798973449761569     50.640943434328591
49.806567329410932     49.354918181851936     49.603888390928248
49.609433902626442     48.974052434225555     51.048419109849853
50.278428660521698     50.204061740629079     50.369866180516780
49.796594949447012     48.335292919443184     51.326481030057153
49.017629112395340     48.696949306027783     50.869850203201217
49.647037833517054     48.376207052420213     51.898000821541586
49.921754919758506     49.965658196695053     49.181586454208613
48.694682015491622     49.175679429607143     50.617670398827293
49.130254437333193     48.581975697448485     52.043402247298438
50.667800568553119     50.635248592064201     50.483922464595722
48.814817369020410     48.735496407744449     51.574508497883002
49.667210148435622     49.464049311326285     50.751704529115351
49.386567043007972     49.102621213565143     51.597991990055974
48.337556976122919     48.955601826861169     51.585477750086383
50.329222450238156     48.182498868749747     52.237605202762374
48.986468679581833     49.635577507811846     50.175965419451074
50.408878727822731     51.046582469015995     50.325249623370709
49.665690421586433     47.648552730165505     50.954652014349428
50.721637177330855     47.701213190602218     52.401337630319802
47.708639142559825     48.976616180277880     51.637446518348156
50.086081302373444     49.842121128194805     50.892449452598953
49.419480238573698     49.153361449723000     50.152213635446550
50.085483428676689     48.979187780359261     49.360292433252283
50.048730146624557     48.584579717074718     50.133738300598445
48.365782725228812     48.643357994000475     51.008608436416637
49.556292672006599     50.176035868726018     49.714821907289405
50.896082706642105     50.881152251355687     49.855262531687480
50.703120157876846     48.630836950536192     49.402895452134217
51.200385249602469     47.995131318911533     51.889209216450823
48.112366119136560     49.666344908871160     51.589134333997166
47.682242806193294     49.511670048624744     51.972899564647150
50.541261406693522     48.736497662953433     50.430725531012627
49.217130981183026     47.999148936573839     50.714696061409008
50.413320728117618     49.381936572234125     50.754772588447700
49.153389149941439     50.357201077676351     49.076297286800198
