50.000000000000000     50.000000000000000     50.000000000000000
50.048893904014420     50.421862826454479     50.433219231761058
49.643289605149306     50.928326189327286     50.450590249453882
49.905240749645465     49.617566260848321     49.482172625566193
50.656290643506580     50.533442647963945     50.335960031625170
51.064837329552127     50.476482896148575     50.993487148620993
51.042308378051054     50.120635214181334     50.075437465726971
49.481357913929521     49.546204220335191     49.808849770603260
49.570360966064200     51.458161508596390     49.889300043617197
51.614796602091609     50.285338695411532     50.550636175767231
50.806085919615207     51.068917373529494     49.813076360879201
49.809508389606691     50.009975508531895     48.825867138640952
51.080654526688065     50.785189327045600     49.156782964531956
51.215548795126239     51.743026742310484     49.749141407072514
48.937019855791903     51.002294056577668     50.339341677485663
51.534668593693645     51.270435068826217     48.998636986493629
49.068320470510571     49.991252260496161     49.400377946080056
51.018238873129910     50.954802124921201     48.537433835194719
51.859123302111101     50.752497146913683     48.903667474292810
51.742046733712122     50.697939115370353     48.230275391388311
49.282266398074782     49.601305151545930     48.392735993645864
51.593636140810162     50.824079301839184     50.986769614506457
48.911070381831777     49.320173534382448     49.307181496319522
49.279662232144503     50.329443611217620     48.396145014231443
49.461727556437445     49.698513622807226     47.630145243878133
51.812041916322038     51.456177045401226     48.265122512903446
50.675551174968582     51.590950083695752     48.265320995022321
50.461414377300649     50.826350405187370     49.023092810923700
49.996722872483545     49.333599748135612     47.155038259337225
51.345946504069829     50.409255937806400     51.718403356788912
50.606095174339998     51.716925605760174     47.636792291194467
51.142043125572030     51.272330265500202     47.287692273427211
51.417370680049579     51.063377911236685     47.810779630343092
51.483372873126221     51.786474160701218     48.710091338337364
50.646146248486957     51.095644415528248     50.910025928524121
51.267866920409624     50.882403443108657     46.714178189183279
49.024037032539972     49.127124056985558     49.776645904216430
51.917850842660243     49.987194789828216     51.607010075990516
