50.000000000000000     50.000000000000000     50.000000000000000
50.407106109480033     50.243696353323330     50.412458335392380
50.521418478889991     50.213828317214855     49.908243838063001
50.998129924916775     49.595559129512736     50.039456227931446
50.944219507253500     48.986436924300371     49.901962642465847
50.580894122742841     50.372855794431395     51.148157592765394
51.333733804366688     48.456159900031906     49.938716690635466
50.911704320316389     48.138218309933791     49.718157548054556
50.851634291823409     48.510559953607412     49.204510165166084
51.624408840110817     49.729930283111017     50.128586288582738
51.403254339247958     48.017703313062533     50.389075654908240
50.391720379957199     49.903072483464626     51.419053980360701
51.608326413250374     48.854691005119861     49.714459032879091
51.001163032815462     47.524655799712143     49.870954421258936
51.837719653958942     48.263163397705114     50.037845629917214
52.111056264221524     49.527606477178281     50.674647495473280
51.700349879355812     49.578188425413344     51.196206216622926
49.916681323152311     50.728561974725899     51.096620107980435
52.260269937379441     49.929211733954673     51.418304289923014
51.244655763907168     49.069149739064869     51.076546218042104
49.741922292916236     50.864534207990111     51.808416106367268
51.706314835474664     49.205289759616967     50.723707200548020
51.980400356570904     50.063266400647720     51.946984869698518
50.698839320984703     50.881438682676666     49.602087158176232
51.122077554478714     50.777175889848770     50.209672143992769
52.239513162078026     48.848592095696489     51.188325317963020
51.992373366429597     48.073963412291043     50.875147478166703
49.937849439579985     49.597925870779228     50.569359223696743
50.514364721279954     51.016134517227798     51.956895344788009
49.315562176421373     49.712495747367981     49.760050254523520
51.178749954428625     49.705771970530272     51.682467987409268
50.782937971274116     49.795671609051901     51.985180144379299
50.460414550821355     48.924029632300979     50.999684382099034
50.386891279988532     51.368896884361909     49.522614754425994
50.973461398465709     47.433931188322845     50.664204857390182
48.641874313560820     49.577095997622251     50.027221774657505
50.340269667464625     51.306236589157557     51.267219801679836
50.599054203801700     51.573321997056695     51.704941719732574
