50.000000000000000     50.000000000000000     50.000000000000000
50.652682986667287     49.683397051551530     50.007249727636648
50.344401343200509     49.995776548209541     49.425877538269589
50.928353488226279     49.326429409656413     50.232473455990217
49.653010268883925     50.658549377268557     49.702784386975885
49.433634466959283     50.417713799774695     49.239468315884210
50.812163844596334     48.896795811301914     50.504878787551363
50.908920538736560     49.920573284252995     50.663070871438023
50.522005249941529     48.763061687682459     49.962548897689494
51.070977912365784     48.669110023410774     49.844591168910455
50.060967443111075     49.042027653299634     49.980896995028083
49.431545269962193     48.805043265267024     49.839204627240527
50.316527456113917     50.716509216374952     49.250276492772770
49.542145657981273     48.635262949933143     50.345159465769250
49.856488648996866     50.135781987292233     48.917432358881825
49.207944150874766     50.011216458718138     49.547964090217619
48.951860277831429     49.689012352563438     49.027191373946131
49.372302550228682     49.152521485840893     48.786163919620620
50.727679311771801     48.220095599482931     50.357855168025537
48.663814262652224     50.441028203693811     49.555933627708910
49.404016645137368     51.201292282509144     49.659837461656075
51.451478957645648     50.310061449538566     50.504781859403650
48.044635895026538     50.418191993509694     49.911269652228995
49.195332187017762     48.229813543403978     49.354451828986399
49.180224016872785     50.162443589839214     50.068190326445460
50.694735238030212     49.834926328722673     48.963690067471866
50.722711805181518     48.585128189715128     50.895460710651165
48.907275283514174     48.627475918093182     50.094683563601180
50.079205333166321     48.996417246705889     50.604961195792740
50.412277254670315     50.310231133415215     50.466791539859635
49.915077873612759     51.180274270414500     48.731961356478458
49.713572660924200     51.230422776070569     48.211692625228679
49.926794327747373     48.211115235345446     50.572599444803018
50.249670056418552     48.239195902876475     49.639085033469385
51.277256025592031     49.685995067758078     48.921474997932506
51.681944667563755     49.504362926153263     49.500445779425313
48.477696560219883     48.984456856935616     50.322617572976213
49.291292332775235     48.101058527829629     50.279948372490630
