50.000000000000000     50.000000000000000     50.000000000000000
49.369082589985744     50.248035052274432     49.921358838828880
49.243493133437326     50.574438050128641     49.310738253407365
49.968109816181325     50.170426447607937     50.641168871769580
49.532928509572720     50.810659828498970     49.966700156723299
48.791213732442749     50.469353669155325     50.204653006648606
48.336347194308310     50.550813748604561     49.916044350423618
49.791038462401552     49.663136980347247     49.637142157923911
49.742302597345478     51.270716702198726     49.915613557771458
47.852247406194628     50.875949706396767     49.675193652762829
49.213236616554823     50.964799683993235     48.933089408554565
48.860756185041467     49.756392728062416     49.673402580556100
48.782692435646389     49.542570785851431     49.025246697428109
50.380992618594881     50.290141090906907     49.483468066828529
49.941395157652153     49.310638853609284     49.314525114273238
48.422928714057207     51.423246536937441     49.804083786883822
48.906450663272892     50.423288747569842     50.788484571797547
49.906948289303507     50.064857611533149     51.402960480716729
50.423600290382446     51.048360123880371     49.394419698236725
47.270227528326373     50.688392229331257     49.683831633332687
50.629900806453719     50.588283377453074     49.944491616522100
48.960667760563531     50.798716345723783     49.758481397053949
49.811163991839848     50.787396751281811     51.278118401574112
48.480949523951161     50.605251533947445     49.112804359504345
47.462618515645467     50.910117628386395     49.098522912360309
47.298012255414406     50.265020604764800     49.077450212254533
48.790857695104293     49.062082318679437     49.951688528129793
47.776280144126773     51.643525497137354     49.811411417811570
49.139907827229855     50.823231325526116     51.611806814719714
47.442833069454423     51.895597120954712     50.447231911564280
47.175566879932084     51.631505866305837     49.471014687026283
49.307630704177434     51.825295974127563     50.212492522398747
47.175605725269385     51.401833027396513     48.617673957061001
50.411661069626689     51.001506833795055     48.774081875143544
51.022030383271009     50.934726196916124     49.125466750719056
49.672643880654824     51.915387338372440     50.727669361846409
49.079284046707727     52.529240266220683     49.998087561312673
48.902184966757808     49.099789454149750     50.688887514106248
