50.000000000000000     50.000000000000000     50.000000000000000
50.710046304799143     50.277585891065719     49.780403146133473
50.552071847124530     49.660495156935220     49.490988074074195
51.174912952800653     50.745216689427288     50.157732434850487
49.621335632429250     50.432714267267301     49.519273195131085
49.445862559167217     49.834614530719861     50.130535672571938
50.099483604654928     49.271577318051513     49.531148447747626
49.454243045978494     50.577294312932089     48.926318201029332
51.428755588162375     50.141919821960094     49.839648544142683
51.504925361221872     49.472256524496494     50.022470313934903
51.412040270305283     50.322046730882498     50.614039569658040
49.042654152194515     49.410627428939129     49.601425755301484
49.637341898828474     49.933076503945180     49.035032188043814
51.846666585188629     49.866571167901029     50.053119151941551
48.867816786967531     49.643708950695647     50.119909698279862
51.318719306637092     49.019332377786654     49.880841819770630
51.734208766729324     50.337157548896393     51.272468841854469
48.976742310871657     50.151997209671272     49.807250527478715
48.539567891954576     49.989516372200022     49.236913770366996
52.137067669482619     50.655527356616815     51.696690016165284
49.597684241709146     48.865230257686285     49.713917216904726
51.353980414165690     48.407340342057623     50.336974917511817
52.007177890671379     50.015031964785969     51.912872620885459
49.008579131903169     50.168177731394962     49.183782680531060
49.763096561986714     49.941630615423279     50.683617510754516
48.021621914557237     50.248807065929888     49.422927067331607
48.815579602835179     50.653910343347810     49.063816101112849
50.228631853738783     50.715893022679147     49.112422709381086
48.305974558599864     49.390775755283983     49.934198892290098
51.586279264441849     49.672156643102845     50.905438504499195
49.800426706196738     48.982499173955873     49.254427661637052
51.639666369520491     48.040306088148036     50.962448817156556
50.657877296163484     49.648723231594602     50.096081478711703
50.684490927360862     48.986062166747267     49.944502823837183
52.112938044100559     49.385078529736539     52.179850245404744
50.652013760820665     50.579215856173427     50.398411370460877
49.270003900311792     48.724003273606606     50.239145190723349
49.250539866665328     50.237555187374838     48.421915617654378
