50.000000000000000     50.000000000000000     50.000000000000000
49.552377988963450     49.715599540074422     49.548224825168944
49.815662399250719     50.483531046582939     50.225193247942450
49.792406136663686     50.431488653680383     49.441238575022382
49.542209612593624     50.960918543929523     48.895404987368003
50.500637136855744     50.403664350259852     49.443010992840058
48.854930753899701     51.145984918304322     48.531150212749189
50.080320184816109     50.394003396460185     50.856258673382953
50.225360822448046     50.336532533777984     48.724848083475742
49.821353576916920     49.691358595282921     50.578331736209783
48.873524445508664     50.650034716833943     48.086667759745410
50.765986914265532     50.392996367463994     51.142777148543324
49.585089550050839     50.284907608721106     48.405267936511123
49.215826266736030     51.609443096228205     48.186634394814988
49.157728442323481     50.759793286407579     47.407034101973935
49.199596063431663     50.005703891591871     48.750804385443878
49.400796616493714     49.437881556927415     51.155126967321365
49.874573837534712     49.286142483878095     49.392686370015753
50.667846288267242     49.719583206940527     51.225746241250775
50.109443696850022     51.285451421468842     48.591821819287453
48.507800017620511     51.691054979532431     48.837165125595654
48.944564605611156     49.784785424051677     51.101621259800822
50.833648682209272     49.804348916061436     49.299866731261694
49.632880919927210     50.940595117486410     47.139799188401739
49.047219152806683     50.051737700407493     49.749858243419418
48.975027625520738     51.183809821772272     46.788726018637853
50.126368091287212     51.147043741714377     50.416130984698142
49.564017324693978     50.550415924755868     51.188933964658162
50.770728348715963     49.460156391380956     49.826874421237321
50.347823893892546     50.969921128139127     49.751940492026840
48.574738918411754     50.646712173793574     48.995753908423296
49.762522782915426     51.368061281124668     47.741874906118390
49.568532876059059     49.241128162498541     48.889102419214638
50.540337714920938     51.746889848227475     50.252854252771115
49.044381750781810     49.493609121115448     49.894142755608414
50.505476472865915     50.378334515208586     50.441537728246729
49.693520954445212     52.098074659261336     48.212686576909881
50.375343861153873     50.769536079918488     51.572183487352206
