50.000000000000000     50.000000000000000     50.000000000000000
50.465417594425517     49.721798958384916     49.674157630949260
50.420914861355200     49.253084336979327     49.052991586664184
49.740169901309173     49.617515868903624     49.035001934118590
49.938804124745843     49.310568632440699     48.418115003111687
49.439873514570252     50.246163642942150     50.242704023724855
50.632799734557977     48.950668500355825     49.542719866864793
49.096159904402093     50.120866511813460     50.753935238199261
49.460067108789026     49.637357890131845     50.226971049994489
49.254950489932440     49.156902801097367     50.357202983430504
50.115428143534743     49.384975205021753     47.953551823921131
49.915392312755543     49.668528691844450     49.607566506401177
49.948744001591720     50.185632501454158     50.762167632829289
50.243621354583560     49.927672610164258     51.175473159911419
48.546374285757864     49.150412533487327     50.727441690609012
49.077438911734355     49.443972707381967     50.727947884149657
49.957458878367440     49.358985020946257     47.227828640824562
51.161090701347447     49.213761171440495     49.444365753841076
49.543526769604284     50.152171033074815     48.549710562110306
48.026407757948178     49.125306993485843     51.147185552329624
49.451529281505834     50.388032556614199     49.179039536035695
50.553736296184596     49.845869562970151     47.693449687823417
50.677855187316325     49.470802384734569     50.701836303396469
50.053192044977777     48.730367030636600     49.561401553921215
47.500253224291939     49.520835285283091     51.140242900408495
50.480507618427083     50.401732731304655     49.843605808005115
49.050628107021872     50.464117591825165     48.858369528825868
47.626672753436694     50.153637484446108     50.703546140014183
50.150390050209715     50.475311278058292     48.548730937631959
49.643648623880978     48.201693116433916     49.324847291998033
50.155996663623043     51.015091491910312     48.117972371717265
46.830322197260472     49.913898352353286     51.124742875417354
50.524243779097610     50.156392834120261     51.699517455411041
50.653323729793151     49.746358583348695     49.162839516574905
49.241414113223421     49.197041742795008     48.450266811270794
48.920183498569763     49.823580853679239     49.284389512800914
47.884285638172194     49.864541766231611     51.098674232814311
49.143546588388567     47.751524790835681     49.116464959042794
