50.000000000000000     50.000000000000000     50.000000000000000
50.014953677575896     49.414745213127837     49.949121856392182
49.473552826221038     49.465769865420235     50.419176928322443
49.356538005999589     49.037980237184001     50.826396689213276
50.555512567417772     50.017194085228574     50.421754440421829
49.962160603741438     50.465436247984236     49.779162660425762
50.388331987231041     50.733532144056781     50.681627377717717
49.143009326278516     49.606579102060415     50.797682856302316
50.937336362635868     50.192832834763315     50.863682947406843
50.380467457659194     51.084724816792189     49.951712495445847
49.324305323865516     48.924853641621354     50.141423351512408
49.649375118900096     49.953263289560638     51.266908510795972
50.101408090951018     50.067139118398217     51.000397553021415
49.932697850064997     49.735556348898058     49.575781675438570
50.751731134210907     51.636447865390082     49.944630774586976
49.366442227901921     50.493274857968956     49.404755303947233
50.821691362843836     52.256850698939019     50.427555786209673
48.541475810996069     49.920004387324475     50.428026033202201
50.582468808289086     52.319554433862294     49.633181607279454
50.314411603985995     50.052843483697117     49.090849868197509
49.646597530515365     48.416554845303629     50.914643480683260
48.941624361160805     48.663650169338666     49.675153230433544
51.370277348045761     51.579393081555828     49.570702916088159
51.891578604438585     51.970461613255644     49.682975654441201
50.103687989126279     51.475639002517902     49.567105134819066
51.019818030267778     52.151093934846237     51.040207692033484
50.796851782372187     49.326097724205795     50.279511380023898
48.535089733065085     48.579447271946108     49.030318915168571
51.117804146846602     52.188187057705655     50.010409867103434
50.993280020963034     52.766180041977364     51.200010546344565
49.051492763547955     48.053295009312890     50.815311703378171
49.881024306133817     49.575171615614273     48.935741408961057
50.497388946886630     51.744818829751566     49.263881820337261
50.215992825426895     48.206895583929047     50.770231174626446
50.024573679363755     47.680892853745533     50.705805333421068
50.551469533119665     50.428989909834840     49.889522924842204
50.560908639102308     48.352739368670093     50.330454180245830
50.384910435467482     53.010059312383092     51.278935551805979
