50.000000000000000     50.000000000000000     50.000000000000000
49.830209989493966     49.421667146896390     49.760688003482805
49.785266425188887     50.439198445714283     49.864744669972126
49.841593534828988     49.842688517166330     49.200160785970361
49.537232106610261     49.787299963292782     48.703543485560679
50.409778073749990     49.060731103956918     49.580411099130991
48.860630617880581     49.567676621798114     48.942009303586772
50.425033812993050     49.681313491017221     49.917553294810148
48.625503133296881     49.139921815747726     49.348108481560104
49.963746362406184     48.675935691986389     49.371493567476492
50.224979835417628     48.163996952917515     48.886137806721017
49.181089819345623     50.637582497204832     49.892312483819033
49.079246485001427     50.315395029193326     49.324343706879951
51.005546839848535     49.331357401440876     49.526820158598603
49.099442002167379     49.537195035883251     48.218003965651754
48.087624559607718     49.223985996419572     48.812531939113001
51.071507848841605     48.650858532137484     49.326703292669585
50.775130256662223     47.902043474810370     48.812304305747588
50.101945795911263     49.243456704489340     48.912398711634161
48.779961251249397     48.559679391237651     49.450926443424869
50.633488062158001     49.248208043053360     50.353939839750922
49.511669561419701     48.474232431110238     49.744260636655063
50.001946820024955     51.048082708215730     49.550502015237704
51.055449262695319     47.585967577847150     49.237688071542692
48.142758363543145     48.432580769818856     49.063273688264673
49.967699910735547     50.672813784912613     50.301803593169872
50.217514270572067     48.785893903781918     50.074368637866840
51.177008203885912     49.143666920547936     48.947515090312045
51.504322268898896     49.245572892965718     49.670505708845589
50.527348072541514     47.616242622238715     49.822005227599412
49.892180514691532     51.091713103653724     49.061463404742227
48.462988703564633     48.046783142673689     48.632704230021368
51.009548505718087     46.852546844867469     48.944750071970127
48.495204164552995     48.501724909576843     48.057329255782740
47.878638624579210     47.924046870007757     49.285107432367120
49.547380299471264     48.397755019765498     48.940764408767564
50.632545845359303     49.031750499962413     50.942846990065362
49.087974513629618     47.859355269017243     48.754547838136887
