50.000000000000000     50.000000000000000     50.000000000000000
49.969593613813437     49.571865737782026     49.582957766172498
50.281967232197019     50.087111289178011     49.123967180790991
50.496526572611366     49.482909529322043     49.762658517966905
50.020220454145232     50.683001205607454     49.611577002692805
49.746780880533542     51.186810928551061     50.049371902815409
50.356653532208917     49.583053363344625     50.572793839935841
49.971356620899670     51.845448739053666     49.962701779601289
50.668856561177158     49.530419995318837     48.817473221394970
49.677708700176964     49.167717676894334     50.478548693348614
49.720133326330910     52.487554162115160     49.720928298612286
50.377665227321998     51.382660438068434     49.746427830365491
51.311569804238431     49.855997538268859     48.882631382734779
50.697292892189289     50.207437503645068     48.735941867172578
50.933256131099306     49.907859953190439     49.911854255678278
51.278748160950549     49.966181030735768     50.502529461204013
51.520643180910113     49.737101758215559     50.989469175946553
51.304522396102833     49.144224739177766     48.624445222081874
49.319449636099996     52.022803277990114     49.204740600880825
49.939983851528211     51.567811533380500     49.231234946437901
51.684974412980367     49.646730311602724     48.424158321184628
48.651215099428889     51.927488762076287     49.595029795755323
50.887846894642522     48.524489305962973     48.745263444481388
50.959023829157516     49.214003501543893     50.566008248779220
48.229759896597812     52.308807291253316     49.208024114156778
49.851764856721182     52.174960306041605     48.806667848490122
49.126260356526501     51.608504181770805     48.926496900009809
50.612244592260588     48.208166663744088     48.100885254296280
51.314227604702566     50.313242677470797     49.155095812078670
50.634828496668014     48.614774353875177     47.579448862249400
48.704360892888893     52.583246354214161     48.745447070772805
50.992933311953465     48.294157519383710     47.451427772232684
49.899998834681924     49.854077576335399     48.627438493643588
49.418929466305954     51.711635223713039     50.398734830398709
50.443974108196137     52.579313834549893     48.663636158648245
51.317882927840365     48.114410623310711     47.094424246699845
51.347763302895153     50.222752371305646     48.541312358494125
51.781201506749596     49.810804269776412     50.487953301745506
