50.000000000000000     50.000000000000000     50.000000000000000
49.503328809626424     49.641221963589111     50.158569872785321
50.627086014499504     49.920876518272301     50.289784492224562
49.762484643145548     50.317528421307152     50.349866597793635
51.071888766241933     49.290204109637060     50.496523740266397
51.080161530365466     49.479157030789608     51.194146722005897
49.543967989586591     49.130557683201950     50.641312354398970
51.008292123711136     48.812392975881686     50.849623087965263
49.077977916678300     48.650169627065118     50.292668405591826
50.702364977814035     48.480142051063247     50.509295775728575
51.600508494760888     49.589278790891548     51.771929990063200
50.025114613189906     49.731010280780723     49.318046474736093
51.081021049458030     49.489189345645904     52.302948574838808
49.692147900948861     48.325064926629196     50.185579163600920
51.460448403782230     48.997265038632193     50.707897925636907
50.761835968260669     48.898802575176184     51.550262965314872
51.095057725443631     49.757150546888447     52.999657037292266
51.685626107129274     49.036411391404407     52.369198424135611
49.985792613670668     50.398720275647769     49.244041981409083
50.479864251855936     48.082703181474706     50.749916358600792
50.808965474627534     47.475418017509689     50.723152112201682
51.446066415901498     50.263313864175373     52.692061795984756
51.305643782489255     47.881406297322826     50.500651015040177
52.093201373648938     49.696811328961957     51.516254404277120
51.864840966119154     47.720051623602558     50.661753503040039
50.417955393157229     48.248651744938698     51.567405434954793
51.772369766604406     50.117877863459398     52.233244613657369
50.276342239825716     47.393322221352612     51.091695653394304
48.609134366444557     49.007040226963419     50.106363790569254
49.272220355505567     48.936364919596883     51.255041662490108
51.658627227642462     48.753248584679937     51.445124891172213
50.304667358710283     50.431536574709483     49.881230606099329
52.179124685716694     50.553190148973904     52.546020178880234
49.689300069969391     50.887401870215406     50.459390365157425
49.897271359424614     49.755657640662882     50.769515740318852
48.915118566929308     48.266378029264715     49.648248618797510
50.453764173200192     50.637739400733267     48.979531345351987
48.974750269796388     49.444500827972199     49.663176920463059
