50.000000000000000     50.000000000000000     50.000000000000000
49.305834967234951     50.036846700016817     49.615461362895807
48.656296306255072     49.696077232306259     49.515887169245666
48.882786484036359     49.129271759407111     49.995715828249679
49.211116787930187     49.865150101081881     50.106386038851603
48.450822603062242     50.413320098234252     49.294959140677349
48.795729337530119     48.860711342452859     49.584514653721179
49.088486592254583     48.926120918452177     50.543422120634119
49.038981242708076     50.239019836099523     50.625223470200844
48.368741272334013     50.354552677242012     48.522723006485847
48.693161776856300     48.672837350978227     50.965270556349374
49.649216197945591     50.135049520970455     50.548239962300755
48.549429234302089     49.872569371533196     50.018210866468202
48.095667846478790     48.694721658917764     49.562420685857724
48.185615705412474     49.531328178807939     50.021372463378960
48.762532980120447     49.559676284118915     48.956624513783325
49.094330413147830     48.374721441678453     49.745395984149297
49.158326650970395     50.527574111477321     50.055190439021693
48.580676981178513     51.056145845454353     50.063595337259322
49.058590865300054     48.449089280295006     50.286556943315560
48.347414776994846     50.340112343859943     50.263465691639311
48.567920008551951     48.342653809590409     49.181882933975963
50.001235830329605     49.505898847894052     49.572159381852096
47.678306015555933     49.158683693097423     49.884323952040219
48.098363534204921     48.334046051795404     51.326943540740309
48.901699532278265     51.265910425326318     50.743290497734854
48.136889129097526     49.839857616531035     50.523717696257549
48.171673380696362     49.127930475525055     51.074271243996712
47.211602145775743     49.299513199630873     49.620848006738868
50.573074758258116     50.088247893684162     49.527719267885104
49.021243126730951     50.101771081787298     48.945948888411969
48.081691910241751     48.565823028930154     48.608064445854275
48.255826303184222     50.820598045262166     49.514059405369657
48.016718429064255     50.494323391469898     49.802585349567316
48.434015205750690     48.792113115890857     48.956693063982598
49.306110733671687     49.384024834594648     48.691649473567445
47.781483059355992     48.020898670033191     49.819379834723300
50.180198429004925     49.655461942102818     50.418043927291428
