50.000000000000000     50.000000000000000     50.000000000000000
50.201109193179398     49.866209803450168     49.499127626401005
49.596163215312806     49.487785838081187     49.329956027943496
49.500452233651998     50.556025088969655     49.847101582535956
49.170069818530337     49.385125517262047     48.939045339832447
49.290776667763346     50.996528252799649     50.228546978986138
48.888465218341707     50.713906421916128     50.028082232522543
48.854817484647924     48.941687709894985     49.513836255348103
49.292943617032194     50.122808496225268     49.115923435086096
50.624941394984063     50.047658094098161     50.245980762132106
49.371088010582746     48.853266127738877     49.368872876189627
50.121052516825394     50.473182666123115     50.639430433052119
49.834714794838867     49.811261664987839     50.482986799460008
50.872250704629074     50.677029262231542     49.903520424933824
48.284953591232238     49.153764911034230     49.017071130860025
50.140419477301982     49.565867168779405     51.073392863635888
48.666612039015632     50.796897381567661     50.540202694691651
50.042952049398565     50.999851641760735     50.177921481644290
48.785736608966644     49.280800674769459     48.263284971077688
48.807615730551781     50.904123110224873     49.561131402521937
49.910979748084721     48.891948683136299     49.172746787446556
50.714614733690276     50.446353934170560     50.757106513315129
48.306586810184847     48.844340206649797     49.796856849930066
48.100936547960160     49.053999244212328     48.170449319193182
48.810614165193115     51.227810568563790     49.105412116588852
48.892487678198478     48.361489668046715     49.897056212677001
49.110427505568225     51.646434212897304     50.120485670258887
50.771219085717398     49.397025028622394     50.323178360377582
50.472031608193397     49.497027210684621     49.235635221358464
49.928135088680882     50.782118786708374     49.398865633272820
48.480936769342165     50.637278391616675     49.032996288412477
49.806845531569003     51.021211057455126     48.723756548518509
48.643287310207647     52.058869593114231     50.623726794608402
50.835902241657237     48.967134668525091     49.214301706474522
49.388037403237981     48.226095306807032     50.240509657601763
48.158716986170901     48.287843408801685     50.050054285857129
51.389491464860001     49.750889027363868     50.280601005305726
50.467742326918120     50.431809566911710     49.616886829937464
