50.000000000000000     50.000000000000000     50.000000000000000
49.971215598480555     49.353687784143538     49.583467327631283
49.999966826159977     50.519918273699538     50.043622741529063
49.542243563827093     50.850195585520638     49.766246727614728
50.306114170944142     48.884396444898208     49.523946196081276
49.461748743616724     48.839042227860006     49.510011392431309
49.327607111766405     51.217376557653779     50.180871890715338
48.991330870867060     48.473597382717109     49.311477728769958
49.285211065090145     50.418950082171115     49.746474244614937
49.000538652665796     49.291413194976428     49.038509910250681
48.925552463053037     49.829656162287478     49.044713630221480
48.527929260886459     50.356103455583657     49.217218642819176
49.264962159251368     50.280219749010421     48.619107747034803
50.614120241902114     49.798359026662951     50.332675811421367
48.806545898345739     49.521217580699457     49.740693567254773
49.430904671881464     49.554860043403238     48.758533341796657
48.882996252363014     50.167651171843545     50.251500360993873
51.075921432230729     49.961076956492725     50.064161488688335
50.586865572094794     50.518156105539774     49.887458351988229
48.847746009620700     48.122736596917100     49.929587978929234
49.318651885172784     47.909460877210790     49.228345446445019
49.968290862024176     47.495440230866656     49.428052799941966
48.872233484427404     49.550262228584288     50.373905266455736
49.414602511378085     47.625146495360084     48.700901086006382
48.831916424298385     50.502670806472231     48.794213001485730
51.011779006492041     49.878795654158736     50.640537336685966
49.497745396686057     50.041297398532464     49.443646334695330
49.851757562887848     50.382001753451547     49.012766980865642
49.851279066323109     47.959021416336533     49.133432266118788
49.655783145297121     49.494616800056782     49.222631661027094
49.350544823801826     50.803708361709191     49.275200821841260
48.616840898915562     48.644159749905455     49.784676167147033
50.804720074719938     49.535521636498054     49.572358882267963
48.189901212357711     50.293496915322294     50.556670767363656
49.972629472102973     48.203344464667154     48.530914609936765
48.389601757554843     50.717865321137985     49.688936980429794
48.114406000754528     50.195396139615141     48.596215395709578
49.281597696356769     51.242305818376551     49.576017396848002
