50.000000000000000     50.000000000000000     50.000000000000000
50.064885190466669     50.703629433341654     49.935641060394545
50.730918866223647     50.412544057184839     49.744013260440006
50.365614390998182     51.081013420129629     50.536472176986251
49.979806845301063     50.049565678148717     49.203861767328938
50.236603426928546     49.432804919132174     50.254722700786964
50.435141716356718     50.005493819022945     49.577592285299104
51.036099796865848     50.721393125640212     49.131724643606411
50.505486148768696     50.038665497362295     50.357754140388764
50.926427389643912     49.487242847666700     49.645793560210038
51.236888499291865     51.271583020075987     49.032683350869213
50.708243177794870     49.323422636145430     49.054701801694499
50.457930934914245     48.860684919538890     49.365009519502777
51.438649861181823     49.220049891430598     49.959741326220588
51.515333983435049     48.789660431172081     50.209277136561361
49.567141132883371     50.000618739705651     50.250540654917771
50.779163581454583     49.483464364609027     50.800165968080087
49.547945991651524     50.331672942121443     49.412031542024756
50.804727391110085     48.697993806227934     50.242607153014987
51.376597033376498     50.192295063815855     49.603245403538011
49.783429854132173     51.245613382043118     49.918196735098519
50.597292229492012     50.581804014586311     50.630337930285506
51.124748503665742     51.052743398483585     48.476066624662089
50.670658356151790     49.599324847757487     51.401791269927187
50.025487993581514     49.581295383133032     50.801784330972467
50.428035087633496     50.283482089590393     51.217075914987461
51.973118482647521     48.628437082929729     50.329782960213137
49.900885529462791     49.941644400233876     48.720540437459846
49.230600916513787     51.353509600354180     49.445701382837910
50.633577190677542     50.964238696047680     51.127226452112438
50.837134578151769     51.565943761004505     50.982124132050942
50.695601974620786     48.911912658004084     50.989458359947712
51.236767944476192     48.943690277514051     48.637162942603560
52.364254241890634     48.362123408474503     50.663878547949643
51.563001273073404     48.575976575860182     48.802289133752254
48.852966726998979     49.974538620129159     50.183885932266357
50.572449468776938     50.971968626658672     51.905502363125905
49.579998671149951     51.759815126641257     49.499812209147763
