50.000000000000000     50.000000000000000     50.000000000000000
50.062363900406169     50.696346956798862     49.968035444137499
50.574311178431060     49.588140417902885     49.667588549080740
49.614922445164510     49.720502258814982     50.551072253072576
50.384700221148094     50.814736162429547     50.562967023788588
50.281022310327863     51.535878045875577     50.329135820130070
50.580060709542792     52.000918333399994     49.845197920350458
50.253858970682835     49.340350525442773     49.997023792162892
49.944785810189380     50.238042902996455     50.939703874040248
50.842853990701968     50.223313219361550     49.773329010330990
51.029699053838591     49.328518441557442     49.521398903678161
50.376130220185559     50.585954348427983     51.036692203110526
50.564199277755385     51.039067730882280     51.333373297780973
50.403364003536218     49.986003171378982     50.729323779276839
49.820504304138552     48.746730585391376     49.753436933675609
49.465727581021056     49.123262919167601     49.363843077813627
50.596400135469985     49.283822863727430     50.395080433192142
50.065196527097477     48.110912935915600     49.427251542828046
50.327690416403208     50.472952576430671     49.378272234073734
51.502325218216981     49.529265796669620     49.677910631712763
49.829893315505949     48.721265889442229     50.344409106121866
49.522272212036277     47.917581804882566     49.128402360570263
51.134469640314180     52.289291374842570     49.535597273991918
50.914196218738383     49.635369993388117     50.634760244857254
49.442456809292921     49.261225251938882     50.837767543697829
50.803117585168884     52.039234185789404     49.026737356037273
50.926806336649797     52.161001493905850     50.334850559612484
50.997869818213609     51.084840009321368     51.060106469230568
50.830851146798615     51.089681975215022     51.877108713476836
50.310836244617924     51.199410385730275     49.765881498586076
49.146827958670499     48.461062252559088     48.753778449677164
50.744308436498827     51.599122945102195     50.852922979402649
49.161324028383611     48.526985928880933     50.707644390106736
49.012171553671088     50.091836707361381     50.166456818988735
48.708309956775850     48.763033579790736     50.737362168240075
50.789027850422727     50.073609729092148     51.398541017888249
51.267785623928233     52.138919679733775     48.823985462128498
51.166420885819299     52.571318286027875     48.301963121103412
