50.000000000000000     50.000000000000000     50.000000000000000
49.755770514518545     49.715459726078912     49.563967463441642
50.201970048256577     50.392932226516791     50.233130477660779
50.070167186463635     50.223308121108381     50.968044486806996
49.711959538369861     50.252194434710887     50.385985448361424
50.706004017073674     49.754316486898027     50.876741114193834
49.721244497179413     49.165601430565864     49.188218653849560
50.178196557693447     49.474046562156126     50.074348041243496
50.057110774894888     49.200327940315411     50.729313942114146
49.402407337319637     48.466964483632594     49.112958300646177
49.098241502659256     48.536278142621548     48.658778416996320
48.943986716476367     47.911279640091998     48.630776744559107
49.875798886630804     50.305740778915983     49.397592041703142
50.655252351452908     49.291399821185806     49.599145584755071
49.352955926251674     49.876454644694249     50.943621127074124
48.653660273791679     50.001740004942413     50.672392548285423
50.462709878914431     48.639585467853422     49.914493216306411
49.355278424670409     49.363602329988424     50.012325111301273
51.129221806692904     49.444436939136999     49.014733709532301
49.867234006989769     49.581830611008478     51.210676316468380
49.859659967030289     49.054964374515706     48.489743615809964
49.227508701841387     47.547667882891758     49.156246060880989
48.679458316398261     49.502079600161281     51.119302152323236
48.655205187350020     47.481734509035675     48.950871724056519
50.920827118920130     49.335059738999462     51.400879055307016
50.915341204321301     48.744966504953567     50.140964403811800
50.739246858189489     49.389320374861882     50.509063967907686
50.109074780560690     48.488468607216802     48.947538176754726
50.230962810900422     49.718062964695832     48.479888769306896
48.924029029399584     49.106952146973278     50.381338341089680
49.587944589869636     50.932441087568328     49.276133720249419
48.100858389686309     49.606399829326818     50.730789235790354
49.012280052587215     50.953717665284046     49.661724179683539
48.585429484047928     48.435585421514929     48.436538760421321
51.114662103151183     49.703018117343291     49.654160101287289
49.879272886627909     48.038773479252299     49.085981542947053
49.419078518919655     47.155398982769100     49.770436780212869
51.229470123437551     48.886089119581904     49.510065995276463
