50.000000000000000     50.000000000000000     50.000000000000000
49.939955374188749     50.049594187170548     50.649347943258718
49.560487151961105     49.586765967306100     51.030916658585809
49.717926196189197     50.737528283122408     50.021952973910764
50.156925366538708     49.259529793081128     49.861984972344750
49.903151639626650     51.376409543982369     50.391845164201158
50.038712354046204     48.815589934099727     49.671068605495776
50.038531732155946     49.220543613457416     50.967335808764162
50.641912099521996     49.778127939171213     50.690694745742775
49.600593412660331     50.602371189999893     49.343685192907799
48.938950653858434     50.666334761704256     49.407040336317969
50.813659653164109     50.260394014696409     51.246584486938801
50.215908095487130     51.312288582369654     49.989979172579339
49.223718943356737     50.658358485985097     50.123601031674241
48.628232166911943     50.830037816501566     50.076863970176277
50.506793408619302     50.054821789619020     49.570772868581500
49.567297356614219     51.040282639764364     50.902195259826186
48.723715025234043     51.524252315563714     49.773896418621533
49.595311249154619     49.113364168784997     50.215109942798897
49.268547799310866     51.135146103847390     49.753111145065290
50.891125072038427     49.874146383591018     50.261275630839521
50.294511440238956     48.872172345753626     49.050080509397347
50.443684235799061     50.939744331608672     51.041233612926995
50.902872926179981     49.611089506022481     49.288898776810669
49.649223527531284     50.813519627126468     51.428087428677451
51.173733085766074     49.689678006477060     50.686853770256370
51.261031162078055     50.810235897481945     51.050857163654264
50.818050554177844     50.540164257444744     49.941939175461670
50.646575059816129     51.556787080253464     50.571190736958705
49.534939316272869     50.156334264294770     51.642481080898293
49.934784128122068     49.055641668716483     48.620805805838835
49.453581818647372     48.552400631861097     49.342574214356041
51.147223579941333     49.684569739514437     51.225570375153126
49.525691394742275     48.129038530601427     49.063591997427139
49.296247821554829     51.185210789125044     51.572778289252504
48.928796389158407     50.246417518387084     49.123357223326124
49.245456189823621     49.959597840906099     50.252731947118320
49.122845459012950     50.845376860546025     50.709633965459815
