50.000000000000000     50.000000000000000     50.000000000000000
50.501873622867109     50.622165116570947     49.946826604449143
50.135011011256935     51.016363251642943     50.471543392646474
49.919107789141108     51.109164140089717     51.107794947541933
50.663835077165672     49.914512871301994     49.784255713986298
50.557701200915474     49.282476045580928     50.072706307210446
51.051005396745857     50.286880664261020     49.737523232917290
49.861959172872261     50.645780793450037     49.642316945189982
50.687740348407843     49.152790662491554     50.794623063319499
51.056602512792907     49.041229701168923     49.599616798842185
49.684735422038962     50.562725829147425     51.102035172826433
50.490200354471305     51.478170287354864     51.390813973280466
49.854814329857554     50.448802589735813     50.309006867949847
50.741965580448962     51.160938462622333     50.260121262320503
51.644067309240775     50.800945741029366     49.814550322523331
49.326743948913027     50.758179825800902     49.398363371568649
50.222307037499291     50.713286259434589     49.008143785426483
50.145809036151135     48.953102465680487     50.177512137910398
49.811705997140834     49.658504159345199     49.393564386969445
49.769906960760459     51.273814776511905     49.613677389753292
50.139085064504698     50.235699088889916     51.607788225105885
50.960433731221237     51.627186994608060     51.483439228474197
50.057386978653994     51.207768108075683     48.671206149532544
50.082658282298297     48.350399640345330     49.657570364214081
49.040211077526031     51.335193050862287     49.443342373488470
49.577309490865709     49.997411573520814     51.215684314191400
49.413704229552387     49.033528952576745     50.353769930592193
50.569903174404814     50.970993016881366     50.814373365400407
50.792182053865176     51.207641160779495     51.730675811671944
50.991462697480230     49.275042217613468     51.473469238406580
50.354338817899901     49.584298527175896     50.713909649785485
50.759598417819184     49.130484166798190     48.942580847740523
49.554620260520203     50.074482062442129     52.135606474066932
49.207946258070834     49.953893495287161     49.155487664626165
51.115569546391150     50.977610714740557     52.122062655485202
49.628692042771533     50.281132564780052     49.206765577472083
49.243393919774419     50.275459448489791     48.771326971694883
48.707799264861123     51.893927860028107     49.706679950753234
