50.000000000000000     50.000000000000000     50.000000000000000
49.619016116418805     50.365194702863683     50.605026083057801
50.367209520800508     50.280710402572865     50.749311272872951
50.414932657173786     50.035805559274216     51.388614948816404
50.160707112171927     49.382216079632741     51.240841454152459
50.292207178250429     50.744908376524215     51.214662463812139
49.620094486556162     49.252308076403700     51.148601781684853
49.573459073222892     49.824866032403328     49.527681853834423
49.576402056244390     50.689174590919841     51.397914223602932
50.916783455338042     50.305216780283267     50.867604064529566
49.535490530534659     50.298366665345085     52.038803041089416
50.032047912873658     48.984456361710585     51.806021109474848
50.055662311036464     49.403980124480583     49.097409840677578
51.429926092927353     50.172865516488365     51.242709692163068
51.398967289841089     50.291995844161406     51.934151583713145
49.498742571257417     51.377301492189027     51.445508302747712
51.801372188833341     50.206965154982527     50.590547175087224
50.460764142663152     49.803790535694517     49.724969054197850
49.820168232653828     48.600348355840879     50.827130514272213
50.186753465641829     48.314416173918673     51.428769987952720
52.166665858523999     49.642787105002206     50.244290742431289
50.751535064177936     50.839864201773608     50.988334712160373
49.213414961478222     48.581652532956305     51.107865438768833
51.494151177510751     50.511100789729788     52.551929397529030
50.213634190088449     51.164680865751059     50.937428205250548
52.092008187745002     49.835737649979421     51.554695418248087
51.910012799663214     50.277313495618543     52.231763044153901
50.513827705853423     48.074336993078326     50.908953685127933
49.891136397653540     50.340869047571616     49.155063124049271
49.722349029883190     50.406565001617700     52.499580136021059
52.141059615601854     49.587829030107699     52.174763175291353
48.990710813072994     50.486962044029482     50.960960339868109
50.353869694059370     48.700143612449573     49.080121025667978
49.978255453284746     48.860178749394890     49.606958814349063
50.636480363366701     48.733963779953150     49.984141290895593
50.914555026477231     49.404746513326863     50.174323198348091
49.426841607464688     51.987664945202937     51.220926985191468
50.184719140992733     49.989855315593886     48.762175183112426
