50.000000000000000     50.000000000000000     50.000000000000000
49.648343473040498     49.344400494453090     50.257668240146671
49.642195156674362     49.210189520461867     50.981284040771477
49.233208865689832     49.025151570210333     49.845640002048356
49.736876788102251     48.710850257843767     50.151112997595504
49.901962295919418     50.438387096029786     49.651875147629866
49.616175124982888     48.746833106133742     51.567187540952816
49.379924366289359     48.004516123758783     51.594578250710704
48.954208483407221     49.601788484537252     49.609265826498181
49.002217700938346     48.277226287799422     49.935873034523354
49.109855836444559     48.058918396533151     49.178641259393011
49.749463538905474     48.888609718715117     52.090817464279979
49.670363113433858     49.405895978867157     52.651587162808433
48.267578997047458     49.726236854305121     49.827362799527101
49.651617999520795     49.300083947758935     49.472960101367505
50.009921188380794     49.061104495550033     51.638492773629551
50.348840025366954     50.366647868115557     49.150278974320770
50.345285580291566     48.797277622552414     49.795721197419397
49.939513164953652     48.283866774759368     51.062170957034766
49.822951402747648     50.066492133566115     49.232682878387727
49.873748789427708     49.578793326014633     48.853422301890078
49.114907444837790     50.223009323812754     49.750851121046402
49.940695752843006     48.072329921304167     51.801653271643872
49.239662396299515     49.166013211508776     48.648849925834348
50.586974868516727     48.794619794615492     51.314032626036465
49.476264706950261     50.819834047105637     50.182414827345653
49.487018494503921     48.525606796055385     50.760505413167962
49.988543139522925     48.213104712306006     50.468717509949457
49.679289570325466     47.584701390179106     50.640397312925515
48.904975722824936     47.759608857190813     50.095690511629130
50.016901479749286     47.742529675069363     51.416121520648346
51.050414279029148     48.161792540929376     51.133871031500128
48.996386753637381     48.098508855869355     50.659106347510658
49.537775706029421     47.045287528539347     50.178073662192411
50.562278220730562     49.446039915334971     48.467639217810145
49.346498976379856     48.828891043306037     47.951960400933345
51.061148264019678     48.589891010077046     50.720761391292804
50.690341023048376     50.715198879736853     49.645672605600915
