50.000000000000000     50.000000000000000     50.000000000000000
49.385543303326877     50.131390778720871     50.214577149106937
50.236664927821693     50.639257073747906     49.667898391353091
50.058958464943871     49.519090412998210     50.344057069122009
49.815257675193706     50.525668476340236     50.717538428748711
49.160489968736286     50.852505655840602     50.841489819583842
48.745678141881413     50.555747966396638     51.030517562993694
49.267081926698829     50.044173704698132     50.750804070650958
49.971785862160878     51.156280549811427     49.331220426996559
50.320662906102662     49.323790805964109     49.660142599863285
50.298201752406399     49.457734642259069     49.047506459050084
50.166697106747627     49.304706638847918     48.581982216103846
50.052602147675110     50.104870917100925     49.203576125516349
50.297434661084154     50.838732105315472     51.180031827508039
48.932241196087823     51.508931892141447     50.666955945428896
50.420630992971255     51.633279178300235     49.488523181523732
49.762328115105916     51.251390299143168     51.060606215592614
50.894512520713974     50.608875084561028     51.543128879093672
49.508565545491855     50.755493563231653     50.089490687469755
50.758730036082319     51.313927061724570     49.712853594502484
51.301612115730322     51.162545603268697     51.924095715526285
48.829964132817352     49.867759913164065     50.557658922249473
50.344987920058010     50.846233101504488     49.185726624620841
50.992624634211403     51.683572980835194     50.260101059412577
50.386763572981664     51.929561317638509     50.457109835679134
49.445260127166030     51.112539454148745     49.062271867847606
50.891670161295366     48.990580573204497     49.311266073061880
48.822258775537769     51.487841431948183     51.227247350578423
50.464248041068998     50.060225198363852     51.711287967911630
50.801958409691515     49.537671256127204     50.348712637958208
50.320106350541444     52.480943762737112     50.496364951121315
48.376026487658365     51.152462940425707     50.644294735210053
49.592532673001003     49.356517806601708     49.359487639027364
51.125420762505065     51.836207584579014     52.216368815229821
51.274485026129675     52.195329405677157     50.602751277744190
49.824250403271009     49.723639794516274     48.937790607066603
51.323514895088039     49.722741757969658     50.653080423986545
48.747808772106964     49.877729750220830     51.180390424680056
