50.000000000000000     50.000000000000000     50.000000000000000
50.005399004369217     50.316414693072431     49.501990650170676
49.329317168997740     50.285421796947723     49.072535868703056
50.279592111974665     50.481937152424692     50.520709305391804
49.714988768494422     50.478708285274585     48.445874697554935
48.728663137792772     49.845310742421475     48.860009051976363
50.913408291934282     50.444152561803300     50.702780741226384
50.512833454474737     51.171042759616995     50.491452377817083
50.666891127538072     50.282325141099619     51.282106333095641
49.899771387710963     50.912644371532991     50.138398900997522
51.008316698237330     50.952704262699946     51.041824722103918
49.091224482759429     50.170082399998591     48.059208051451037
49.581055761556868     51.219268706194285     49.635196055964784
50.084831374387377     49.510605255383723     50.172000926879889
49.182781720368368     49.915647756646862     49.498631102342429
49.023909207187955     50.657347647898767     48.474079024668470
50.142564644650641     49.898532564729841     51.242510662437411
50.805711260673725     49.167278742139430     50.111991259072774
49.137230024298582     51.779306683399895     49.573311541761235
48.174554785506920     50.304538950096486     49.051582939714386
50.042929589168267     51.306422662343152     49.348473356237967
51.514653941375542     51.018409513924759     50.530197571220576
49.480929636777049     51.105828025284630     48.590497723108719
48.319648100367090     50.248972339151514     47.960660599773099
51.308517610559271     49.632830302224178     50.030189713251360
48.542645807174253     50.030014362131176     49.602020529998612
49.750125941804619     49.746366521620637     51.903204948915587
50.217122122715388     50.485752428913806     48.348112835854614
48.614096016712793     50.172838473135741     50.163556293501401
50.540834812510901     50.152191195785825     49.508340413827007
48.845497818196478     50.366422620242773     49.317660256649447
49.668210066158380     49.818415341025485     48.960933612375833
47.675445544954705     50.440268920224284     48.240593111605769
49.211490072018542     51.867452828658969     49.005416493694682
51.584761463455052     49.093987217710918     49.760914573765021
50.941758829339413     50.266722960253212     48.353140266469403
51.472046775978569     51.479766886344130     50.333682176494769
49.660480114065997     50.781786874981314     47.887633321507224
