50.000000000000000     50.000000000000000     50.000000000000000
49.827006403696082     49.880026625090920     50.589172813470491
49.579878389179711     49.951283170255756     49.691694566480010
49.104920799950932     50.280979810042567     49.946422888171675
49.042592470801040     49.653771447976240     50.220343160391977
50.497191829114939     49.978276891296900     49.388874025010438
48.889259015932886     50.247856823458427     49.215474329151434
49.575999493437664     49.419129859370926     49.276102166174610
50.956244017819344     50.220015071489399     49.993007402263906
48.285370901715183     50.459266075766720     49.168102676524619
49.242536495756461     50.135305219348865     50.565276147976611
50.935428550659964     49.690629855521578     50.122264070022091
48.491219439183332     50.193940311989493     50.095497957683357
47.936300807350577     50.127955987448310     49.396737497833840
48.240258025188574     50.183607369512046     50.536603264478401
49.729058156346106     50.050909120433566     51.334115922336977
50.545674086481654     50.405972080189471     50.370657054087467
48.152170648345844     49.790672243651279     48.770716725542655
48.157959812433496     49.623275925582455     50.446055307780277
47.887974291379408     49.380286388185475     48.169380185657296
49.551680733283547     49.873850323800632     51.984560475973659
47.947369428623617     50.769170107718296     50.092383060597847
49.984914038401733     49.975551586686741     48.799256869026024
48.044345851304627     50.387262914272569     51.254478791098563
47.327795128365466     49.527258922916161     48.422412497097405
48.602212563211516     50.026359198652415     48.783975852914566
50.315101470377719     50.148339871703243     48.427302069085520
49.239634460072260     49.887269586295453     48.314250338342113
47.626357237464148     50.976296828425177     51.391985007108090
49.414563742715742     49.313928161307608     50.847365408554587
50.188573866215279     49.543246588532320     48.145682812104901
47.661791065163747     49.217026161082188     50.607131120145254
49.539756444217133     50.803903361602451     50.545742703763246
47.536796217920191     49.546951547906687     47.676945369981354
47.268195671605767     49.745443701473910     50.644821341588468
49.975746007633937     49.104857211515679     49.667888915622001
47.902398531243897     49.213294403305923     48.683925575923539
47.505771586220227     50.559120132008125     51.929185262175778
