50.000000000000000     50.000000000000000     50.000000000000000
50.606621370674894     49.918652287099263     49.724640275372707
50.368480054576025     50.378312831401104     49.336239336868729
51.388600056041490     49.773889217367241     49.778576948604744
50.147357545749522     49.588430032063016     50.675836504528441
49.490910824921883     49.915050625219436     49.836117365469811
50.540556486855863     49.522864514262018     49.335281021650893
49.999726017727518     49.323681039242359     49.900434738293526
49.876562998015160     50.659952282082109     49.149886936051871
49.575747064391962     49.780449947351890     51.137448463663837
51.571818084119307     49.516918670405914     49.332420876730716
51.407697585111137     50.340526026513515     49.991430287979270
50.314634469529928     50.110201978791146     50.576761876642202
51.346359033350389     49.539065257978947     50.541065902736186
49.500646142828835     51.250238204531691     49.156223763667647
49.294782930451625     50.833104051013798     49.391601625982226
50.531155557520044     50.117144728039378     51.266623451024884
48.770986414742893     50.330130505555758     49.607685851369908
48.930977295466896     51.444634765053031     49.690988421274973
48.277635952469637     50.043393984186366     49.491633451581954
50.127498367927487     50.554102683780464     50.235959471574262
48.382488708396728     51.044824228130473     49.440262349994249
49.249949105212629     51.866109016277740     50.031566672675964
48.699777204096165     51.662457102729938     50.280785847360008
49.292367550439188     50.737743326096293     48.824348171607284
48.352094892560835     51.867576771979969     49.840941286201712
48.787293681754122     52.379402411949869     49.569095337878998
48.896106360924691     49.527027691239702     50.152734186426180
51.015286793045966     49.909464419043914     51.085487455646813
51.502679571972969     50.193336927277890     50.636050429692766
50.883987630554010     48.910705557150642     49.563938809722345
51.106079971166295     49.025315062264490     50.403507199605265
49.470427863224160     49.998418495928945     49.274935784099640
48.886356423901937     51.600500117687709     49.095091342457550
51.466100617815371     48.660860158237242     50.751365111101009
49.537712787859689     48.893775067677765     50.188240430307836
48.553426175845054     48.954851795703966     49.711742459517183
51.075842074159681     50.569605200980824     51.351527203949381
