50.000000000000000     50.000000000000000     50.000000000000000
49.630153701769729     49.600193448685808     50.367049833058971
49.851420493746261     50.686449609216744     50.069415551398251
50.478335940611110     49.686135320560453     50.351611863040333
51.083565560969781     49.919486903293596     50.428018822670516
51.759055103157763     49.833455281682696     50.658889912723815
50.803710676365490     50.294246147949181     49.829897103111193
50.730809473355663     49.293952198219699     49.698441351676252
52.299079609529706     49.590734459966946     50.600150715348896
52.031402408647480     49.373598562634726     50.191110617743966
48.911724660318086     49.483197513256805     50.598768740918189
51.096960673787123     48.808730831632495     50.128203361249426
50.593222302129846     50.161164235007391     50.712496438188502
48.674453193386462     49.570059243990663     51.318762682158606
49.384508679740193     50.053655444849824     50.016015570483795
48.789640518203441     49.340111936614193     51.971789819198598
52.289195256098999     49.505758583225493     49.653953833390098
51.263699904423596     49.212278385494955     49.518203896545344
50.252672764232720     50.998044793913152     50.514854164978871
48.186890208757660     49.768328876864530     51.522879802472495
51.209758158305696     48.219045372968850     50.210148214139053
49.338600818336467     49.912776247032809     49.502241889083287
51.720495120759757     47.642037583704891     49.991511483314973
49.804684187876390     49.582051764663099     51.114034868847774
52.230317598670155     47.346747470679034     50.533548271032053
49.703454000805756     50.652397585390830     50.559984285400333
50.824965698795573     51.274373007586092     50.740115916576762
49.490105478460457     51.271619269837849     50.403257608471854
49.758819601112911     50.928329401821571     51.266639253216951
49.243982464382611     49.607666439489201     52.416885316356350
50.267144281014446     49.793579252827328     51.495429570236098
51.903209574207224     49.265659020954423     50.679591614690111
51.003034656950021     50.599710757207149     49.433700097504335
48.827396351241468     50.078072555642009     51.791532265548518
49.684016051119229     49.457315789739859     49.146195068045650
50.246788515771556     51.500596154219366     51.094632295607695
51.094741278235439     48.228190305820121     49.642142000194184
48.839218797105858     50.395758669125001     50.340482576562763
