50.000000000000000     50.000000000000000     50.000000000000000
49.702762703508988     49.337427699126209     50.175696389371851
49.883468172122811     49.521054817087787     50.767605094035375
49.458778148471090     48.793982007864258     49.753810322762270
49.976781743121990     48.853941054571287     49.315192375689364
50.408865760118964     49.453578352813622     49.897499758470722
50.560626479576484     49.758396956143990     49.217272142691662
50.438123482477913     49.325297928055051     51.317304541543407
50.501643562463350     48.656256532383260     49.351518110620589
50.548261301377309     48.799435105767451     51.347500287231497
50.871325359143256     49.426067471152514     50.692673382711426
50.661436807903968     48.197156963244261     51.024936721519410
50.180574514040678     48.052166898956365     49.708229091380701
50.681114368036440     50.092069308491638     50.963770900247710
49.511858314400520     50.220846842331682     49.469161220485283
49.526036588889554     50.481902512200811     50.164948241891587
50.855208470752331     48.126773388583800     50.070054994934587
49.342173577075833     50.511543693618485     50.893181369859093
50.088114169356587     50.006025301968783     48.823094801549026
49.895947174181089     49.404979985844108     48.754707255635509
50.257162473340500     47.732845045251828     50.771709251611910
49.661714522288371     48.267503668893845     48.984168068919807
51.041157551440300     49.950536076139052     48.693942203200663
49.077166307401654     50.395994700550695     50.423406419062985
49.489234263780737     50.824204438767381     49.462761139083945
51.010845947921759     50.151112268643637     49.563187821261231
51.426281035846500     50.602609136832484     49.201390184900184
51.348383098586197     48.132437054124139     49.742428201042010
49.964194079256544     49.387502788140715     48.130310597757457
49.172475787822847     49.320255943115697     50.690534506777027
49.169941641974482     49.301792504522055     49.254309563942684
49.839003351502690     49.128495575558915     51.227947217258091
51.285807628789648     49.002808248777427     50.460621517238408
49.581799684833562     49.839513358403948     49.141975712238661
50.719447272162782     47.725218027167926     51.623801102527416
48.813830654491092     49.741403289204904     49.569666234147434
48.941832608014522     50.800383797681882     50.140658146400156
51.746166386224957     48.818528826314534     49.924154022431637
