50.000000000000000     50.000000000000000     50.000000000000000
50.510663257305389     50.025178444430914     50.207268294497958
49.808335535929167     49.443855944732420     50.444853228173429
50.417376931508407     50.269187327183424     49.395479430942594
49.487704871201764     50.030493676841111     50.374976295863256
49.285694289596343     49.379006983586386     50.243731329664136
51.057629610812128     50.033489400076526     50.175624352825302
50.630419877725146     50.945937753020047     49.238013852282627
50.438251941148600     50.701879445229608     50.121080152633127
50.545100496479833     49.600079434574454     49.348438117444431
51.259119927683209     49.371627133051412     49.538084231469576
49.900275596258510     51.042433756397017     49.139877140029576
50.873388849604510     49.911010467590899     49.126757273123438
50.032423115867161     49.108056881930608     49.614566377253439
48.931436388296945     50.166476118198077     50.862449979669670
49.085451907147565     50.792820217552112     50.548419222334410
50.646216581089170     51.091806287355503     49.790476524824662
50.407837946765063     48.946898198508670     49.316747048349335
51.335835858891890     49.716940703589103     49.158038964631885
50.332555801508150     49.485027977914847     51.030346069275502
49.849263678599833     49.647506447840620     51.563392054308537
50.904229155415713     50.395963019038120     49.873132706143608
49.691784915015788     49.168666529875800     51.090865450031252
50.297118530001740     49.551543588678236     50.491906217584159
49.770006070859054     48.651680207666836     51.510453223439107
49.010644994736502     49.343259355129597     50.777727962983647
49.574163264796923     49.663517016504905     49.451584982506375
48.717674754352096     49.774958714814403     49.866012678973362
51.294925519289826     50.982232180333781     48.892290617642473
49.618032350031314     48.443332479018572     51.977303943756148
48.069248379199699     49.522215333945326     49.522612733951696
49.042311419926854     48.837289057464780     49.829989094697453
48.690838863846693     49.981346809483988     51.357236780607373
48.229108370269842     49.715595803762589     49.003642004997090
51.671999159336124     50.075823265672497     48.959521988872140
48.006572876242437     49.526312325189451     48.292394696908701
51.830039853889787     51.170978429096898     48.736091348082091
49.701383540722752     50.061098959369751     49.141148236292672
