50.000000000000000     50.000000000000000     50.000000000000000
49.907178793013657     49.447302394134276     49.595861487465278
49.329584025416700     49.163716176598243     49.410915006446558
50.196077015481940     50.366676077542017     49.668191591147391
49.091411886665185     49.616818981179044     49.166698748783091
50.355103806298452     49.181778698832396     49.223804070507974
49.724329372677417     49.548238317555857     49.030781006443050
48.857303207856319     48.787607724913229     49.042147527804786
49.931411579866413     50.209151472929491     48.911896861445904
48.583056421339734     49.775737251105710     49.290852151054679
49.561566146364029     50.520792966255954     50.303638977834254
48.761050960965264     50.441506459992411     49.589873075668606
49.627270958048847     49.197788956556963     50.211188307500585
49.636014006788074     50.542827304774647     49.203700313538732
48.338089237062711     48.490161075941778     48.962351909416583
49.979610660832911     50.254508774337516     50.464611186418622
49.144799961899267     48.595627912823836     50.384206161409530
48.372169031784289     47.787255163565725     48.770823146433131
47.914963311006566     49.668187284193841     48.865028674830540
50.532919929793458     50.058243483756428     49.146073476592512
50.288719165458765     50.383505385007176     48.325588434078846
48.503130658607517     49.600383734038779     48.442413697798585
49.167699295926141     49.303639234448703     50.843266779808665
49.888560248579466     50.038465560485918     51.118337112706961
47.584579310308683     48.275456598594907     48.929601239591669
49.967176089914808     50.905409831594262     50.332293871262067
49.844670400901421     51.616959640430473     50.417912656616139
49.265434160732703     50.575043789818452     48.788232577932064
48.163372101886011     47.978779439880512     48.339969636470578
48.822614822522553     48.446692399255483     49.888398934073869
49.743585792585584     50.396691786826473     47.769107737405704
50.277385626508490     52.149091231998185     50.363447175154072
50.337966618156948     48.576083243850697     49.292676370247904
49.702492008823327     48.343743654624276     50.159020150295788
48.308235630930923     47.266771642505098     48.342790918382072
50.532721293267542     50.992185723109841     49.866721847988813
48.142344077729412     46.765408079079570     47.983961817023896
48.639043855577825     50.033905520112803     47.861967836134980
