50.000000000000000     50.000000000000000     50.000000000000000
50.354011603457899     50.157566731904637     50.458447233002524
49.741315281789930     50.045076364747324     49.274781573016099
49.669164601488333     50.383903935757012     48.893537958476323
50.762709970112326     49.829409253098603     50.981982773705340
50.701054157926293     49.888860277475231     50.119878312021626
50.661987608752781     50.201879878135188     49.648660611308081
51.061011744594289     50.131727440880162     51.543883237367467
49.464975375100401     49.789741773894484     50.169418796745667
50.427352988237949     49.681642570928148     51.558875265298838
49.150409656901395     50.096713332247454     48.693162228569236
49.789172854497501     50.047920802173493     51.882336936541165
49.690157718760531     50.728521697444684     51.791082663632110
49.717682583688941     50.003558799555996     48.258020910536708
49.455300653930195     50.392652945065940     51.436276801321775
50.552515582248354     49.306168028837128     50.858536891207955
50.282771006946632     49.330268037546425     51.951654480309323
48.998589380421741     50.594399473218679     51.029929698958448
50.371953898269304     50.121613238840879     52.263512754447099
51.078393383939066     50.574775700659217     51.312806182290352
49.650248403773638     50.493949342092890     48.196774840564913
50.864134644519567     49.404704754693896     51.750700342760169
49.561289603924543     49.180345559059653     50.031657364212990
50.080641268388639     50.258745243937412     51.099966772195202
49.272391551564134     49.745969126393611     49.375188226692920
50.936230534772733     51.173822500872738     51.685772055799468
51.149969026061619     50.113378391264412     50.647769852726853
51.507882251716715     50.942299466760566     51.569236530402925
51.151149752968308     51.463914891532930     52.064891094786688
50.985384854682444     48.985183134202273     52.338074053568477
49.385088748423023     49.307729607779471     48.816974406727283
48.445050356079733     50.471822738306130     48.745411113265490
47.928023866486406     50.078383312121446     48.691892291883292
51.068489872166104     49.500329672546570     49.772214958400902
50.214866593652246     49.993099894246470     48.427538547674033
50.915140936961912     51.698035141336398     51.143484293540183
48.141031212191024     50.823872290332282     48.544178488974538
48.740762024460878     49.262511083950209     48.386193335823243
