50.000000000000000     50.000000000000000     50.000000000000000
50.275623634734416     50.547327410982007     50.026163474745019
49.973756031007696     51.155734782308386     50.086845318391838
50.775045495665793     51.006853256618847     49.642748872203271
49.873669581902263     49.952757989992598     50.503346443614333
51.251670387050588     51.039469697128872     49.148231522228819
49.211794269829070     49.771187623081047     50.750242073534451
51.253480480456375     50.991501839255861     50.045532974120327
50.758048357677538     51.593904447725066     50.118723352337454
50.801795408880643     51.116135751033760     50.386604346985465
48.872390041490483     50.180093185352561     50.891348617097592
48.952807850011027     50.249214264805957     50.102922272792114
50.414405234114014     50.844833005148246     49.115762733162562
48.750368709134968     50.925441343774224     51.098291061851207
50.911630670718445     51.637367736109397     50.732330553659907
50.942482607287836     52.292846809210666     50.740019137868913
50.170905315073178     51.820142119624890     50.549177897364416
50.996222276395514     52.442530796840870     50.002325153090347
48.424071559409050     51.624160924489090     51.022092205233093
50.495443011917310     52.283403814209386     49.716415267859645
50.508916089118365     52.721355621901864     50.630988615799765
48.369387874342664     49.838099314981918     50.722867434921213
51.882855082790627     51.086764757223598     49.545287334530329
48.324804710196091     50.333961408010857     50.243803218600334
50.718867185273361     50.912945289084512     51.073539422548464
50.728013094789340     53.422929772203865     50.704904906049975
51.399310582891125     51.391693979019017     51.195721828191900
48.424800445402788     51.584496413862269     50.518775249335789
50.766112404928641     51.505914259404854     51.520888631401547
51.199188368094234     50.993000516732181     51.429657939618295
50.507658287137943     49.764403648949703     50.460513371590956
48.922567332180769     51.028614888704581     50.228170939248379
51.332114394931061     51.883346201599778     49.891063280134361
49.341527489447316     50.654576771726283     51.470259718596026
49.296603711889965     49.772907021779965     50.044635063959511
50.226854960880033     50.531685811923957     48.622343838584847
49.396214307488407     49.274134654244364     51.311395468971753
50.077181771247723     49.633836149464010     51.493072159233677
