50.000000000000000     50.000000000000000     50.000000000000000
49.282048640555359     50.045097743883986     49.665592479667509
49.559843905297875     49.539866011537534     50.280464672668714
48.551046587946232     49.975584720821587     49.456984375802996
48.323822640097006     50.319401568957289     49.933246619256451
48.839528982464209     50.501716725641010     49.286000972015380
49.086280307859127     50.797385067491199     49.655228269606454
48.410254592976784     50.593773917787878     50.562059806397180
48.515289445067758     51.048335522523821     48.909178845117687
49.481955916452257     50.637585265089548     49.123220115839771
47.794943718643104     51.142294656973291     48.731267502573651
49.995082711194762     50.548057271069347     48.562128128856067
49.517982424051468     49.907983879174552     50.739486732540449
49.790950759658884     49.144405467791742     49.877690526275124
48.699790119640909     49.948599171338294     50.031697429262486
50.368951381238183     48.972527429780627     49.391744542421335
50.085084784641388     50.588869411153091     48.001862010029789
48.656513853578033     51.294519385357873     50.324824548109540
47.941531639699214     49.958628038981573     49.754701438959579
48.895196220549259     51.621345144701550     49.657333739029184
49.101478485555155     51.111475518955430     48.804077545837238
49.308405033493720     49.643887991609269     48.999451747656245
47.498247306457863     51.595540544567186     48.457728595731865
49.983043053956436     50.257429919672013     50.665821922635224
47.644509718509951     49.224212367411795     49.714626354251877
49.080073630668700     50.634623529591735     48.176728610026686
48.367911781632102     51.657600655081183     48.495480258988096
47.920675484912287     49.617626679727458     49.070424035944633
48.123643203310642     49.168052146181992     49.942883288261257
49.082741666094357     50.554632562525718     48.762055915012233
49.540429121810888     50.177482483178970     47.973268657414351
49.812077318115072     48.907795601079457     48.817681871891168
48.905214444173438     49.675898940819962     51.059145836583028
49.092355456648470     49.338645746823076     48.642385172785623
49.663329257717514     49.798382972289531     51.203293499609110
50.590822471650007     50.060206669689926     50.796348374474725
49.569354664562404     51.217576715828727     49.723529910250555
48.265024668181361     51.869357313622615     49.679555438657964
