50.000000000000000     50.000000000000000     50.000000000000000
49.999266585937129     49.928208503344855     49.333677304115803
49.789240498104562     49.383126530068715     50.165161591610868
50.257934928985883     50.395968263533007     49.092441112876323
50.849197150347926     50.630738942922697     48.685895641815115
50.925643762585963     50.048477296846961     48.163352746520424
50.870468529876632     51.101246324754591     49.333586920873238
49.328551430568965     49.582386625179133     49.503901210960215
51.125545660749431     50.761147171341982     48.072758550528540
50.454429432637170     49.198836245920077     49.993892705979697
50.745968783881814     49.521634688937965     48.503448430250941
51.711139219639044     50.942499852512256     48.441827028351696
50.956331683287459     51.221343144898647     48.745705284070311
51.547811329309575     50.834515969029184     47.805369152633304
50.246580570301830     50.533896485409024     49.696419327772929
50.245151711513920     49.566795466497481     48.759808988061025
50.188039437988060     51.174317480418779     49.130643712586235
50.691843783296044     49.090198806490292     48.259283842676432
51.367166031002377     50.555529412858995     49.234029423030876
50.684223102053267     51.668119748879455     48.192045468105349
50.261967368233563     49.661737256809985     50.253708826176911
49.673875030656490     50.550260054364337     48.692174449624602
51.737842247199509     51.366811959859703     49.045653429947286
49.671851125919453     48.668476356886245     50.372744385821264
51.675611633317445     51.790770647403356     49.388457829498918
49.158403131507797     49.312139544629474     49.059746283833782
51.958931780597752     51.109356385637511     47.422813248622013
50.348583862300210     51.013609308467146     50.326111950730628
49.681809873393370     50.713542789376454     50.542944689905006
50.050004607955401     49.216032646928504     48.003085400333582
51.621573378878665     51.436561724268792     48.557400329296122
51.704099536474821     51.501222749927187     47.702363277306276
50.431142375824898     50.477573211653215     50.235487688492391
49.113366985883893     51.075601961339018     48.669029618194926
50.485913086446068     50.284671720428264     47.917905133555792
51.097861066246338     52.206743528031751     48.472953988236497
51.252009705721861     50.138766573274822     48.905660235688835
50.912666852725764     51.901382730211516     49.008444067339610
