50.000000000000000     50.000000000000000     50.000000000000000
49.849779040905929     49.507118214825006     49.536447435034759
50.615957885124452     50.173600335225601     50.389955001434721
49.620170021902879     49.157956602918610     49.804350019912164
49.690457845064628     50.639341595702142     49.951624056569429
49.528636931734397     49.940786143943861     49.006592714527365
50.821368227510398     50.395221159048624     49.730371723007408
49.757634608876835     49.592628803260034     50.543569861492763
49.691694277547754     50.150399114152819     50.988432604958327
49.147447472652260     48.799342963200388     49.475497227565839
50.278469317295070     50.850218425356744     49.419589782295226
50.481657158017285     49.050187174094596     49.487916772182849
50.173064621936483     49.478517496050920     50.108563777140404
50.201922174473182     51.421046221789133     49.575530529692003
50.899683946102812     50.928919992554640     48.913285605791984
49.227215701118098     49.285416311905728     50.302986819894180
50.718326125194785     49.209409066880973     50.607747233599270
49.318672624662447     49.386145967878328     48.698292004169701
48.843710778366756     48.863861542356418     50.116166435932840
50.428343003028843     49.272851965287110     48.939964226827300
49.080796072919107     49.868649770948814     49.438800826621623
48.945666083658118     48.480481140593078     50.566578997034334
49.042448694776816     49.145182811413918     48.090321883937960
48.558800051888426     50.000456168850853     49.796549141830980
48.395465119070884     49.359047620060508     49.422301929217596
50.096086832990181     50.754799482933187     50.886249690639687
48.956027327497694     48.651440478154619     51.339490808539310
49.287066494021239     47.959000483158498     50.081696530042066
49.375276803212337     48.135806798392245     51.659447961548679
49.176144708561267     50.437149186559004     48.974718425937724
48.189259724529123     49.274746319064768     50.326304156966224
48.925758681303016     50.163172307410811     50.893461603848408
49.701791164905472     50.403330440287817     49.460832655958455
48.004578534436732     49.594851023799350     50.866419369590716
48.905203612104899     47.938743600367680     51.792596197180686
48.921137912537588     49.215605999636935     47.519198504289612
50.950538103641229     49.477166967551817     50.118231369347797
48.629730806761067     50.121991228688060     48.907778278171122
