50.000000000000000     50.000000000000000     50.000000000000000
49.659819178721108     49.327980410673760     50.026418305858968
49.944267814777440     50.280707510763776     49.367641240997216
50.349220775309263     49.450119541913345     50.063539688964589
49.236804131431441     49.324061274152861     49.652397949022259
49.975001881530858     48.743138477000329     50.420337983767972
49.877394195693093     49.398722106204048     49.559100599431460
50.483963348381430     50.320066008646101     49.520780803333714
49.421705478881002     50.635159202994224     49.733954243921488
49.483269582357664     51.087247067605510     49.092487794747079
48.756979258648286     50.551823553759185     49.775404651959938
50.956621432819432     49.583270478434621     50.019057342963642
48.576742811251997     50.674622692950805     49.263703382271544
49.393564690609118     51.598440121739237     49.202432577729105
50.955917618293363     50.327185734250094     48.951720255471486
51.236488362965630     50.642016049661450     48.643899500168907
49.797827081726638     48.649738515902882     49.591808733736535
49.551309933866335     50.402238125373579     48.741803791490284
50.820904353919452     51.113216836138278     48.624613293393935
50.337173114406170     50.759901594044436     49.021455351384787
51.070131908143679     51.389410016586439     48.060074380984624
50.243721689782326     48.852588134366925     49.871813247965569
50.215012055215219     49.244289108590586     50.547752282812056
48.150842056485303     50.060575361470420     49.190618051874409
48.992769282886670     49.323119863901944     48.980852148806207
49.697619068460938     48.869358338099758     51.006130590871066
49.369585375004149     49.716278302007446     50.648546921477610
49.321066419517848     48.201341208273647     49.846318888302228
48.896005167285836     51.350232777976672     49.376996979210098
51.311364080789197     49.811433146718898     49.232523791202780
49.858143546988174     49.635425949673589     48.805382073674728
50.369757661937292     50.623544918421985     48.494992054891867
50.248389307630063     48.233424422198595     49.658152850578766
48.943302362472011     50.361676480269253     49.044150339516527
50.699468199962347     49.056861414881475     50.372493766556715
48.910894984902058     48.639315675569861     48.904947195740320
48.133120309772480     49.338840791257709     49.407047092739084
51.329678286710759     51.994175032406858     47.834161099689865
