50.000000000000000     50.000000000000000     50.000000000000000
49.805398335305249     49.447189896738017     49.509671500796323
50.601032419262971     50.085413767406891     50.400674450892289
49.458223610647146     49.352482507588917     50.016930612079136
51.134382720887878     50.441457043955147     50.868858124673693
50.094320077388083     49.425459423410437     48.805283812420328
49.370123429656594     49.204337620153645     48.576898483945691
48.846625051986912     48.963760268681973     48.860994184468630
49.052747495557540     49.756982196990919     50.026063485677874
49.567870706450286     50.015920355206021     48.786856578553021
51.577893036259766     50.606220676623643     50.367099834859637
48.911942813288746     48.398669891668035     49.122953414977765
50.014617244329038     50.071838308811600     49.060100885741520
50.835585127962233     49.545044879004351     50.565714210160280
51.732428068916036     50.427396932660301     49.612063564628215
51.370761737321061     49.621226107477419     50.467190322889870
51.055691824734588     50.457373737265236     49.280245528157792
50.668015773283628     49.435752415136854     48.791775708240429
49.035681736571384     49.306347595058263     49.583577771411584
51.920458624154534     50.721712636936864     49.124460346686917
52.064127396754721     50.488730930185490     50.209266849467404
52.314150019161808     50.116151644211051     50.733930722010008
50.961244944575228     49.133339493339399     49.903249499467236
51.879558026359376     50.075978599550737     51.380291625727281
48.989233373715244     49.743958765549479     50.760383751299969
50.769313105740274     49.845979774057867     49.777718174686441
51.507194037255097     51.136504884340802     50.628510430646308
49.819987079405216     48.911084071365245     48.064588452407364
49.616605663199117     48.611117795055449     49.789364888854742
50.447498817264623     50.531456876953690     49.906367805693492
50.333363517181532     48.592540649051315     49.840051230675577
50.660043959097727     48.672439063869781     48.951951889363627
48.322584152262223     49.776966926606413     50.279020671063094
47.918399602036267     49.853097440546961     50.938550974178291
49.088790974673948     48.790027093920870     48.284376683946846
49.673208919137259     49.112887030287482     50.691448671787256
51.498609503572183     49.609826383031688     51.198613030107943
49.989224449660114     48.611277302044421     49.371703525068362
