50.000000000000000     50.000000000000000     50.000000000000000
50.614017418421739     49.627229707765267     50.341178071727931
51.339109131105332     49.791421905715872     50.510691704180090
50.969016848268261     49.912846233050573     50.837481270289409
49.875105737077313     49.573124444156534     49.355062917272889
50.639532663655935     50.584730643237862     50.750315062174266
51.998651589239216     49.680808026614038     50.226579267226136
50.601404062721670     49.024687926798592     50.592465175868874
50.952495775380356     48.342201407840875     50.512156912865287
51.600699394001879     48.375430518471319     50.160806602365618
52.378064546102600     49.157771797083967     50.454737536966363
51.184425624588279     49.371495991438067     50.126846531501215
51.083860441092853     51.009563615531931     50.628796998940672
49.379134602872661     49.942163012482460     50.443640999956031
51.611771613691495     51.142042223247266     50.228974695115092
51.475377197066123     51.575575085879976     49.987929816740177
50.906856162754643     51.286812559697523     49.828644549938218
51.540210863698768     51.121369518555859     51.073139034116039
51.623678150607489     51.811169929337638     49.504510947891639
50.207810444007421     50.389674055312909     49.344901325895975
50.521245873909514     49.982276784293269     49.426181689070908
49.538800349118318     49.420368240615971     48.891732806121396
51.511969773726399     50.688680211684222     51.563624549187175
50.081521949117601     50.908590214120061     49.843512928909597
48.586775830383040     49.939654776011956     50.358058524369234
51.336837217346456     51.600259097347383     51.614955027150266
50.784950307804621     52.000631289395052     49.737831416487353
49.094004055788197     49.251295416488347     50.333044059393551
50.199935291311888     49.272039288791049     49.735519008580894
49.464140305910824     50.440722856193986     49.656109281416789
50.539105401254020     51.444727543495738     51.011460663484570
49.688167478279865     49.675111975588344     50.773478460736790
50.438765546238990     49.924587939559146     50.942515771174868
50.556274962947370     47.927951002519237     50.175032685377452
49.432907152351426     51.034471560893948     49.428855849163241
49.914352466539796     48.764350921596268     49.932231013421365
51.711361097944945     49.140865894925824     50.525019458752830
52.284909489573586     51.162718764679624     50.880132090821739
