50.000000000000000     50.000000000000000     50.000000000000000
49.978312016064933     50.526774732484739     50.601116469685124
50.220215394432827     50.381298117416385     49.693724581087395
50.652879106013771     50.515669190390049     50.794319765676093
50.512122951626012     50.013944647674641     50.618952875999064
50.532257589022286     49.656761904830105     50.043722142592038
49.403488824712667     49.754113814194326     49.862285442466600
50.350555683591203     50.667697246081993     51.454788224062284
50.662639663408477     51.176051135224107     51.291826732435226
48.959237826290597     49.846990348422153     50.071684202014644
48.791424103286730     50.257513409696337     49.700108299112117
49.396037320985307     49.210226125934405     49.306118986340842
49.737873711963665     49.467093685690358     50.194066544994413
50.909915210080570     50.648020187240739     50.111768636261878
51.291611729828531     51.129364311809191     51.184437815413730
51.220567216971816     49.980927352026512     50.154294727910582
50.630154902902248     50.520387673647612     49.380192257367618
50.123930836134470     49.457122038347087     49.403952391176247
49.048989201715422     49.766368262593637     50.805171783999214
49.530562934594279     50.927845852695931     50.588531484498553
50.327581120634065     49.101846368702802     50.260248124613831
51.198222849442644     50.974826431033136     50.367683799358382
48.154377816851408     50.420838967360311     49.307203060478329
48.523521062585367     49.918688290135009     50.765486651761684
50.169378158999642     48.838678152139771     49.597795542576307
50.555511571598970     48.404040014633729     49.466455709796712
50.201806494909064     49.978949569697200     48.930148874527305
47.703995362677276     50.132224223484727     49.134994843789713
48.683685761818495     49.529089210390815     49.550414942329795
48.179080424591035     50.959431041063745     48.811438684029795
48.991322910111876     50.686203684725903     49.962637129026042
48.834174826952264     48.739510129846707     49.425700147637230
50.801657054920575     51.097012670664718     48.960292506913191
48.164631614946956     49.321807728786581     49.153596472918053
51.165481419228797     48.119757618624782     49.319570840880679
51.499536412247721     48.681250156266813     49.230958184930536
51.447735717563894     47.960601132484264     48.755519430204103
51.348122989483329     48.921902589656099     48.562526838338421
