50.000000000000000     50.000000000000000     50.000000000000000
49.925770849018065     50.551649026798920     49.958944925153816
49.902436373094467     49.804645623215421     50.760489726541998
50.360940943545273     50.463337754748892     50.534860780417176
49.796293263439388     49.469158440853413     51.204535990964388
50.091478139518188     49.253740078331177     50.621553971839482
50.122609548357545     50.895268531671725     50.287654275879135
50.613473948447698     50.599725195177868     51.022424740948267
49.534088319591632     50.953852886221625     50.670684496366938
50.310096455379863     50.370407021418600     49.445688200668741
49.858698612164140     50.410905753251541     50.987750945280254
49.988190619035485     51.291019392923154     50.848364022356385
50.609457062487223     51.058428973965931     51.297737285873730
50.752986917520239     48.912742676864504     50.714235550833706
50.466792926942063     51.230020268121898     51.766185825167973
50.268260920385664     50.141669807595449     51.257196455117338
50.662894317078965     50.420300557175231     48.821916856026739
50.862706038237221     51.783341836097847     51.106405922917901
49.861407822636750     51.217045759668423     49.925488479584104
51.094555124075200     51.242852331517049     50.830247657556498
49.896690507218501     50.585238916556314     49.088886337653953
50.533408994130667     51.112593877576614     48.450791665006108
50.937840752207833     50.918444271268818     48.206327985790161
50.631173671778711     49.697361254428124     50.495250960691244
49.210272391924740     51.550799456274511     49.865407495502104
51.409314592562737     51.159265520396943     50.317298966143333
50.947300674272725     51.787011726138871     51.665567759353010
50.327858658526523     51.486211150595572     48.761736132004145
49.375816189026438     49.037777331218678     50.383258587683393
50.743127605146434     50.728525687567526     52.156474678012323
49.409113931789989     49.648970079363444     50.063828299504863
50.083917334540153     49.964972887723192     51.747798259440223
51.317343074167987     48.439467424003169     50.920019988459501
50.546346811437296     48.789577609330280     51.315973925371402
51.264217278309367     50.501656698912768     51.957387698682233
50.754796783398270     51.196715131484311     50.077736224613346
48.582277443187841     51.590092768510317     49.647058030346145
51.178350468845927     51.611913359897272     47.964242396969183
