50.000000000000000     50.000000000000000     50.000000000000000
50.086237317098693     50.743001252752151     50.250719343022773
49.218711868415298     49.968885582912137     50.176456869869874
49.278191092058002     49.746801320978918     50.669770121170210
50.732917009931384     50.978058166700855     49.891938892833352
50.413445391859227     49.521734897592204     49.803668194589228
49.382227505424083     49.758168532029934     51.351773857376955
49.662072342119053     50.687233862695479     49.737785129386836
50.871326165525744     49.201345276836449     49.525777501607394
50.247740173679233     49.408141444336216     49.221708174841567
49.938327510870373     50.427477139488026     50.836222149617214
49.804123773990348     51.236075732541046     50.763529123302483
50.994374115106488     50.583529263082269     50.215555626685628
49.806117544465216     48.811054240853615     48.953418092231587
50.448430684655669     49.989662263968157     49.179317724847508
50.728989038535289     50.630565944668902     48.858909648106291
50.852025741205658     49.664621356272164     48.589743238014840
49.393135977990717     48.695954457734658     49.533147663089530
50.148034466739936     48.374375468752419     49.332285414092631
51.047611914712299     48.882420867304909     49.094741744511893
49.835072590379653     51.094428839594094     51.242230886859680
51.670948541737431     48.892853021045489     48.711880662875515
50.911713874502276     50.689022599544977     49.380801064620549
49.905144338100143     47.788778254886097     48.845222517994955
51.616046948906288     50.993538251955158     49.559439647004318
51.281230767598842     51.374234126229624     49.827874843528932
51.451026303334245     50.087978786161131     50.088845857651542
50.503428908994231     49.021513085573474     48.954684804174988
51.352850353905808     51.532152507059038     49.343411751937481
49.861155707866907     47.690944533489912     48.275486629218712
51.582513646249879     49.993530849300512     48.506264816738984
50.062812570398258     51.699232267754198     50.283839022824949
50.813615207084297     49.643739490046102     47.857424500171035
51.094940295081663     50.293380340845999     48.376794963425333
49.345783174162882     50.757055010900018     50.739164632253129
49.272237854961418     49.515880125447197     49.708600486329097
51.562925274656635     50.900186733847967     50.430996048932791
49.830761900295059     49.517193990811919     51.543711349642486
