50.000000000000000     50.000000000000000     50.000000000000000
49.635278278511898     50.175423157557717     50.409588749376049
49.803688617636119     50.323387324649062     49.608728738087102
49.108623215805189     50.491691636162031     50.491507294103812
50.305120481089503     50.300902477258028     50.347449398691737
48.959838740974320     50.783096770699480     51.004402889609395
49.338270781660107     51.247261874732658     50.453059610681834
50.110725705627651     50.107197706471396     49.187950915860426
49.383977068262496     51.661639752925183     49.828773125992043
49.103723135603467     51.723285561218347     50.742995128995091
48.637010314520680     51.151123541222347     51.346467209471349
49.549206111386923     50.968039037521756     51.124064049939548
48.656629485362451     50.581377881387610     50.151917803209109
50.667962806457666     50.316025848874808     49.037419379326650
48.523633181780838     50.547378401310439     50.922238163961893
51.295796217574654     50.033410088890548     48.631671021992922
50.764829149151844     50.187835060640985     48.201729290851823
49.579294355857812     52.100733727453253     49.566535249140536
51.083573301103932     50.169396365315137     50.260911130056890
49.433435535774777     52.252649676290744     48.970468330438308
48.414330943977930     51.042636199962033     50.271615326209911
49.723270500402919     51.911324433103253     50.361219096323133
49.572849515221591     52.669452061586554     49.985978806480908
49.859948589916470     51.483397780607291     51.030475986342211
51.754502843450226     50.196127443463737     49.088106337777219
51.280756373541500     50.221480136310156     49.477884649375142
51.639219671917246     50.307882649137170     48.178077136244667
50.389324869342083     49.529861302795915     49.546394052695184
50.934877881333932     50.251923460747570     51.030412195408239
51.541042406691858     50.950020014792557     47.712510153319556
49.751908049960967     52.757242186799417     49.140680950284519
51.109434651797820     50.810585837471130     51.506719640859295
48.572976472663903     49.969873625977478     50.142182346293673
51.922858096702882     51.146179251049190     48.365623405583221
50.773070759788908     49.587083416771677     48.394948757913802
49.734770965828446     53.192906914280897     48.585398813750452
50.038254965428926     52.795954879113509     48.236229187613482
49.701016066127025     50.986471881716390     49.718169192960460
