50.000000000000000     50.000000000000000     50.000000000000000
50.416763241506075     50.242324978194887     49.485808688861553
49.652680005423704     50.281997546088611     49.341035914029554
49.930173266955769     50.873566928447559     49.127047655151237
49.404080507603389     50.103802769941979     50.248506758500930
49.851719960938418     50.247193958424042     50.724088779314926
49.795718080839457     51.602215320540196     48.969046459042950
50.198216904884511     51.358691135041177     48.562061634129556
49.912363442587065     52.212320737823013     48.684146460818340
49.445480171979021     50.987317157964810     49.713662378667635
50.060328842791968     49.660457555697057     49.135510631670542
50.799792853599328     49.798763082081749     49.235050453624510
49.282874503847907     52.490948963473301     48.393022799401471
49.559854467557372     51.671483819799356     49.907959080251075
50.059272980943632     49.053368711013192     49.523114364527736
51.331636784674131     49.560593224863254     48.939494059655956
49.737138948982178     48.638590827470040     49.964322197527942
50.717592377419194     49.262577422824826     48.735027653758522
49.637330994193135     52.211772718917537     48.132085981427700
49.399631310990124     48.628385360506570     50.371644167987959
50.703119952590740     52.298578963616052     48.784562241862020
49.740199593104357     51.080722675125607     50.432713448391866
49.100389978296981     52.189021081412825     50.270761371720873
50.959048165720851     49.958999419839152     49.943105254074801
51.697145875318981     49.506454618624616     49.326503097996905
49.087017430782034     48.241203319216453     50.617206573461850
50.240888836554248     51.119809030513736     50.416818451627144
50.312356460161652     50.596040485518770     48.677963060163734
49.641979972005544     49.733167826685246     50.948944728049405
48.937253370026241     47.530376514551122     50.575898311340723
51.958649410031576     48.818185454146303     49.350311115728715
50.557790881714297     52.525437090128207     48.146704979497407
49.779820206052420     49.769970761307789     51.742129431099798
51.606626766175083     48.136531348962940     49.517937447123678
51.783994699286787     49.342987124691462     50.044040111667698
48.883767103016154     50.697317023049443     50.273779013711547
50.222785736669444     50.013913075229240     52.316660429141699
50.802618281189510     50.230759998659046     51.942424832066699
