50.000000000000000     50.000000000000000     50.000000000000000
50.400104725435767     49.739391869980139     50.522428079704220
50.860053379316589     49.186308011177225     50.350776646998121
51.153523691240508     49.645498483485248     50.824588816197490
50.618051537725805     49.793549485455685     51.392774555458040
50.369240664871874     50.268984068528887     51.343269167226637
50.345108821445301     50.323860627628299     50.202978451170758
51.610334972736048     49.884258957642956     50.222483213845322
50.743085371459642     49.041394631157260     51.459912201680751
49.393265852698455     50.192707802661104     50.445978081353850
51.594251713994858     49.379398216831589     51.094407266820838
49.510782727327062     49.428819382859722     50.508764955037584
51.236470082601699     50.180379624311229     51.435083172900612
49.150161922985198     49.795520515238650     50.041133671995965
50.864614272426586     48.982881538213391     49.653235574889116
52.283893944701951     49.291041208440610     51.243943485777514
52.659765448008230     49.692761674275168     50.706946096193079
49.998837275982339     50.745819477033017     50.774100438940529
48.978368153755660     49.139638225749280     50.004537270243397
50.423549265540103     50.975338902451540     50.518512447253222
50.144099640036245     51.044423774153969     51.160364932183839
50.110376150730097     49.002745092815530     49.474987396835488
50.648089175198990     50.692204312116658     51.166840822631869
50.037987957571573     50.031576496685446     49.410368838773522
50.119689113118739     49.872961021624370     51.797483747259527
50.463990149521607     51.480198625757325     49.925161522336964
51.288913939655096     48.484223970089282     49.719431781071563
51.454943713478336     50.388922944439308     49.652064226662269
49.327620732746446     50.639906853637335     50.732445586912171
50.451581191030357     48.541231165401719     51.600714091619004
50.035011011132347     49.501796863627938     50.845214573270518
51.782325376459141     48.068294506297143     49.891964803568037
51.268953159064331     50.557830182326796     50.325977266838123
49.864755269949413     48.939007649741967     50.425981706018867
49.382535496747778     50.378117109608901     49.623800324554793
50.907430188623231     52.010438921734362     49.969280194528402
50.639735111374549     49.345931094770108     50.877990159483446
48.974175994625455     49.995995919309692     49.370944384684286
