50.000000000000000     50.000000000000000     50.000000000000000
49.977563884915185     50.620566034337607     49.775119056052553
50.491594007920433     49.457274470787056     50.131203919418518
50.306043644887801     48.950482322495688     50.318684160497348
49.575423691016994     49.709486753536090     49.484140736853313
50.792834016512764     48.415946296762591     50.135767043351741
49.858831157883643     49.578805931380380     50.555160259848897
48.983108066479410     50.157162930501400     49.461030791425095
50.339271873286165     48.112971352232144     49.994595086410904
49.554382336566462     50.552633334695585     49.464379952655335
51.135783111565701     49.219541590622271     50.234774652576284
50.271509284657014     51.072430488223930     50.169374731544075
50.333224354859659     49.154291638785374     50.951214537607932
49.662877939971978     50.345855148474399     50.625871134314835
50.071680895527201     49.895111413329879     49.505520760659799
48.698075875047685     50.480233308400798     49.037285608748483
51.340913966886141     48.664861667791563     50.769851329986679
49.989551412573036     47.496660044462409     50.353146135887087
48.459049843446778     51.012127435036419     49.284713468481719
49.720804057397380     48.919842226602292     50.275645399172610
49.281153932487946     50.790548363480596     48.681340845017267
51.058151021675094     49.993880166520874     50.128049948714512
49.875478901881358     48.414430179824883     49.675282464935400
50.916152941291614     49.514112325905842     49.624864300669579
50.497536324574739     48.115905829696224     49.501999831272315
50.179681671492133     50.096443616507031     48.757570674896719
49.266565078662943     49.535512058528965     50.083455685633304
51.761787649399594     48.958019521862006     50.381469897349085
48.684039663924494     50.805624656138804     49.743333180936773
50.644027699754382     50.713805804437101     49.384479488722477
48.721798811991846     49.881951748413790     48.661069633442260
49.138353698654996     48.591627640950932     50.090999702973555
48.787900624708385     49.331147990115149     48.644487959272844
50.225378358154174     50.270388746244763     51.197250800898480
49.750988643356955     49.025395945906560     49.309764305956080
48.674282009664516     50.373179864733459     50.081962976834177
48.579518057963647     48.622671978188166     48.784992987839878
49.326874660489999     50.578201882820068     48.063076288113741
