50.000000000000000     50.000000000000000     50.000000000000000
49.751924737345895     50.146013385353314     50.509387744381051
49.301070379160926     50.569527210356554     50.618303467056165
48.899543082539957     51.194001448984878     50.667210386986419
49.802015910659151     50.610785323668992     50.695954249177220
48.271199128316979     50.776463927380298     50.919140440416939
49.057591203615111     50.869393991113796     50.014649745927869
50.216873554184467     50.469621805716947     50.454495250157947
47.556109972063119     50.738413836648711     51.176831731380396
48.836899212008980     51.602507606056918     49.796848317384161
49.440020781287949     50.222754947281103     49.585005836050421
48.437978420221739     51.552598224168051     50.305101123401144
49.881883327850531     50.376161464607819     49.215725222768434
47.686618955926171     51.288200474081549     50.893503502135019
50.678717132982840     50.333117495026393     50.699698495110155
48.442195157087163     50.462160640039343     49.754201805790807
48.697359348566827     51.541924651829781     49.292308464697406
48.036305974020706     50.923579407877142     49.813519146720353
47.110117440107501     51.063945018164269     51.453771194138270
47.936678506688089     51.790520329151725     51.012497172999154
48.183016897948669     51.024598226679700     49.012876054079470
49.879493655040100     49.536461203297783     50.938067362520272
48.596576128680425     51.143416929764172     49.973550740726594
49.386343094297942     50.881154725981489     51.286437699359908
48.455364242335179     49.672836342304478     49.910284064368497
48.191566161022713     52.370847355859887     50.669177626545221
48.341696854678226     51.593903644138159     51.519223356958044
51.097865303171545     49.783803799018699     50.401896523798321
47.758101922688702     52.169964211402196     51.598431333086751
47.389208997336858     51.711892022131750     51.556670149061716
48.497910396071745     50.755287614089127     51.495813078616365
49.384591350874132     51.729321927457065     49.521853553977401
50.697000481747814     51.016984721083638     50.492818215979113
51.567010593411574     49.332131752941159     50.134171599280918
47.220008507875249     52.314997064404132     52.075747080729023
48.229752472690386     52.423755837196886     51.659535625039190
51.884442586844102     49.222909822009683     49.468304643836760
48.355653607041582     52.405807916631083     52.397639379986110
