50.000000000000000     50.000000000000000     50.000000000000000
50.081786579754151     50.559725812350443     50.116385932460055
49.459136637850904     49.916990969278203     50.283227149025507
49.777336891288776     49.858206702263459     49.269861754908042
49.566614121501630     49.759423347500309     50.799321253496963
50.694085342005465     50.417327148380565     49.990369665452221
50.136166903985867     49.355875460782720     50.257376452166618
50.075897430037472     49.934383515857213     50.887425354392882
49.553789494352650     49.458766418843865     49.640945531884569
49.698475809665290     50.723853620858421     50.441619122836585
50.579227026826004     50.985949333799745     50.413586017006935
49.703373577990149     50.390012595513014     50.981703242570028
50.433668937463892     49.306461439752823     49.740242795356778
50.012565561636841     49.873708501034322     51.449990429078447
50.360748732917571     48.584143076727706     49.421987536349242
49.845675284770927     50.199659171530492     48.666554487939329
50.494989551634859     48.297319732613303     49.854651582477544
49.578928498116525     48.906495218082945     50.532020899514144
49.008659759036711     49.238092118335551     49.845697889572946
49.620105967923145     50.622853058197315     49.099278966669374
50.089144170901939     48.560338944801622     48.807999635050933
50.276821981733917     50.462719772613248     50.681249893325329
49.860297490815107     50.814277488105716     51.389120155584621
49.573485724651732     48.372830848903860     50.978385488725287
49.854795034220693     51.208179215186156     50.805648674419565
50.786146368118104     47.879313917325632     49.816692891021255
50.119672782247406     48.817211202266080     50.229255832694001
49.604751886217770     51.353905283193384     50.162756593638584
50.224286868909509     49.792853683768932     52.094225059618111
50.820848371289173     51.553461719258294     50.514249885123974
50.172553974748887     49.985626550210391     48.237476782608155
50.085429277723200     48.809828085722067     48.127044725119589
50.295448709099837     49.177099902029440     51.216072258256276
50.419114888620022     50.281788686190303     51.784825966052566
48.904344469240790     48.993586593715705     50.461244944583655
50.197889461269575     48.335052973108716     48.337627119939711
49.588012319686044     49.372774800962425     50.310960484049495
49.819844828431059     48.078616946298190     51.294688986449486
