50.000000000000000     50.000000000000000     50.000000000000000
49.709302943437002     50.442394207735347     50.060378408573847
49.830576710852604     51.048875328462366     50.411198626919877
49.289788640148558     50.647903073956037     50.745839768777948
50.125969340193670     50.257731901083091     49.317049638096343
50.488231559696082     50.129962389063472     50.245289202219411
50.211548786941989     49.435094952877307     50.046583358271903
48.629815542738754     50.829461534073047     50.630316037826056
50.406585072955579     49.920655827029812     49.674562387540114
49.968886564724571     49.638351845359914     50.596973744879797
49.003064807019122     51.140320916324477     50.838487427282075
50.125683274861942     51.339702359551019     49.934952684762237
49.284502365382359     51.452110142387568     50.046213725799660
50.186401131588859     50.843555011255944     50.740582709337502
49.462442596009076     50.087832827619565     50.457327033949298
48.855170557971718     51.870720380359657     49.956047392369435
49.832040787878483     50.950695372380089     49.747361615955235
50.726176352530928     49.109192833542828     49.711314876631199
51.009705290595754     48.878880764611857     49.232856557036648
50.615853145757619     49.377511619474845     50.455162793236980
48.650819098180463     52.046785769042707     49.449670067084114
49.967560849879852     48.932214714519965     49.991913820127877
51.505638690710065     48.862775792715041     48.872722222212474
49.040938933312752     50.154221453549141     50.176788255546498
50.351569774541055     50.596852366259142     48.964220687999820
50.689083529287352     48.349492881513022     49.722349895678100
49.916093940260033     48.270134532722892     49.524644386144878
51.195379966304429     48.042970386829673     49.530424959895790
52.224567793463365     48.703189520679231     48.761903091006793
49.277733475292209     50.775486599257270     50.010121378809025
51.525219355428789     48.418437857570211     48.602785584345796
48.172608911491999     52.178507034238748     50.219055995877945
50.824470579574374     50.754167665677819     49.877013673720796
52.047950854464361     48.890018924620065     49.465296327854155
49.128497678496167     50.552171016202990     51.496748734936929
47.823285823704111     51.891469573980068     49.984199188751013
49.518595368335660     51.245330806692131     49.230125714400820
49.709411398975320     51.533709677772237     49.728752981622129
