50.000000000000000     50.000000000000000     50.000000000000000
50.618014445065960     49.821068387675567     50.221019119699442
49.319744113463919     50.184380449677732     49.938895265133226
49.866653602016392     49.959606547999734     49.374339910604611
50.074109202859695     49.458051336353428     50.390254784013138
50.432040361379876     50.094171693429750     50.743235917950479
48.824645949732187     49.802580403694542     50.013765680642152
50.153876923095652     50.439115371073349     49.434609167683256
49.168465841850605     49.167528022125857     49.861155780887572
48.744481982827843     48.979385015984306     50.178154775303057
50.425405798341409     50.658935481574680     48.946198734931713
48.303255118576814     49.889700977315236     49.617581967117289
49.924797352211336     51.082456563230231     49.787404995264517
51.199903703987289     49.759053065320536     49.873569228374834
49.175709452492512     48.383049114504459     50.502931399093924
51.492923289551257     50.338678415575160     49.473310047170187
50.924176728344271     50.804860808196651     49.769208498874839
51.087552798532130     50.036643821717043     50.807159961090733
47.905681373342858     50.078943301976651     49.379142840525347
48.914225066953598     48.662216091519412     49.468158920608275
50.964018166300789     50.263558078716670     48.816855682747445
50.871823616204267     49.471733973230634     50.467037801146979
50.019303883746900     49.068217132333686     49.730606028879954
50.338341434933362     49.493560460191304     51.118168710216707
50.930397911859899     51.374710594884853     49.335241745328432
49.437022078644326     49.848732906076584     48.956612600485272
50.842993956324349     49.263905662100605     51.514503564100352
51.040273604339220     49.341680557163016     52.051145608338423
48.974642743180354     49.890763489304426     49.454384791519544
50.071162294887145     50.511868067203608     50.631452462382200
48.723869066177542     47.782119916250018     50.470958834404499
50.220852049637045     50.706985916171007     51.171827764246430
50.956921778452838     50.654646399776937     50.264863090480823
51.273802503870066     50.569860763631361     48.485162435751811
50.910597778644309     49.612056962067697     48.938228191002487
49.777017107230499     48.059137283369729     50.138995485892117
51.410201408984214     51.686221135384244     48.918275251287866
49.494397720374472     50.941563008726206     50.026994575443418
