50.000000000000000     50.000000000000000     50.000000000000000
50.073655348971023     50.320646594284767     50.372722120549035
50.677335052256588     50.296028205835619     50.610285185511891
50.037733340945103     50.171133700380871     50.863832475526699
50.151608902711686     50.335634927586391     49.452446809733935
49.679470546582962     50.886833933307166     49.353279596731056
50.228917617219061     49.493897223277280     50.484482600028556
49.497632322931651     49.694339673602514     50.487661003771194
50.390435389384365     48.925775642242051     50.773789450857791
50.451648502526616     48.976230174594619     49.953154932780741
50.778741763249947     49.699754757550608     50.572180567714859
50.928333039066857     48.836297683832527     49.736431777768367
50.200999519349978     49.600876249044560     49.146098467545833
50.849880493255895     48.877946515879970     50.391943166382305
51.149220197677089     49.397388103080772     51.051127959263717
51.303071923334230     50.430069546845523     51.066420875183461
50.672552862474703     50.600070296466370     51.398845484371265
50.558269321927376     50.638776286057706     48.913611806152339
51.261581650039538     49.269483622339898     49.610872938730743
50.358753801897528     50.665805703457643     52.053923985952913
50.331201710446628     50.739225410900609     48.279075872807454
50.446650935271435     51.422910324377199     48.331675222762556
49.839453449799123     50.326073703346275     51.328372749720870
50.462783807120481     50.250138332025450     51.795357781601112
50.273332834569501     48.172870826899072     50.942137205003647
51.344365182076565     50.759097980807859     51.791045127289053
50.499432576498322     50.790008537973073     47.582436543301370
51.580932568173516     49.617115408120206     51.499081912819946
50.439829548343539     51.349040964516348     51.946058174203600
49.593666189854886     50.739433543218432     52.135793611282992
50.471698775762320     50.115300247027761     48.543527091034477
51.010634333855648     51.246996792240594     51.120325147092892
50.936033088716158     48.635786640721172     49.070600270582013
51.652850253387975     48.649152872349383     49.207374948827841
49.243374190891991     49.842143562820382     51.511851267053743
49.608693163805533     50.761980407425632     51.206278828645175
49.683647902369195     49.720186783224833     49.691775322612052
49.881460906080413     48.329108286829253     50.556456895276781
