50.000000000000000     50.000000000000000     50.000000000000000
50.526695581238322     49.555687936195120     50.302095878064300
50.962180609780269     49.007107935679045     50.305917485893595
51.250814811982863     48.465364820690738     50.649265301746510
50.919296815208511     49.221398802074603     50.834158916771827
50.624952065312819     48.542925201929968     49.802603924138502
51.318015409060514     47.954200253841030     50.155804276776259
50.074825011315234     50.067652902411020     50.713946407564102
50.742436879652530     48.528328780620996     50.962227327081294
50.480975168409522     48.121780244893294     49.496791349006038
51.557894213769707     49.203393476170703     51.116575836220953
51.424989455628278     48.405228531888376     51.398681552709967
50.061201627223440     50.762847756876738     50.049294306676700
51.950538850332677     49.497393195075240     51.539000421575231
52.722179864510679     49.302016209531089     51.465111187471322
51.759796672754774     48.401637762788802     51.850192260263405
49.684972104678010     49.692065563231381     49.753506049403477
49.633511401205695     49.969787377199701     49.253652893637096
51.116236265787627     49.625630673485318     51.091525259314984
50.028928413356866     50.532275041198197     51.020963139176864
50.280078813197079     48.673477515315291     49.224007218221921
51.506669649338129     47.971532032462086     52.345290127682318
51.866368718504354     48.191067037982243     51.202811491899425
52.260739012516481     48.274484538532334     50.613287979249051
52.532220300089961     47.867691034854076     50.729986792269628
51.220367850037675     48.064894237163571     51.022101777654477
49.305605834307791     49.168438324881251     50.165805352743128
52.807402181541107     48.653560360867893     50.282672568244479
51.731472213837620     47.627344741053271     50.020599024370483
51.637485792782677     48.803973314546646     50.650434919239238
50.837080476567877     47.763146767243619     52.276306830981746
49.824402433097205     49.857652988333598     51.328028215552266
53.464391983141233     48.480689671831477     50.411006269364762
50.613011742380969     48.386083553192833     48.859625383280360
49.198368238544028     49.618620648323187     51.367623706347644
49.969704567756764     48.593317185895877     48.505229006754242
53.809735273066551     48.516002001514877     50.992474957292139
51.052807683098166     47.198182103979462     50.053620254835003
