50.000000000000000     50.000000000000000     50.000000000000000
50.580021382241483     50.054792193501136     50.248769039657844
50.012084041256301     50.013595736581003     49.407448054272159
50.992642513735177     50.189086196479131     49.873374311125289
50.555253244377994     49.357337393951049     50.062392253208927
49.549320372593968     49.905239730699378     50.317256968183599
50.926828204605471     49.506483864890640     49.609487463672693
50.140099573342361     50.456134870954898     50.565434064977964
49.022974996020444     49.847176032325216     50.287205037504592
49.516555301477737     50.418378846830969     50.569954227700173
50.497227844801323     49.098441304021456     50.629853672282898
49.802777083994172     49.677660947798358     50.879888049143631
50.613156980469391     48.425013432267647     50.700131469957512
50.184159551509744     49.157366912041070     51.056732634375898
49.964651376084419     50.769920290641942     50.111471494047343
51.284655269364414     49.336157068803693     49.014986694311190
49.982997246098435     50.989250360141952     51.019548723791367
50.096762280103221     50.505167287715508     51.138505154856581
49.747459753062984     50.151338888433123     51.340267317694369
50.633370939326760     50.156696985110649     48.972813579273904
49.150142630668746     49.937379306950454     49.667275725904496
50.524480014125288     51.043463296968547     51.432474807883409
50.805892384444505     50.895369479591565     52.084950281965234
49.402025929880402     49.506062022484059     49.917726643808031
51.240187544535956     51.373465738713570     51.278261442709599
51.132285595746573     50.494602132337050     48.829249063611201
51.490332058364444     50.932971738714159     52.308438266462488
51.719284904067337     51.336911091291554     50.992040255020591
51.458289213734801     51.085793182705778     48.495203652357098
51.072874807013598     48.742942047929105     50.773127705891220
51.823181081615232     48.635335633925152     50.830472438304881
51.236438665025666     48.600503924587876     51.265559666237941
49.748169611470047     51.567926841795199     50.685145927129646
49.747047482868510     52.223675405679188     50.446511473594704
51.418400196240619     50.469997267702695     48.157097223523209
50.897201418677248     48.737468331977610     49.010651794604328
52.186451107734470     51.168811598107247     51.170343741181618
49.512832309516256     49.247347294790892     49.237886577590437
