50.000000000000000     50.000000000000000     50.000000000000000
49.635623434712265     49.884227710799138     49.577980141287384
49.049980279145217     50.237483612369530     49.406053119638912
49.915171483761291     49.308655953830005     49.658470832746843
49.553930812943420     49.175772606223134     48.965157551521095
49.758580127460391     48.601678379506794     49.271775887720715
50.326643238940534     48.770545664110685     48.949258633117779
50.474894434949022     50.420615726011050     50.473384724880766
49.657540751031036     48.491886943479145     48.630030986516267
50.483040781818346     48.890414212100907     49.844596568500123
49.215115954611278     48.290569888575540     49.598948194136021
49.220753794469623     50.675494078079019     49.746350492800708
49.960546250795424     50.581633953687813     50.213116923804961
50.016599676657080     48.378665380138223     49.784860786092324
48.899619174018710     49.681749624555501     49.054488704187150
49.405871546428429     49.806431982120500     48.790575266985385
48.900980345324662     49.681492303297979     48.402695705312993
48.880400672570296     48.655381608088398     49.887334117562744
50.853701670265025     49.306953939806363     48.709657588831590
49.750923198009886     48.069451798685826     49.181848825073352
50.338880834258475     48.339362252942578     48.642926663068728
51.020473638762624     49.114751645299116     49.201984059409810
51.415482027227576     48.532031512063874     49.481786256098395
51.468093002946993     47.912624466449692     49.117874914143421
49.356350820134061     50.572928096330308     50.537344806898552
49.199655268744813     47.565591967708549     49.107754473323944
50.050499486674482     47.801427884714940     50.320834752649134
48.458899471278187     48.980115288701953     50.121456130884923
51.333000672597038     49.702504978919272     48.356363767941602
50.734591822257059     48.479267111281217     49.724567547482394
50.741308621145883     49.467387898226740     47.965135153727793
50.312913360613010     51.155493237897069     50.282688012655299
49.114952318146550     50.421437912601604     48.791761211237421
51.541676179931734     49.973456487639382     47.938099759672248
48.721940393718207     49.459961755712143     50.478512912275946
49.530534651588283     50.327051820054869     48.170931717347521
49.638704832324464     51.069178809284871     50.960596689218988
49.051759544305355     49.058598830609675     48.002943648486180
