50.000000000000000     50.000000000000000     50.000000000000000
50.540245178466812     49.861257348810220     49.998006576942849
50.087877313415454     50.156739128924976     50.512246264859719
50.830043142577452     50.272609577953155     49.689927201251962
51.248274914385355     50.767105609041153     49.714789920911777
49.552239755775325     50.046989267998171     49.451172585082212
49.925231705616419     49.644987933487549     50.913170670530853
51.129406457065201     51.078867277088307     50.241296384746533
51.518863761541191     50.095472840427703     49.522592653288172
49.372709991073307     49.355071140662815     51.019280643753035
50.464840201837831     50.032011353740565     49.050158560952312
50.036103472683365     50.168449502203643     49.278021731426250
49.643086504677186     48.919084140492060     50.875834615636471
49.489516282041755     49.299771944536772     49.316687814992626
50.594857340107112     49.348194463853901     50.575012120336261
50.298240423354386     50.777254576049984     49.364489785748596
50.812517040086938     51.457906169031126     50.164232154866468
50.227538781956035     49.429168512553503     49.151206114695299
50.448809676461060     48.956265401913946     48.705611491178963
50.460023088699060     50.038849963069907     48.438490630087635
51.724780649753257     49.620564870116503     49.690760682447362
51.141322131909781     49.036355402113003     50.512642637492029
50.405634579852716     50.440898959145144     50.972250976089164
51.130521733758137     52.153073632609264     50.002992813933162
51.877928738831130     49.091517900745949     49.682275075801314
49.566413458667391     50.307595135861490     50.464532199375398
49.156089429001256     48.899908780887188     51.453017196955621
50.962024784714323     49.135133379667451     48.683131298236674
49.038552997967741     48.686257863933584     50.694458068460456
52.286382938490121     49.727924653227120     49.274849687875609
49.719247748867176     49.397614055200407     48.715392186786524
50.490454988601726     49.722911999264767     47.937346389179538
51.162938769690996     49.305229865983243     49.689238691910809
52.755800295141420     49.573550661284557     48.708953775784281
51.373145786500700     50.286441769155353     50.035748232444703
52.049193691187966     48.998867683883724     50.391687088189585
50.801235001890859     50.674355740684028     50.750049325232418
48.735655783312176     48.557901289449511     50.049733593043186
