50.000000000000000     50.000000000000000     50.000000000000000
50.226106376404680     50.582220845954410     49.744187857123151
50.790993427323571     50.152709733568607     49.617521472461753
50.717192079480931     49.686173221410293     49.797758751499785
50.967085325985806     50.637318643089884     49.125334316656350
51.221703519753952     49.427911827072052     49.833045843496521
50.352239380261381     51.132050540628249     49.139392835814505
49.521194295080846     50.205898054661738     49.487986440839272
50.549896292708041     49.843902001859590     50.460518268977864
49.324578423030587     49.929908499775749     50.076090974006640
51.384796142082877     49.817572267336381     49.506749265384357
50.260597853312589     50.567320164173971     50.359482145051231
49.291302067542503     50.568367692414320     49.109793236674278
49.520360093308369     50.873661537251792     49.619274359164066
50.710900190559755     51.533327403049242     48.843467597243567
51.136553895316382     50.341523531045269     48.647968496326335
51.327349722290720     49.716155257252687     48.224011889954078
51.542403258094311     50.316020669095558     49.847434500868026
50.317753159530362     51.886686267190100     48.801519736329894
51.984117946210056     49.627339041266133     49.119637466083091
50.213507691369365     50.649758319299174     48.869888984923854
50.377757454051384     49.103553128905169     49.600873289609687
50.357290521595004     52.180481804511658     49.235737203467416
51.304923373540923     50.306240219118614     47.704582162899591
51.121397485039189     51.109515534253468     49.044206596140192
50.609219505705518     50.174888314154735     51.020213897224515
52.020726200180860     49.668493077436160     49.764496888800160
50.582061949640909     52.361598266667698     48.455123857976488
49.831301160688568     52.588176085765127     48.966600961536237
51.471903458469527     48.709821393277153     49.980320550615403
51.139760136724632     50.513492373808845     50.926324200960288
51.858588065291599     49.468125498202852     50.468400351694861
51.222343035350100     49.725897124065852     47.292913566288085
51.179527739344330     49.918976429674608     48.907445852192311
51.065873952849358     50.521040952362270     50.252650557157352
51.546838062397484     48.644128340205022     49.378163831078261
49.942362333184818     51.537637904860532     48.760012781472895
50.963708593473967     48.979692738067889     49.671662329448189
