50.000000000000000     50.000000000000000     50.000000000000000
49.299906622111223     50.259873968145804     50.162584032492781
50.069073901744240     50.491582535328526     49.640906144561498
50.577120815900997     50.085437227212211     50.159904165166807
49.762264008280262     49.707752903680813     49.496915961122603
50.085230580110618     49.741709979295685     50.459138005916671
50.362303621954268     50.794018042683859     49.128192116081443
50.099671503981007     50.258609508723950     50.796540109363477
50.594079091422614     50.208626087089456     49.285165585527430
50.824873265209696     51.021028552897107     48.725617184135160
48.844878282603418     50.342166444917098     50.455720466334590
49.515220562462709     50.893004985908803     50.286798749137823
48.414446259934536     50.104665435300127     50.848194568039069
49.843474045665822     49.128480309096481     49.929328060509306
49.710297126666518     51.146693528884981     49.762034553145114
48.616224817386424     50.132095972205491     51.468017769012540
51.102938390468225     49.978709571090711     50.757633279791598
50.079725333953668     51.319543790719429     48.853279200556621
48.859741138584916     50.471284568063325     51.168641935780691
48.333499525795041     50.968384206148670     51.288234426012117
48.532831953655204     51.429380813594335     51.866663611980435
49.624976276861148     50.822512837633695     51.036619959731809
50.183316396280411     51.927963412203688     48.688993560866088
50.127592355073894     48.585487380838877     50.112551004023679
48.556977316444659     51.652067846480094     51.044184264535822
50.815909331200139     50.933148163996222     49.399105295860188
49.066624500387313     51.827436459626789     51.483140547752541
51.375075316716824     50.553224590093805     49.386449547797589
50.436724124063424     48.891514815219168     49.444155844820656
51.320294450401356     50.984143479634440     48.658818860308855
51.942994559163175     50.512042902865417     48.770091332848033
49.052158004269494     49.834808517945362     51.311693002667511
50.452475876336635     51.560216711863518     49.501247461258401
50.209339916941282     52.005118920366776     49.179904140284314
50.463071785648140     48.490375032264375     50.717237680034870
52.430985256167524     50.623840774703723     49.155135163617011
50.250497425587227     51.109574993265511     50.009102695333731
50.871840770840500     51.130276417254763     50.345090433691361
