50.000000000000000     50.000000000000000     50.000000000000000
49.536951471254952     49.629975397272702     49.466303165123549
49.020685236122979     50.156874067450573     49.417617958320790
50.338086835873312     49.522627697824760     50.169719524286343
49.767702535908228     48.978635672918074     49.232831775989105
49.520346040656037     49.782025080887465     48.767770131578615
49.424339601163695     49.504558842308818     50.159196574406600
48.633241842944507     49.817788092307005     49.233557085521952
49.832458388158635     48.564474342103622     49.815411051206880
49.420491737055180     50.436510762237660     48.726705348368355
48.930449572864880     50.985649454671339     48.481524417276809
48.360811281475037     50.572459625251248     48.770800959608962
47.705236695744105     50.561162595226612     48.754967346146437
49.096215619465426     48.887575421099442     48.951529070572178
48.563465106196908     50.859064021914719     47.823140540112895
50.306236284427023     48.863471384341032     48.649515143854330
49.935466975996107     47.984639743486689     49.636400748714934
50.296284597764306     48.372133649254536     48.732407018650783
47.148267528358467     50.951940636040042     48.478068067452853
49.858025268822388     47.938156755676708     48.223922324914390
48.476550481463093     50.271668136175300     47.902918960154672
50.369112684266796     49.012163610094944     50.417150462707951
47.397799872183882     50.374577771856032     48.271980251706879
51.012765503388053     49.011978938527953     48.354248676503332
50.284522891357760     49.643955819709880     50.928241534310203
48.726033290519787     49.788943544731751     49.847140752081458
49.861995751063603     47.548764602290142     47.804032845687466
50.171067411536434     49.705758889113852     48.874951911539618
49.463094819273529     48.328442104953268     50.275033490241150
49.192568453394259     47.942300278495026     48.066781301105195
47.189849634733200     51.212888189169206     47.947242753648148
46.754905580767385     50.846492921616758     48.087615595676297
49.996089531355970     50.076458687380750     48.421683004489687
50.956464053586068     49.632615521360314     48.002117662757435
50.463255266971274     48.836593094755457     49.490049995532495
51.489854549074956     49.091649368756300     48.196126817207592
51.334577141057238     48.860001059024071     48.976107945339976
49.186907035987851     50.492757293957041     47.630281906453952
