50.000000000000000     50.000000000000000     50.000000000000000
50.138050142245113     50.523168972523507     49.607647455135385
49.474848023064766     49.740629722520872     49.474183546095773
49.887248361558910     49.874665821019832     50.676778244579552
50.103790547570235     49.579472583893981     51.335349663267827
50.194787240611426     48.897071105700270     51.144329612210981
49.830229971899968     50.990561393999485     49.491734769901740
50.315250128239931     49.047921992407552     51.922480541753806
49.221843023471706     50.093449499457144     50.482036054266608
48.671908512436758     49.879001356104268     50.547256712391416
49.969353024083929     48.430004538096661     51.262136110809990
50.173125368617463     51.199755456011644     49.862474241410972
49.773877944104107     49.394270306815685     49.081779225106402
50.970259822936271     49.091717245791131     52.066501735021291
49.959082152571142     47.881913074505078     51.110355745149938
49.712145171279118     47.921030299589738     51.838463891804246
50.291063241176509     48.966052522489761     49.443555952189477
49.942461491342684     50.488050151969048     48.864255756420064
50.422292028333956     50.131375591252649     49.313343103765341
49.654098484423756     51.116369894197355     50.051537012870533
49.213483005300887     50.457227561234710     48.673307013349778
50.357657878356122     48.190970916306028     51.966118386736824
49.569158084174887     47.203876879871380     51.904800564738530
50.564024825183566     51.819519578594566     49.732722655043979
50.240735875892362     51.826987051079250     49.295741296034173
49.208775530589961     50.382459607338994     49.638838364837156
49.177082245933441     47.612580790643584     51.774367074404836
48.737187306927304     47.899840968530668     51.396858557204098
50.374175612508637     49.399649018245604     50.542132947219642
49.308680889485814     51.138340447447874     48.943363384905297
49.253572519148427     48.097970193630651     52.045924449856507
49.955608343045334     48.901055892590342     52.287897346617179
50.823595352655623     49.127627597746255     50.133706805444412
49.736183270861439     48.318576185119589     52.136935157099003
51.270320861276289     48.560099026428702     52.103277323608346
50.471661775252954     48.480687644555474     52.717016653892770
49.215008798010075     51.509606394257261     48.508219283130437
51.277109525503093     49.233052973723474     50.317488341714039
