50.000000000000000     50.000000000000000     50.000000000000000
50.141922129533000     50.454187088125707     50.480619874201217
49.588128653361302     50.322425691594141     50.424659424016149
49.879161985716372     50.932105534086887     50.870251176516668
50.517338273038987     50.990249031241348     50.518036037004514
50.168079765504231     49.325815850166670     50.195074360567169
49.294264968476561     50.831220624129330     50.823592087363515
50.012217632083491     50.047899290986066     50.996452688265833
49.828489453652857     48.875728976043597     49.847797092485933
49.905991766544702     48.843315574479391     49.283580188097567
49.170466203170427     49.095261359977194     49.702552019747536
50.476577202970923     48.685218480791434     48.815917442233953
50.512567521856973     49.457524181000352     50.893846605717627
50.881816320538519     49.343229361599668     49.908317573167864
49.640078259366760     49.008656445625931     48.659452971900045
50.264110536844271     50.043518611198657     51.571544405401603
50.822106567640553     50.442751784660707     51.386049688787061
49.017273138741018     49.121244246834124     48.347288341304470
49.768165883690131     48.515567830953565     48.842770488370419
48.809906880172832     50.630333957905435     51.086014578857764
49.568375559245972     49.759109797353894     50.793661898978606
49.235901155839983     48.317174446198599     48.274566278463297
49.669342194269184     50.438898724839298     51.525068680984816
48.796266736058470     48.562078967802066     49.595493367977873
50.909606777480541     50.754651683541866     50.269826085465553
51.408618245364089     50.810495115535581     51.496384690031135
51.257180261886162     48.701689231496921     49.736163319399786
48.613861702607572     48.868498687611989     49.063000215377556
49.756190401147741     51.115299486425712     51.599994333051292
50.718995428163829     51.078107020254798     49.641878577144269
48.360700010933236     48.816858076149749     48.412996826752320
48.855913133713734     49.764515240027784     50.552112789862065
51.449663841589427     49.568177633342401     50.088583529603582
50.822191352246101     49.957589274293305     52.064698632486667
49.632541105918214     48.276052563318437     49.445203537077603
49.957575182898630     50.339655355727878     52.047999916464782
49.495795059591828     49.759601239398542     48.580106813226266
51.526093588861812     50.491909868058023     50.338898827476591
