50.000000000000000     50.000000000000000     50.000000000000000
49.599689441175606     50.076177571815009     49.450559300189504
49.493809873300393     50.222571756370868     50.371248511060081
50.091345122770193     49.884738937053434     49.408868513201398
49.965006302354034     50.854382137760226     50.364006002068685
49.017503495344002     50.074355534642450     50.540810575342519
48.875691242669816     49.883300861290252     49.251892509937711
50.276862965940900     51.245180552693036     49.743160311315989
50.425298073556029     50.321694235302935     49.876839825036306
49.592000585550522     50.765360118937188     49.531159359111044
50.372402363053631     51.189820327038362     50.923440541335559
50.081151141546087     51.786477954034872     49.241629726647766
49.636316707154315     50.356185411612316     49.895402667268485
48.700331596032598     49.778217250261093     49.794497620877301
48.970407568193799     49.458243736113936     50.837068436878162
49.357669180169118     49.767999580780646     51.385083097252888
49.503642720857357     49.254466492187262     50.592071969085531
49.924855012914755     51.035821143155523     51.359187618310649
49.865920696859575     51.570051282867567     51.370363534302555
50.117950110337389     50.695891369364105     49.224720394024615
50.568048315581905     50.706372689914147     50.649592094072368
49.623263475343805     49.238604567354457     51.268436484203370
50.376271610703860     51.126383829274545     48.819956707193874
49.345150893141664     50.834276535663619     48.972201380045142
50.077431823883686     50.488784546188171     50.875340649174106
50.077994808995726     52.152219779684117     48.642562078958377
49.587740531714438     51.734492818446689     49.005753379690930
49.212374093365113     51.213064898342751     51.408332043566872
48.933343852959581     50.902103206006579     51.815411756241360
49.768471909292359     52.127641928426634     51.168075130059123
50.349139296263772     51.386148667210186     51.944149496072875
48.397526364152043     49.939066298298194     51.128350723208797
49.406166409690321     50.291128407277867     51.640893153438164
50.280103111560223     51.839790160278298     49.904610904920581
49.355870277173089     48.702647491950714     50.780070689514744
49.577609975709898     51.456886721443205     49.698222405156748
50.744708249988619     50.746772773861792     49.443482879897864
50.807537323180199     51.883274610022198     51.983551903508143
