50.000000000000000     50.000000000000000     50.000000000000000
50.043290439268340     49.334192139561537     49.739287270614980
50.557486097013772     50.031655542759452     49.926589096489792
50.688619390742012     50.069001735239965     50.541238053924289
50.514279658969464     50.808158211625390     49.986337856224608
49.784465065904129     49.785176689298915     49.467773842920153
50.249404389213339     51.125689223679281     50.290486210192299
50.775527011741332     50.338153120307332     49.228260736900417
50.517437587997641     49.302210452514529     50.465315410124731
49.732104128910606     50.483757262682126     50.281285073375109
50.150376379521205     50.439724334660063     49.103477868897485
50.254868440431352     50.437757416797879     51.052912951608633
50.337649724599800     51.349086717533545     49.684239102733919
51.165571652360555     49.778597577912720     49.123195673498131
49.329866952857174     49.872887662993925     48.879807581980110
50.435555990921834     49.960683716555543     48.917407395259403
49.089096359683374     50.257372247644888     48.672576196959184
49.807614547143132     50.905365520302631     49.002316459241712
48.516448763405272     50.599757230276403     48.798394290796821
51.093943988530889     51.269121131487545     49.509257511507045
51.030023983543998     51.572929982383968     49.030003158987469
49.975795356752641     51.650286897325813     48.995545949745747
50.295957025941448     51.184138543571045     50.945034050974613
51.365259465067275     49.677502295144109     50.691947323056560
49.530324683090271     51.524513260556120     49.431637438686671
49.974939199212606     49.950608842712292     50.584010393907718
50.311222311078197     49.077296099777470     49.171622688726501
50.572895083496711     51.882488877157101     50.067337699244241
51.127392602958977     51.391017665167226     48.265416890818415
50.700352505636012     52.111930982724900     48.813700152810348
49.790222426326224     50.906917325139133     50.762740533128536
49.071628822640925     50.851786345861747     48.518447116786355
49.974714120785379     51.562069968323804     50.578010455605209
49.217213110694459     49.959863945442386     50.371849722926420
51.568036536469450     51.022711065141053     49.382822811255082
50.292351751870420     52.414992791482611     50.255858888458249
47.912544920434669     50.329051161580914     48.940411166398761
50.947985302489528     49.073239296960757     50.149763675541600
