50.000000000000000     50.000000000000000     50.000000000000000
49.614089491881423     50.431596023372137     50.135909357654484
50.255482753641438     50.832249075974914     49.867917968800612
49.667731130822808     49.924891850756183     49.282013808572216
49.528456221518859     49.751342186845939     50.175797829144933
49.135261295754425     49.576431628067809     50.463420200271869
50.971271912866634     50.803040499910367     49.983267516603050
49.095122007282868     49.955572047700883     51.025458500793519
50.272695773670840     50.937965778408291     49.080735167547381
50.313076867375827     50.312424839459169     49.562164317679056
48.915858417849883     49.679035388494334     49.717935308813168
49.541431563156429     49.904792653186867     48.590961160451606
49.500091360100889     49.986801260054186     50.678310181637251
50.183734690262654     50.409100763061410     50.535430115093511
49.434641150355745     49.257551663420969     51.073141643645315
49.295196362913408     50.859085756587945     50.540403826292831
49.326182959520459     50.441497687500693     49.518313513120951
48.743582034910048     50.235714316698754     51.628270734122637
50.597860474228028     50.630772670839171     50.264287715462260
49.082302820985774     50.401084309939350     48.590243006458238
49.112267731924717     49.853218218406731     52.164544010377945
49.187251531719056     50.180507773990641     52.716395305574210
48.600637826909619     49.505486529405374     49.127655771784454
48.830562932534640     49.279783154171440     51.298130787583545
48.509229773563256     50.084559531973753     50.211345610520866
49.814161539514252     49.386977249176709     49.237541847513292
50.517598042296285     50.839792530619071     51.078205233664967
49.274942763914034     48.645118781830874     51.202922909769200
51.049996455763477     50.065806457537320     50.312130312415874
49.808308234372547     50.385409172516589     53.099240813473713
51.646974598908372     50.982143529138462     50.325562581214541
48.053986717391751     49.276077080722210     51.117780597821870
49.104074695924602     50.848611551797383     51.441349823769251
49.834193659685212     51.015528871425815     51.073482401553711
50.843359353226667     49.973034291768066     51.058415843077803
51.441378378569702     50.484808948412351     51.221121178705260
50.771930729110537     49.714353506560592     49.291792412182467
49.766542426295864     49.808504624595400     53.000505164114450
