50.000000000000000     50.000000000000000     50.000000000000000
49.636131898028225     50.514921677174797     50.446591063606938
50.286344323787496     50.516348252435144     50.427445315653308
50.794683518167886     50.119305448392559     50.218455275496780
51.111683797136187     49.583000625074220     50.168950523441289
49.879145250667968     50.563954007409620     50.936129601733576
49.530477636427229     49.523014255120408     49.756980347430734
49.817332299395645     49.379575321586429     49.333207150841183
49.383008227113415     49.964125560951011     50.390033802428889
50.361422827896128     50.131284695319920     49.528197131422601
51.413819099858507     50.447099221083292     50.035352840327931
50.464958514874994     49.725084228742062     49.227175290984945
50.887622168798906     49.369135693074263     48.896175190113965
50.506316899189031     49.473388688742610     50.509529392295576
50.254334159934871     49.105075370719113     49.378506553182376
51.051771471114947     49.250346249519481     50.690789026962548
49.157353069534210     50.814288341744714     51.133903080593711
50.913181394225234     50.347345911683448     49.262830140107134
51.074584002445469     49.497763449801951     49.411914503139599
51.658037742091253     50.151456180529841     50.525188434489948
50.174492072948738     51.253853910121968     50.971542149089707
51.156972382600728     48.756278473971491     48.566599435392703
50.973216264899399     48.951698685477318     47.931884455610358
50.303203291305636     48.373392671635258     49.082765970810058
51.404446982557388     50.276617235113598     49.006352094976727
50.934929744870622     48.217647375234094     48.139592378107281
49.765826029812651     49.863106551679230     50.706560948514849
51.503606992784611     49.214371975729094     49.588685775404592
49.740901889261721     49.736536875953156     51.320523078770925
50.960416636695022     48.809516002069934     49.662639260371598
48.983788518074384     49.673227628365090     50.868771783569230
50.781950060679605     50.439456318772649     50.931667246861842
51.372935066289365     50.872417988561374     50.814298019682113
49.566716830241816     49.839527839323296     51.802534937997031
50.713384601077998     49.918362463543779     51.001724738817991
51.919270935285411     49.807316050700038     48.760609092231796
49.323467691960758     50.983771079219075     50.431380439294003
48.875850305683187     49.928523596862625     52.149330992584467
