50.000000000000000     50.000000000000000     50.000000000000000
50.562747574676060     50.049970707546329     49.434260691734444
50.331071601009363     49.857259402926530     48.766184497266366
50.259767799369357     50.093886883252395     50.532771813977874
50.630619947742062     50.388395514709309     48.315874006259534
50.852137355501370     51.096336882676475     48.161734979198812
50.411350017980567     49.561239425767788     50.272605237537029
49.855253060547874     50.582662525948137     49.549669619491368
49.354043997741428     49.984572995141619     49.450747513095521
50.033864280035516     50.555127707964353     50.445329065387973
48.885633939805793     49.874330259544337     49.302249940764632
48.475400392796686     50.110613707607996     48.815658070534965
49.536367147615785     51.180589158536279     49.494769996863454
50.441965323032548     50.773757379933691     50.776952066569685
51.094831984024303     49.746204626360822     49.838202029088741
48.845787824851598     50.309645468723602     48.297183071714763
49.388192712426253     51.853543520196183     49.677681888958368
50.123512831703877     51.066084695897317     49.664765581467798
50.561809141772230     49.959000236624490     47.646688881886327
50.634733063963814     51.255235954492996     50.237210011958631
50.708649520259797     51.135093289995218     51.221332308519322
50.328366395345114     49.237345466360004     48.349878395779129
50.775619795451910     51.492950712622687     51.832709919283353
47.813110900542597     49.876915419103952     48.584993994055495
51.155002508276908     50.077325898435610     47.844586409720264
49.552549861057450     49.797560264310953     50.147180137407922
50.543960160342351     51.369401028998908     47.502186096689151
50.968635975080275     49.053776425862701     48.454388579371077
50.996002393392175     49.895046242280529     48.473210804047369
48.870981131256706     49.317013623834491     49.555143831534096
51.448662864118099     51.286441175703970     51.687170422297150
51.291630420057004     48.723368490265322     47.981464355309186
49.807475881994343     52.299572160476025     49.681975542522117
47.430155909934150     49.659880865819176     48.242449417020396
48.883424139164696     51.496293284655685     50.157287032080859
51.210763866164292     51.320516317442660     52.137700658464858
51.673550230366871     48.405640882563574     48.148098782656916
48.759229416501285     51.433466118975048     49.569259565018491
