50.000000000000000     50.000000000000000     50.000000000000000
49.690304269553231     49.379410844738985     49.647493105189028
49.673212859371411     49.827198786469566     49.054901550391484
50.259863524871278     50.225103581278141     48.761103580131959
49.681780321760769     50.323412349625492     50.516679061007530
50.634992692541019     50.519333380265415     49.001788536256164
50.092891526741916     50.662877880605350     49.892489105630943
50.553957969862580     49.540369252383748     50.126440391750883
50.381835467494142     50.240893904195147     48.018583015777715
49.863832486697447     49.996544369527776     47.542456402192947
49.847775794195812     50.731473450078916     49.104872787532152
50.132126134886562     51.197911729812326     48.537178436397710
50.291143046749859     51.668551432091704     48.949945025402180
49.137087989735612     50.122009107649980     50.692315013642329
50.846322769145530     50.490983772054207     49.755748593706222
49.234351423019490     50.125560340477548     50.075485544088849
51.277271584524762     49.301746196383014     50.059917737167737
49.600908823561710     51.574786846487100     49.118508563438930
49.330049986256775     51.779970554754058     48.406951102562537
49.326248086253770     52.349667725478632     48.349467123560288
48.914718670977237     52.305003169611012     47.690653631881290
50.755363692254477     50.681748422824292     47.646218382008534
49.871740666216169     52.027775752382432     48.884929497623411
49.627263702420450     50.838538627599391     48.036076717647127
48.901091021054818     51.515537246830981     48.377979033170575
50.025037227930284     49.283184867291681     48.708600046496457
48.283321269287121     51.939761233971531     48.570537413448392
48.887362735497319     50.909771227814552     47.840438766397433
48.565756181825606     52.374821925651666     48.289640059839904
51.746128035958748     49.748744793550173     49.798106711350982
49.298692576311090     49.020173500328141     49.241588970074737
49.868591266785671     51.693082017505638     49.717253659434853
51.483860686812733     49.276451690683274     50.641748281394165
49.010586387231299     48.583667865219113     49.480857364870559
49.392348892667265     50.398604809272619     47.717349927658567
48.582085929291374     50.302475471377015     48.075944232800211
51.857437450227074     48.850584225595803     50.378789956756052
52.467176597052159     48.983114436719646     50.394306299681709
