50.000000000000000     50.000000000000000     50.000000000000000
49.917353367851291     49.615455347312732     50.669686273368114
50.123559718187160     49.975406616122456     49.459073133283709
49.884692728321681     49.484656566180050     51.385954749026993
50.500588262653608     49.485102537784471     51.466726087841280
49.946936608015072     49.450477044305025     49.635051101929442
50.141976626885288     50.148124026704593     51.233924323582805
49.943379203595605     48.863321158107262     49.927372207200143
50.092692957891551     50.735511316355598     49.686708816309704
49.559584398583311     50.101156988102098     49.721146130944781
50.522107607997050     49.914035419935267     50.492836085126285
50.146321603736958     49.699771425267471     48.727176926017023
50.493523084726874     50.066995353645559     48.629584346240435
50.612819858203856     49.480362654487692     50.938028718960489
50.366648878468474     48.476656847062834     49.664060236721760
49.324712740738448     49.876765751241237     51.486585463825833
50.598729851013097     50.251756250861888     51.663485102631725
49.264153170145043     49.868962397808694     52.204170943862955
49.154249890111799     50.444570064948678     52.750132744011928
50.851926260757054     50.179819577313502     51.132137171872678
50.898235177228649     48.402470596542983     50.258006077249007
50.978522782617560     50.157888112628640     49.986378054012711
50.111842950331905     49.018645839249750     51.280601290997289
51.604192560933193     49.947447608751979     50.341489004077971
50.710433816530362     50.820947886832805     52.130884737496302
50.773513716101903     50.233734881914728     49.460116754942376
49.471111336936147     51.007580281695084     49.406655430724385
51.266829049402020     50.447061902720819     52.567532596000127
51.397187098145096     49.647611657206681     50.937274907305344
51.360265551497442     49.782739436706393     49.497266785141832
51.057061762149900     50.673893773527752     50.821978258877877
49.004256187762650     49.401641893320239     51.617134077721929
50.328461761160469     50.810617356525817     48.458607561808861
50.413359754468395     50.779434840254844     50.670387508213196
49.074704234923509     50.541307334976310     51.904121357894212
50.107209328527226     49.176039542220387     49.126446946228882
48.915031183872536     48.729121824712827     51.986167051211488
49.131962550623932     51.150550858212391     48.815037310258248
