50.000000000000000     50.000000000000000     50.000000000000000
49.313805739520625     49.826935574927546     49.620445737429719
49.142558635384503     50.493757272203190     49.451793648376814
49.632022113309667     50.367021720434828     48.892665013243850
49.343872733639039     50.271585534052512     50.026051915608193
49.311479478495812     50.920799283213924     50.378518971261045
50.201073163371468     49.830441592782307     48.851308251877924
50.426339397945064     49.778078020831138     49.609452836932249
49.109018675923537     49.487191847854916     48.986197150447623
50.303202802866977     50.510358988064120     48.633015120643421
50.114487842523637     51.042990919579317     48.304703182922324
49.975672684967435     49.810310071023395     50.743127400007587
49.780914938339897     51.297471722108853     50.872789245139316
49.490703226981154     49.125616193070066     49.263117878945643
49.536712709002565     51.364552747301133     48.263597758449315
49.344500981784023     51.848133063289112     48.324847710843116
49.116493202907876     48.707892336247539     49.498897187384102
49.960892513543250     51.527800552647832     48.919785094059506
48.718400540881618     50.207161519234290     50.005622260782282
50.333315350599811     49.275563054643264     48.626484030554941
49.694451088074580     52.148883054985575     48.031769962195447
49.673798181485850     51.221887532700556     50.178637989624292
48.024667594589658     49.950979572046059     50.305853313138527
49.812560122084001     52.727625428331073     48.501438340355534
47.607663445902219     50.079270986609615     49.811413662319417
48.969732076163339     52.396103645120050     47.804199992894297
50.512276972305642     51.646486238535978     48.814118037596053
49.974201609326030     50.325038065590135     50.659032528689764
50.574238175330166     51.874119718035708     48.347858217273696
50.688054474543641     50.364437760188075     49.640920580390379
49.788745714557642     48.758874867521804     49.858033071126407
50.917891432574315     49.696693025140831     50.200089889853956
50.813873952185745     50.327949450307720     48.332671077276757
49.060808099568803     50.886656785296069     48.927765248730481
47.997900027150862     49.557607882574445     49.540352728914989
49.915493490869025     50.905088179102528     48.769019755957757
50.260211555835944     48.233719780394281     49.882705007139194
49.391218381426420     51.498636031987552     51.292832171070529
