50.000000000000000     50.000000000000000     50.000000000000000
50.303593421051609     50.211528427842126     49.309924936469208
49.746152146562267     50.137581236450046     49.213877552919371
49.682190715646236     50.812128885051237     49.495284131477639
49.411639859349506     50.810042072582092     49.029329372847862
48.798287726468978     50.352509128037305     49.039514485560474
48.875498800368142     49.735811889340802     48.587156811758526
49.165096537904169     51.067011531194083     49.922815055824415
49.659321021859547     49.945298971238849     48.728186763657057
48.710269576047665     50.488409788463116     50.088788987590554
48.673828765383028     49.299722331564823     48.822738501119126
49.473264116196475     50.923165865089381     50.363404463147546
48.594377093008873     49.778488404534386     49.217234101799576
50.581894541957951     49.805880229318738     50.284362561653154
49.560876387687181     51.201036423162350     48.391665109996715
50.933619735016755     49.098064710878710     50.407458363998792
51.112579575065006     49.790109631665054     49.841627894773502
51.285823038681798     50.088028886983935     49.369479908428076
49.713427432063710     49.366384072010121     49.929700481271105
47.993954567505476     49.672776084177166     48.791129654960280
49.942943707006783     50.519959941318142     50.054375233019286
48.263701489328376     50.584762255049739     49.282519301181338
50.138707298967098     51.714130899281905     48.389455994634176
48.319089472867837     49.945598961489956     48.129946105877600
51.558742559844994     49.313991694510833     50.136681962401227
48.944708538088285     48.615818278406955     49.039233218205894
49.557573789259415     49.161815217235414     49.191465209890993
48.421882239269756     51.137848171831834     50.087863174505152
49.251667961003889     50.029724601184896     49.963651119969747
48.389162337813730     49.405224877995479     47.976637647621054
50.161814708772958     50.695635654488413     48.745968036653295
47.990893075613087     50.248264643021848     47.754964560690802
51.834903927856367     49.466981489182594     50.633787508030636
49.502035372185958     48.066951313175821     48.937076611014312
51.147021886356256     49.722006484554157     48.952670088416994
48.552766310396393     48.329994482742414     49.538638490842999
48.049561296948944     49.912296094738970     49.564890070359617
51.715928749540332     49.766540086824271     49.963287107028265
