50.000000000000000     50.000000000000000     50.000000000000000
49.654960868435445     49.949485044511000     49.598413273752705
49.385617356294034     50.526642354852136     50.085420796113382
50.575544270136213     50.059680112192687     49.527845360753787
49.063998968933532     49.483361943918219     49.470803195031799
48.543333971031444     49.761314852651793     48.932348634054030
50.898300233062201     49.992398646032576     50.121288899173535
50.443103102035366     49.532714122486460     49.739518253626812
51.006506012679338     50.522814004271552     49.352224413613349
48.741048207178991     50.156163297307884     50.231934221364014
48.879340821302307     50.381596225687716     48.760830300707788
51.359618876906637     50.463310323323441     48.822729712571167
49.008291861090107     50.181936533135271     49.588323269887013
49.752117932262742     49.943316991150809     48.803122418811107
50.326108192509224     50.548029813074592     48.932141170991443
51.249988164085295     49.739398340862834     49.842569495786343
50.582206094304645     50.668425165328514     48.378190534596250
49.198246108128373     50.744936183975099     50.613456348857056
49.253835954931496     49.828998134422072     48.446455643978901
49.597891499337379     50.633264723144549     51.076903338446165
50.378194810763802     50.654648826579070     49.733343771293910
51.683050168512402     50.241394593298935     50.190208727486727
51.999685826963315     49.609940758867218     50.057087198371576
49.850820250862164     50.119335235638253     51.369438461507080
51.999767772747155     49.272293985047959     50.480490274966257
48.902238644801571     49.401451491462893     48.533782837423232
50.473198912689988     49.075671963850098     50.151379925739889
50.430541502049600     49.629606393043147     48.764754805225230
48.200009748451450     49.999999507724823     50.526444811603199
49.948907618777632     50.833911240228247     48.770650586012181
49.763882484460375     50.555038656473691     48.383563045219162
48.810441191757278     50.582326341956595     50.981045469469855
51.497725223507238     49.174034071925774     50.384398131115915
47.826650749172948     49.573384114086274     50.170410945616005
50.558203076185848     51.269037366828492     48.039253340863084
50.619134561718198     50.937842478143132     48.815020338798540
49.299540325588552     49.609949744342615     47.984924938919697
47.603586977515683     50.358643901833844     50.565066104326121
