50.000000000000000     50.000000000000000     50.000000000000000
50.269397796610406     50.001904656265936     50.637914573390162
50.489196861170342     50.631055199945287     51.003373737687632
49.852542177915971     49.500815235498706     50.627719147038732
50.836556227644444     49.778194433764142     50.837408896400206
49.667274875057871     49.517071714814065     50.043508014754195
49.130915627806814     49.289320454131648     49.506018358794059
50.119430765484026     50.201487779923589     49.416055964134806
49.902674747106268     50.671013158153350     51.262771199445737
50.041439193445491     49.090511147494048     50.230846082451954
50.906535519043032     51.259694202629454     51.242899913443900
51.474700546652869     49.765833492633831     50.597953112681829
49.915316844312599     50.804601793223192     48.962272791108184
49.394284144360306     49.298767815102906     51.173189083008943
49.769445441369854     50.685206496207336     50.319383277464205
49.738109224026992     48.626172446987823     49.900816731450568
50.070199459108402     51.308742967013870     50.207140203603984
49.952763184398826     50.667599954840895     49.608402037614688
50.739725530237180     51.306260101099546     50.553791428630298
49.501440918970104     48.848351410875210     49.133547976363992
50.075339346306549     51.130558569514179     51.815618113926526
49.112423535204783     48.992794517916387     50.703717582562966
48.759336463529081     49.496372125384596     49.022136351219196
49.493980812029953     50.459957690943995     49.844194823222132
50.431795524202975     49.402439148644049     50.196526276291792
49.502118324788107     51.471832912150333     50.537618152527301
49.496809603742676     51.223025460357384     52.221231927607960
48.635071143768236     48.799573199137001     50.609643329003148
49.861148043528225     51.427798598282493     48.842734223665126
49.230035307030910     48.214710958632686     49.675694149957280
50.374105670383543     51.633957395083272     51.823359933486906
49.472205636564368     49.757671392386776     51.411110119250175
48.876529878315218     49.681947205148610     51.327420554892576
50.160425620215683     48.591313283263901     50.232146671094903
49.152068809201751     51.141734657170119     50.958267113813967
50.073895718754201     49.226580843569621     49.046026980642395
48.578179214652565     50.092048671750298     48.904583864442714
49.066325059171930     50.876297465468227     51.768125735164652
