50.000000000000000     50.000000000000000     50.000000000000000
49.563711193330619     49.693107928625658     49.414382748269098
50.376593268819065     50.344281008564700     49.650496883258270
49.526701418422917     50.351747732570317     49.130396295227385
49.859000840494929     50.859837106080796     48.871669810881343
49.534528350721402     51.234420774115975     48.408854405978296
49.184363265326382     49.951898508179539     49.073844462651095
50.878253164518220     50.553316945768159     49.426101698134104
49.587212691222888     49.560436664580166     50.468757755953931
50.768762581059207     50.089933900468473     49.120374446800206
50.045185713088266     50.466441101450492     48.500661642467314
49.754102832086474     50.828822667600207     49.584605707997554
50.291660858269744     49.730359267345897     49.427433347033350
49.117076198610540     49.767021836230491     50.060135046426637
49.730016599774409     51.539089491793717     49.001428571657016
49.079563043087646     51.837383728684443     48.459068429999085
48.702176109923883     49.863796424216943     49.390556497801221
51.339965610452793     50.241344313307877     49.232758741507922
50.245077606928461     52.118811001968879     49.206111852277239
50.308125724623601     52.607319144001629     48.619248936870761
50.033199160962930     49.086438408091873     49.831661539237324
48.754569952886307     50.558859294713436     48.781169419142721
48.868065516176344     49.244400098733259     49.822806614575960
48.037706887394009     50.248196270731150     49.350132513039306
49.305668911504760     50.402633421949346     48.562823891850115
50.814887330962613     52.602221279571829     48.433845393263205
50.442998468472638     50.817661096785720     50.051435348053282
48.935307646022189     48.678332145840677     49.466131450227955
51.153354464442700     52.852175262007513     48.897635698854039
50.360276687799789     49.217164668483349     48.837335145534105
49.352121123342009     51.491590068185850     47.953948819426046
48.613383988851794     48.482893049314754     49.832231831704036
49.654992692345502     52.775614936305836     48.627574785141881
51.177150374451372     50.968559811057183     49.799742442024673
48.293667920666351     49.970320687551997     49.870514256015198
49.897520094466287     50.121546056021621     48.855573726681655
50.746232819624502     52.725361934694860     49.468015367231949
50.544489055355648     48.802220287070092     48.320202355792560
