50.000000000000000     50.000000000000000     50.000000000000000
50.664586309136617     49.657712280094287     49.904163573871827
49.978987541951277     50.768514850618153     50.065437998570637
49.640456765452470     51.215643006211486     49.990221884952540
50.218214378323516     49.334980125970567     49.768875405750137
50.510538890000632     50.798164327212078     49.498280231755615
50.787555658682749     49.631895951578628     49.179163633559966
50.762347317804370     49.501454193664586     48.447052230058176
50.266537930538810     51.531897779397639     49.595483281612019
49.953648135565395     50.365077004250288     49.538578196214594
50.572846332699207     50.395976428627883     50.014194097668600
50.101083138187697     49.494979608103129     48.442772410866070
50.230256379340425     49.878022816220252     48.065566989616293
50.190292419788705     49.267487432799236     49.026875678673100
50.812808848334981     50.792862315097693     48.929758660635407
49.699654700278444     49.185361505167073     48.097965144278021
49.960638282497747     50.382321760160686     48.492098839126747
50.013799900232364     52.219840432750459     49.866034377331587
49.190121661273018     50.364299068434150     48.592374737521766
49.601177997280764     51.943602880115066     49.268184653542683
49.791247787161517     49.671265973321553     49.648315384881037
51.271641204348924     49.151373714552186     49.815589228133732
51.358684479045053     48.682318872370757     50.162432973367309
51.683333880770007     48.981684725176898     50.644435456411706
49.511247985114650     49.972840517739670     48.999881930499939
51.455017683613057     51.160500973219065     48.661450011345522
49.150715378737793     49.296666987882269     48.523337745698505
50.764036233070513     50.527029947291282     50.522471289612760
50.933680499933260     49.490809222720756     47.976076471770028
50.149506242138571     52.241477038340925     50.575397314343100
50.869339708625063     51.177083820843897     49.674415987120568
49.655824795860198     52.208826026305644     50.510654293399590
48.780566593326554     49.051569360889189     48.829193123667515
52.070469727927900     49.585590766454473     50.408680321535428
50.387597129087176     48.564807341914765     48.860559456465296
49.669536313936291     48.501984076654963     47.880590412584517
50.206203607542243     52.173934670427840     49.192801521306549
50.611681821326506     51.234625429645178     50.157402746929492
