50.000000000000000     50.000000000000000     50.000000000000000
50.636826593309209     50.208198914559723     49.736827233133901
49.657487703230736     50.509587317186337     50.150283798607965
49.328871242755824     51.012678573823969     50.617431985787967
49.848436894664545     50.439736851986197     49.541688742223016
50.678971099144874     49.728840926054751     50.006548779608870
49.193084056329880     50.809830401312468     49.604420220381982
48.796881722063155     51.424617784643232     50.195598698372400
49.325415917986128     51.508089324001091     50.720335982419151
48.552776821572976     50.798130961567942     49.553396258411830
50.663073383750834     49.694530498890643     50.676656807727561
48.268998596354614     51.785745586784572     49.762070786958752
50.231368760402532     50.392092559696486     48.954639561764758
50.597951661326718     49.301634696825190     50.985057096445111
47.885164741643592     51.408158074768828     49.815225055478507
51.091822498142356     48.823699937283223     50.860396367897089
47.463358331635220     50.899007304430562     49.550742293391487
49.883268304584966     51.011725608104584     49.069979023665255
51.080203454714308     50.474660279018394     50.098324677181232
48.136339455195937     52.009561656126593     49.171320004144178
47.839535690927548     51.721568651261087     48.608409221272396
48.918865367678151     51.069468190509227     51.159441012484550
50.362807814144986     48.743609843900465     50.974424245976515
48.722472010522281     52.032114222938148     49.539059549013857
46.843426318957619     50.449543781989604     49.653034003030484
50.011710818388728     51.198757356592175     50.981594369383203
48.006265900371275     52.331972961237661     49.811532313646183
48.102611988810771     52.993330880230069     49.491095229120816
47.620762550086553     52.133657442272295     49.198232840692619
48.144276616971112     52.184838934967480     50.264887829454544
49.790909465873000     48.931920224298416     51.429805116656247
49.378451510131761     51.366321508310463     51.425858010440706
49.404513638131007     48.859920089680180     50.860496380342518
51.123140326788615     49.390768473847849     50.517932795883397
51.460394787824171     48.352627969764725     50.976662541231462
50.311172982551234     48.918475031089343     51.515503748244619
50.142648276744829     50.742578179091694     50.038001438686841
49.425382446402914     48.965968265224070     50.179447635278294
