50.000000000000000     50.000000000000000     50.000000000000000
49.482387376997416     49.634176748673362     49.717728664924152
49.431003649628337     50.363175464014802     49.574499475871825
49.862299908581264     51.023857619270096     49.507348942197027
49.260117394708033     50.910795234822380     49.419975862636633
49.129469182830874     49.869825965910117     50.306197251102361
49.697845753900637     51.669393289517409     49.480093470695415
49.019641210777984     50.475742265223431     49.844093995480009
49.309413189823999     51.555768219870757     49.786803791633204
49.739933675356085     52.147942476705680     49.301864995868712
49.645298706844478     50.633102913320435     50.224353560789687
48.542308883592845     50.598903513255692     49.595813832869617
49.328273103929547     51.227383875974546     48.971278632516309
49.484801002282701     52.124976492120673     49.932372006433390
48.168827647381882     50.072810423982745     49.475639876024992
48.519125503637177     51.269281011051554     49.667354991043993
50.101612270989037     52.005451256763983     50.157212131998719
50.150887524130269     49.531643580201937     49.895971726022168
49.428906673301967     50.320581136167903     48.920086830965424
47.977192483991999     51.362653131653751     49.666225939941995
48.790441196759375     52.380491646079996     50.179491372678740
48.487561001530750     50.569947243031166     50.207915200342391
49.419666471417855     52.223371279227194     48.668286904644638
49.419953572391591     49.562038002495292     48.845355683091960
49.895583834150365     52.579386395161684     50.572617167967955
49.461781893186988     50.464697562805803     48.313745138022334
50.595206984890432     52.258201022661105     50.074623383330845
50.146151339237242     53.077001881971853     50.924167842874461
49.820582864722866     51.331967396854658     50.171220134821837
49.971063421286296     52.834923325877568     48.996158260368041
48.193396564397716     52.419409226843989     49.928726942669634
50.090659948187010     49.989320891360421     48.900186174515923
48.907139352839451     52.398173422516741     48.278948474269320
50.296594043858200     52.727821973867769     49.480113379083392
48.626057090133280     52.919555105681013     50.480585737135016
49.563789169804231     53.000347587237705     49.558905218493749
50.735205154668819     49.702810165927154     49.726424243104688
48.892990186966216     51.764737933043563     50.198818304006856
