50.000000000000000     50.000000000000000     50.000000000000000
49.461759818627392     49.842992430989490     50.163996055914147
48.917389681765059     49.424919864827295     50.133309407305049
48.749580051417468     48.951355377720432     49.623220110789596
49.471912938523772     49.500672546710639     50.709448459192998
49.759263343930229     50.575628325478121     49.595867490413916
49.435684973181083     48.998343573960234     50.425438422396262
48.750046130849611     50.032050124271628     50.314739156010965
50.116701688068403     50.769535346855065     48.989271534126090
50.205807359426537     50.666552473215638     50.229489834348463
49.155295497606083     50.690060985472392     49.513836706193999
50.699413303373035     50.745681649816454     50.855268766926841
49.102701216800376     48.554957793736016     50.242749739882441
50.473468785778735     50.512454946389191     51.571376408487431
48.969817211292046     50.249614890887472     50.775240795627269
49.022674994559523     49.725250945472411     49.483510781372196
50.100924089775752     50.389586155135028     50.634449086265221
50.946648255555274     50.398552808432449     50.089665514702546
49.395617498377185     48.158222262136164     50.610313134455417
49.340388516637660     49.041636778348312     49.766722240942691
49.132806278592525     51.238289074478907     49.673485204534913
50.064967374225034     49.477126821713171     51.230584146150406
49.093537163210435     51.357118768454136     48.925335979869168
48.360028076489868     50.366889080154195     50.346194464512187
48.580616352200622     48.531349832365009     49.182546284286182
51.493755557252378     49.996952162468531     50.043676114183150
49.102709428741541     50.394200281188475     49.991928435465148
50.020594848926045     48.739852812970923     50.424174947956082
50.617846270035187     49.032037263760735     50.229660850548470
48.552912844710221     51.067759671695548     49.056953478911581
49.904183499468964     47.863958783347549     50.374199422503793
50.727975925439026     50.071607600246601     51.812673167986013
50.817967245179261     49.487401106299366     52.089415760138728
50.505688296400322     50.091121026436184     52.556931991154286
49.740409687622034     50.320643381605493     51.267350159226396
48.229323104174100     50.795437459999356     49.644406720904904
50.912010103637286     50.507673394327931     51.237109561503296
51.443038068928857     50.885788689567583     50.813242236058990
