50.000000000000000     50.000000000000000     50.000000000000000
50.474401837779929     49.810879131145555     49.757807669398275
50.607244186417887     50.285719271673727     49.688899834261676
49.796105937155176     50.323888035838593     49.438458416495678
49.598745912365459     50.154077222263197     50.592625006090955
50.500078777090465     50.511030874124749     50.427782121330594
51.095781773092448     50.827387448829157     49.687014653962372
50.105528951763546     49.786317407161192     49.178113462632567
49.356955847403839     50.325910815657579     48.871020479076449
50.361496621527046     51.125962666993537     50.847038662104914
51.282113794827538     50.505221780337301     49.166528283521160
49.326066994897346     49.843341795567490     48.501031554150934
49.755937081025024     49.569094810596148     48.574449978597777
50.635995838567283     50.913473137000416     51.234019434345285
49.827764075271268     50.346166957820941     51.144808735399536
49.103261077796653     50.039269448771478     50.123324176573590
50.238458444868222     50.479075373198043     48.893682922326747
49.104055510883946     50.625206719177413     49.278560543320822
49.370425991268235     50.176864057028787     51.336491089877164
48.499928817245149     50.251006384196586     50.610698332884645
49.724491206003407     50.611808112257798     50.163114341264119
50.739962116705421     49.209733249525051     49.941358446990151
50.569911801459320     51.858448802635237     50.690815623605452
51.191218938446362     51.437913559907095     49.966372930999007
48.990342834290978     49.335853293517772     48.886744892438109
51.421487025399443     50.606351540977478     48.487793743291554
50.716605984319088     50.021720183465483     50.481662744898259
50.333807244270822     49.993132659784415     48.591792149884917
50.879005698613121     49.875033610034841     49.043721143262843
51.232195900089422     50.635642745819716     50.416170304835127
51.044249832957725     50.872646555057997     47.906493102976675
51.067222807054009     50.576911979094348     51.509815881263549
50.324515118079795     50.364408807857728     48.251972544747005
51.244559110202601     49.863229941812641     49.808295648412930
50.851035374171332     52.462036279664567     50.814109670911712
50.729883356793771     50.983790961509946     52.014815349168678
51.617297412786797     50.044741119642225     49.479547439438207
49.908529338678846     51.384802210555463     50.143629541890405
