50.000000000000000     50.000000000000000     50.000000000000000
49.764555985558005     49.547903070231598     50.526332150518293
50.401482336029360     50.352842554292586     49.584666175171193
50.961147487663723     49.947147087987972     49.741634658100367
49.272725841170434     49.989706444952560     50.230968750075441
48.847310563919713     49.884396302940168     49.784000447182748
50.541804931683579     49.935931966538945     50.045073040795714
51.223278117554528     49.272066298046447     50.024347810121917
51.780517549775091     49.231477990865095     50.090502915407399
51.946549938316217     49.125460109222125     50.721635131325684
49.492216275719898     50.469923978971629     50.545632159843201
50.056113744873898     50.916738539141491     49.319541925567719
49.743371059931505     50.641060453320286     51.001943871343641
51.624431239594685     48.419838882508785     50.673749527208749
51.506163553584209     48.659051676630902     49.645886903635208
48.584017174073622     49.233320283939605     49.622669706685919
51.850565724851364     50.006584318317891     50.077705708072500
51.482980040474686     50.476123835221983     50.254170099972427
49.973254146536171     51.130761403279962     50.743346312659355
51.375866452030529     51.004181793893153     50.298703604174790
50.975386810206388     48.382100548876807     49.340052366566098
51.231110260974944     50.136321213735684     49.119064001128372
49.630128096279456     49.098765585281541     50.143755531168985
49.766473836768142     49.425136154171810     51.262207489611654
50.929695511933033     50.389287996434064     48.675916340664038
50.456506697532411     51.010883929720094     49.604854039452576
48.615448311110718     50.251383549486839     49.289272636115257
51.722076971725450     47.957927914102584     49.433921246875741
50.826122006779585     48.432287221463980     50.721969750301071
52.190680931791981     50.429370710031222     49.808294670092941
50.737802276887088     47.810428527362994     49.133590595299779
49.523042545274961     49.717927664190846     49.387658740776779
50.993703729763482     49.373785760953297     50.695968619388999
48.595059765153842     49.522180795067094     50.372560625094202
49.201930450947863     48.849553741350135     50.700710980334172
50.106807735224514     49.700494433145991     51.835247076903563
52.119050094051232     49.785564106637096     49.682807329919811
51.358274811135601     47.728044025179592     50.062611241915633
