50.000000000000000     50.000000000000000     50.000000000000000
49.960879016038348     50.280649099081536     49.418181503250551
50.491927817580589     49.875433008073443     50.298096092393507
49.583380850136713     50.538425933393157     50.349340544358675
49.606070691339028     49.834935024170250     49.485251931609653
49.397038915758543     50.801284109203408     50.819568850438081
48.877125160368102     51.089209682720089     50.605643703559238
50.868315087288345     50.009741007048639     50.853095682801083
50.261624677711985     50.527894761498892     49.868589159069579
49.927993987991968     50.946163211130418     50.163433988497296
49.439088533701735     50.316933630473919     49.831805723923594
50.713017804436426     50.179513374081573     49.204140286837763
50.957609574903977     50.539983523504958     50.552787927044527
48.701555520362518     51.781343940235722     50.899265506121594
49.156259325582305     49.985741790358780     48.995213401704284
48.681506441101781     51.260923335747741     49.986711805878535
50.705358158003193     49.606885306715981     49.552481386712977
49.998584584044053     50.397117549343534     51.120526476901958
49.446073039538227     49.863577867295433     51.013593227891100
49.195343675558533     52.067216611171403     50.468902631265038
49.488665656771573     49.389459247290951     50.418282953031941
50.378504024012599     51.010564383041668     50.864873613070429
48.221044551920279     51.534560978935708     50.406894040423623
50.437455722696832     50.552863897527473     51.681585586297047
47.964176078229080     51.533776805184146     51.053477890529173
50.484316230354551     49.687776995684715     51.256357107636120
50.404622742757724     51.275596637861383     49.746936476985766
50.680977371948657     51.397621415223746     51.147010415856691
50.712003060108380     50.901570769897774     51.286352890660666
47.839112066431838     51.214471912294577     50.362134902459189
51.307377227756341     50.255929770166816     51.432855773135799
51.387849607106261     50.470454328210010     50.116918090808632
47.248243082358172     51.637772445216200     51.226277590101411
50.712497656998131     49.094829498858822     51.717462980954345
49.062338372141710     51.587512348634640     49.599083534371658
49.259071922801191     49.523629211983213     48.608026596735570
48.285100573930698     51.080082819285792     51.426230122992926
50.564326153238383     50.940208310612036     52.104536920403540
