50.000000000000000     50.000000000000000     50.000000000000000
49.874527719351370     49.713899538846064     50.715571701360389
50.311012733390982     50.229211747231638     50.846962649138092
49.911655812665231     50.015910312919125     49.281785885750075
49.354240403915945     50.100773029333382     49.241812800343780
49.108890414689661     50.111616827787259     48.769140125330942
49.939519274447775     50.704828875680910     49.801237554545075
50.594270692225543     50.131403060334073     49.416234093853191
49.830078581483662     50.677911184902833     49.062078662294574
49.562944159632593     49.558535548319057     50.204096530464781
48.658833762232497     49.638349254093654     48.610443256438941
50.483136827947419     50.057817073249332     48.894380913367492
49.322854926301297     50.641614361261055     50.276856222022580
50.323729725686405     49.393487484658358     49.645598912276377
50.239405400946453     50.773035885734018     49.382519656040571
49.971819857329429     50.178287819905897     51.272386732575356
50.586951204270051     49.336768735791445     48.582551030209459
51.153468072632442     49.031964723462735     48.630072649983390
50.407910423859143     51.494123891337942     49.325179882737281
49.327573242910262     49.644988865325885     48.513029969368979
50.623059772945673     48.822252240876132     48.053201765356661
48.630575465335760     49.153336092175998     48.505593502160480
51.036602927299327     51.228034929567038     49.252247137339324
48.639069640123196     50.552345108158534     48.814836973364180
50.152780868241948     49.198262151648201     51.258620653186348
48.985332373069213     50.840174777230210     49.173900218724448
48.599043040729313     51.061054075725842     49.650243951919691
49.343968984013493     49.012370145844471     49.875858033285247
50.878496704903093     49.094699950414324     49.970222089904084
49.026111721040841     50.873095351071527     49.865459752595086
49.446480673028972     49.957732138020326     51.360510007715106
50.335130951418094     50.706419648753908     48.761224532941291
51.312262686587232     49.540860704080117     48.558693001746938
51.722211506754931     49.020616434475905     48.109825226281210
50.803301319080269     50.000165520958710     50.359699110684474
51.573920208092105     51.018507343729425     49.586486361418302
49.808979324435988     50.302917332747789     48.686873104364366
51.199402134753477     49.427909940307991     50.349570615724829
