          98
Energy of minimum      1=    -543.6653608     first found at step      839 after               170262 function calls
LA         1.3903877830       -1.0325794616       -1.9409578071
LA         1.4899774169       -2.0916169955       -0.4145134330
LA        -0.1364928576        0.4111183615        2.5649694229
LA        -0.3359477020        2.5321238267       -0.4921430821
LA        -2.1121425144        1.3185380543       -0.7530120488
LA        -1.9535499499       -0.3679373788        1.6777903401
LA         1.4087638589        1.1629579638        1.8519258200
LA         1.3088986922        2.2249254788        0.3212583070
LA        -0.5626107315        2.0724573380       -1.4680280865
LA        -0.3041530119       -0.6759854983        2.4934416509
LA        -2.3361303414       -1.1437979804        0.0306154487
LA        -2.3951332166       -0.5163606206       -0.8737417708
LA         1.8736159632       -1.3136096615        1.2372179395
LA         1.6741611840        0.8073951554       -1.8198936089
LA         0.6996558748        0.9893978205       -2.3018013697
LA         0.9581135451       -1.7590445288        1.6596676505
LA        -1.0703721260       -2.2298534505       -0.8054647541
LA        -1.1293749994       -1.6024161021       -1.7098219538
LA         2.0567408942        1.5832563308       -0.1727188823
LA         2.1566060399        0.5212890191        1.3579483340
LA         0.5744748308       -2.5370517850        0.0079360591
LA         0.4158823296       -0.8505769835       -2.4228654004
LA        -1.7858896760        0.7191664240        1.7493179710
LA        -1.8854793567        1.7782044016        0.2228729392
LA         1.9002929789       -0.2002991268       -1.4100563594
LA         2.0010474367       -1.2717234040        0.1342416541
LA        -1.3157436368        1.2575649068       -1.5253988514
LA        -1.0975891183       -1.0622931524        1.8183299622
LA         0.7993407246        1.8613872628        1.2392675067
LA        -0.7639897845        1.1007539812        1.9606510582
LA        -0.8647442873        2.1721786952        0.4163523987
LA        -1.4846443192       -1.8472285072        0.1518893189
LA        -1.6020443301       -0.5987952215       -1.6475407496
LA         0.1794411856       -2.1580199428        0.9748039481
LA        -0.0387132868        0.1618376551       -2.3689241872
LA         2.2873475623        0.5846366878        0.2563841125
LA        -2.2647252943        0.8616252343        0.7455473924
LA        -0.0248747126       -1.7173802201       -1.8647269124
LA         0.0343989326       -2.3476969539       -0.9562195108
LA         0.7822900105       -0.8309974013        2.2637768378
LA         0.5283325094        1.8695900835       -1.6287165467
LA        -2.4331551368       -0.2304674602        0.6736915053
LA        -2.4924287935        0.3998493913       -0.2348160716
LA         0.7560357580        2.3313661440       -0.6483530714
LA         1.7019937788       -0.3835183053        1.8393883968
LA         1.5073099500        1.6867521571       -1.1445971618
LA         0.9507196191        0.2610953645        2.3356329513
LA         0.9541029601       -1.9002179687       -1.3806077366
LA         1.9950656111       -0.2860691510       -0.3286368197
LA        -0.2673740722        1.6551659943        1.1657880336
LA        -0.9530961254        0.2645416147       -1.7865471231
LA        -0.7745953073       -1.6336384745        0.9493958908
LA        -1.2553394276        1.2553238077        0.9528377437
LA         1.8416389909       -0.3331353852        0.7463245863
LA         1.7452326176        0.6920512905       -0.7313288369
LA        -1.5926831141       -0.9320003039        0.8089193237
LA        -1.7114007714        0.3304448445       -1.0107067551
LA        -0.4894812178       -0.7179957774       -1.8178296999
LA        -0.3707635730       -1.9804407998        0.0017961910
LA        -0.0004119578       -1.2293794317        1.5963209573
LA        -0.2155359969        1.0582524906       -1.7009586866
LA         0.2405250954        1.9831315869        0.2625857598
LA         0.3369314942        0.9579446618        1.7402395480
LA         1.4712875846       -1.0841969446       -0.8482000860
LA        -0.9252642236        0.0191162525        1.8782744235
LA        -1.0837722072        1.7046922557       -0.5512315670
LA        -1.5341830062       -1.2157519910       -0.7433865716
LA         0.9252645162       -0.0191165973       -1.8782740265
LA         1.0837724390       -1.7046919935        0.5512310725
LA         1.5341826178        1.2157520522        0.7433866454
LA        -1.4201478196        0.1614847046        0.8745133154
LA        -1.4789804985        0.7871121932       -0.0272352442
LA        -1.6461573569       -0.2968556954       -0.0985565602
LA         0.9166375616       -0.7754938011        1.1687836135
LA         0.7614693866        0.8745666643       -1.2095320227
LA         0.9874786908        1.3329072350       -0.2364621768
LA         1.0838142034        0.3084741053        1.2401051256
LA         0.4877256632       -0.9003757437       -1.3263172400
LA         0.5465583300       -1.5260031130       -0.4245688582
LA        -0.4251361275       -1.3445255048       -0.9050862489
LA         0.0157844122        1.5143848905       -0.7169797555
LA         0.1709526099       -0.1356757985        1.6613362082
LA         0.4722275862        0.9911581746        0.6568498306
LA         0.1400453590       -1.1626995189        0.5151332499
LA         0.0231441136        0.0804298947       -1.2766520752
LA         1.0552498358       -0.7174098217        0.0928211791
LA         0.9973322533       -0.1015134677       -0.7949013977
LA         1.2198262875        0.3496980354        0.1630333157
LA        -0.7109424520        0.7102963881       -0.7917609173
LA        -0.5940411893       -0.5328331996        1.0000246625
LA        -0.4264354326        0.5539166608        1.0715290963
LA        -0.4843530299        1.1698131621        0.1838063028
LA        -0.8165354020       -0.9840446093        0.0420898522
LA        -0.8755190658       -0.3568115377       -0.8619729131
LA         0.2524107487        0.5323399697       -0.3093716008
LA         0.3105773013       -0.0862039303        0.5821670199
LA         0.0871267611       -0.5393549525       -0.3798854825
LA        -0.6501153320        0.0932189867        0.1070901484
