          38
Energy of minimum      1=    -173.9284266     first found at step       21 after                 3926 function calls
LA         0.1362486155        0.5769170685       -1.6460389118
LA         1.4679647837        0.4463286412       -0.8406611076
LA        -1.2552191160       -0.6042149566       -1.0583905701
LA        -0.1362485959       -0.5769169151        1.6460388742
LA        -1.4679648037       -0.4463287201        0.8406610842
LA        -1.4147012551        0.8660277165       -0.5562889480
LA         1.4147013250       -0.8660276811        0.5562889555
LA         1.2552190736        0.6042149282        1.0583904963
LA         0.9348817214       -0.3860960742        1.4275039237
LA        -0.2402080234       -1.7290139866        0.1168396492
LA        -0.9348816551        0.3860961146       -1.4275038377
LA         0.2402081137        1.7290139143       -0.1168396156
LA         1.7350388985        0.1242832951        0.1871756884
LA        -1.7350389171       -0.1242833381       -0.1871757820
LA        -0.8257285043        1.5391184569        0.1006358764
LA        -0.5599494372        1.2186343902        1.1234887463
LA         0.8257285253       -1.5391184420       -0.1006358901
LA         0.5599493563       -1.2186343236       -1.1234888136
LA         0.5059871345        1.4085301886        0.9060133947
LA        -0.5059871429       -1.4085300987       -0.9060133628
LA         0.8818477675       -0.2234981113       -1.4944007386
LA         0.7223657451        1.2467438738       -0.9922994016
LA        -0.8818478139        0.2234981871        1.4944006799
LA        -0.7223656366       -1.2467438812        0.9922993994
LA        -0.9838105945       -0.9227797593       -0.0334941742
LA         0.3446847802       -1.0530521764        0.7699357520
LA         0.9838104789        0.9227797119        0.0334941933
LA         0.1855882737        0.4136345632        1.2708228678
LA         1.1429069068       -0.5439069869       -0.4673928976
LA        -1.1429069669        0.5439070129        0.4673928617
LA        -0.1855882775       -0.4136345199       -1.2708228281
LA        -0.3446846906        1.0530520726       -0.7699357152
LA         0.6616298769       -0.0648795251        0.4001318812
LA         0.0792347049       -0.7304533248       -0.2494564843
LA        -0.6616299231        0.0648794492       -0.4001318564
LA        -0.3975382817       -0.2535693485        0.6162262282
LA        -0.0792347142        0.7304532834        0.2494565574
LA         0.3975382680        0.2535693009       -0.6162261746
