50.000000000000000     50.000000000000000     50.000000000000000
49.882099501051457     49.775123276761633     49.257018531761908
50.068714456850863     50.431126326047455     49.589540518021437
50.533304508925234     50.565166866225148     49.760535565048649
50.861507984272627     50.693121369701018     50.484680115124718
49.998876925742394     49.697105571629422     50.487411561181595
49.530315413015749     49.157077403565211     50.364854259664355
49.234115127522792     49.366877260745554     49.992212945602155
49.981157506234368     48.742468338512012     50.133193056603389
50.514974773485292     49.412278973769325     49.304409028624399
49.569140862061275     49.800581065622218     50.884721271932918
50.888082763492939     48.943762239062700     48.970932273942232
49.039119055933583     49.406837014679994     50.833325869085968
51.134024492146537     50.097368753836207     50.063392958488620
51.703354931504947     49.660074479528888     50.306638467806984
49.977367684998974     48.889707325323279     49.579941332571593
49.734672047558909     50.857090167840894     50.053221403131310
51.140987698810633     50.718261628033950     49.701123051841606
51.236415005710896     48.227632809998475     48.982035990468944
51.096552670308888     49.470302317214561     48.546221214804028
49.993915093421094     51.474545422398130     50.386619061631627
49.301852348560914     50.523806192439288     50.304986709860287
49.460488610364536     49.646670006388568     48.780448815569919
51.814140420613896     48.521365647200192     49.386410113132555
51.074683580927029     48.784522264761115     48.268999346312071
50.800339751060356     47.897236645451095     48.839398381603488
49.699860075813383     49.630097461066988     48.283463957348182
51.051556995762873     49.932295213728786     49.165531824329520
49.071461997891916     51.204697790481177     50.601527325834091
49.515394777743566     51.751511112170498     50.133191088215384
48.492409180608504     49.738505918600453     50.840527363358675
50.872203430676379     50.861166343599336     50.963310092008648
50.520170289778434     49.805237425643973     48.914156556493225
50.869724863070402     51.241919019689107     51.399513428775620
50.933033805732236     50.395775634067853     48.664340522226141
51.269992905135375     51.201375501340230     51.822977298695598
51.652752077554531     50.250328836874033     50.528053821588522
51.287925243840540     49.397122852031430     49.924034628897282
