          38
Energy of minimum      1=    -173.9284266     first found at step       45 after                 6428 function calls
LA        -1.3882862834       -0.4706141001       -0.9550002094
LA         0.0089538403        1.6954154526        0.4316569721
LA        -0.0434500732       -0.2813651679       -1.7262060889
LA         1.5217436141       -0.5623971911       -0.6548641527
LA        -0.7051753838        1.3203388364       -0.9056894008
LA         0.0434509039        0.2813652123        1.7262059574
LA        -1.1744788443       -0.9418157700        0.8913044960
LA         1.1744783754        0.9418166285       -0.8913036765
LA         1.3882861614        0.4706132514        0.9550002833
LA        -1.7051756408       -0.3772472903        0.1044119458
LA         1.0205280109       -1.4132534382       -0.1485866357
LA         0.7051750002       -1.3203396608        0.9056886167
LA        -1.5217435079        0.5623975004        0.6548636941
LA         0.5422364211        1.1280955338        1.2223833557
LA        -0.3243066990       -1.6025015252        0.6226187578
LA        -0.9910470721       -0.0021710946        1.4417565345
LA         0.9910474229        0.0021722687       -1.4417563111
LA         0.8895007958       -0.3761170907        1.4588231325
LA        -0.0089537840       -1.6954150016       -0.4316566392
LA         1.7051755014        0.3772472003       -0.1044118788
LA        -0.8895007457        0.3761158389       -1.4588235413
LA         0.3243058472        1.6025018498       -0.6226183664
LA        -0.5422360144       -1.1280954491       -1.2223834100
LA        -1.0205276940        1.4132534113        0.1485858893
LA        -0.1413781139       -0.6575984795        1.1696598065
LA         1.2002045208       -0.4688080787        0.4003192974
LA         0.8537795695        1.0317671968        0.1644514161
LA        -0.8537797401       -1.0317671762       -0.1644510485
LA        -0.4878027875        0.8429766803        0.9337913540
LA         0.4878030438       -0.8429762446       -0.9337914146
LA        -1.2002044969        0.4688075673       -0.4003196330
LA         0.1413779469        0.6575984661       -1.1696595109
LA         0.6681477023        0.0940233914       -0.3831539986
LA         0.3547970374        0.1863469246        0.6644266990
LA         0.1725297625       -0.7473306154        0.1174693972
LA        -0.6681477541       -0.0940233059        0.3831541804
LA        -0.3547970174       -0.1863471328       -0.6644265845
LA        -0.1725298252        0.7473306018       -0.1174692849
