50.000000000000000     50.000000000000000     50.000000000000000
50.542219025240342     50.153002626154276     49.579140438434834
50.157379647707749     50.023340975628301     49.139490772847608
49.927126284963400     49.675710780191260     48.498135364846192
50.368348490689137     50.194029206609926     48.140514030813243
49.952661610943331     50.611252578833657     49.489297290150660
51.234474290102732     50.179877643114239     49.940115515743763
49.606483218063751     50.724338669885931     50.155966029083210
50.768219178748531     49.387925657148458     49.642034278639535
49.951911514245445     50.729751215780240     48.460751382720858
50.722595132113383     50.894366309172497     48.328897945066480
49.937300574110743     51.064817484957999     49.003911270353491
49.845008857827786     49.071016017168660     48.136388724743320
50.539927558902839     49.185883082752980     47.814150070493774
49.848769231222150     50.114736417714120     48.183260083639269
50.400908151380747     49.364301390819257     47.219538169561346
49.361882156999364     50.282588164102563     49.851984021744663
50.092455653848802     48.852997592358768     47.526736484838281
50.120147634821102     49.955264152307848     47.180471514430039
50.607859378350639     51.543164261616695     47.941860311586829
49.909688690604021     51.409183041772224     49.532742230669491
51.603503818387907     49.796927434102898     49.621819854653850
50.861580181851579     48.795028952722326     46.924220326025470
49.490937463611459     49.982916819289876     47.261470330119728
49.730886574088956     51.152922797278919     50.816012554605749
49.641300967068972     49.546985375273309     50.338638962510473
51.007690453025852     48.063697164487493     47.228022122789937
49.872438992532096     51.930858360860860     49.216118825481779
51.718281458894346     49.069735351260569     49.373752559205336
50.193571721868871     51.284066183121055     47.596344280437556
50.603235100683932     49.237295126169165     46.361551139785227
49.143613484766263     49.134388138001391     50.101274931728902
48.600798628521524     48.881033310360934     50.637747587162615
49.193001039251612     50.098413743275948     48.183520395232769
49.368717903741846     51.088115817749255     48.843796836415166
49.109879605824105     51.708639353112609     49.112728061533140
49.550816668751501     50.051364309760743     46.485031304042501
49.427682696340895     52.040402729988884     48.813449263294075
