          38
Energy of minimum      1=    -173.9284266     first found at step       52 after                 9089 function calls
LA         1.3570315554        0.5375233935       -0.9645594340
LA         1.1530685099        1.2502495976        0.4100605615
LA        -1.5392895154        0.6225830368       -0.5511984328
LA         0.2872896177       -1.5142973117        0.8277741422
LA         0.2510754751        0.1815393932        1.7218727389
LA        -0.6599950213        1.2473830459        1.0340616476
LA        -1.7105852475       -0.3609648106       -0.0666557325
LA        -0.7995151148       -1.4268085701        0.6211549724
LA         0.6599939397       -1.2473835364       -1.0340615579
LA        -0.2510758339       -0.1815396625       -1.7218726758
LA         0.8304590780       -0.2686051791       -1.5162553299
LA        -0.2872881084        1.5142970217       -0.8277745116
LA         1.5392897302       -0.6225817811        0.5511983783
LA         0.4215396401        1.1603185554        1.2396798925
LA         0.8113084222       -0.7120774770        1.3767953105
LA         1.0152710473       -1.4248020726        0.0021774353
LA        -1.0152701604        1.4248027111       -0.0021778433
LA        -0.8113080475        0.7120777224       -1.3767954049
LA        -0.4215410527       -1.1603183677       -1.2396792365
LA        -1.1530691194       -1.2502489181       -0.4100592728
LA        -1.3570312584       -0.5375244139        0.9645584998
LA        -0.8304594006        0.2686039796        1.5162550453
LA         0.7995163326        1.4268075708       -0.6211545816
LA         1.7105846479        0.3609660263        0.0666555083
LA        -1.1806540267        0.4423547182        0.4805266312
LA         1.1806539061       -0.4423546612       -0.4805268875
LA         0.2717877574        0.6209106067       -1.1666742469
LA        -0.9771849113       -0.2686464514       -0.8907671137
LA         0.0683183266        1.3319123864        0.2046199832
LA        -0.2717872533       -0.6209112525        1.1666739757
LA         0.9771844105        0.2686470783        0.8907673746
LA        -0.0683182551       -1.3319124181       -0.2046197629
LA        -0.4526422468        0.5295377498       -0.3417216968
LA         0.1013336076       -0.3540997733       -0.6829449206
LA        -0.1013338292        0.3540996649        0.6829449231
LA         0.4526424303       -0.5295376270        0.3417216117
LA        -0.6220250063       -0.4430259327        0.1374097722
LA         0.6220249746        0.4430259583       -0.1374097620
