          38
Energy of minimum      1=    -173.9284266     first found at step     1096 after               155121 function calls
LA         1.4823937642        0.8332288794        0.4111925018
LA         1.1928315838        0.6357807388       -1.1107549419
LA        -1.4271741120        1.0019888818        0.1415391893
LA         0.0888054725       -0.8804409213       -1.5092310302
LA        -0.0928113507        1.7347090304       -0.2073922172
LA         0.6693407323       -0.4845832790        1.5420775073
LA        -0.6693406031        0.4845833507       -1.5420774839
LA         0.0928114580       -1.7347090569        0.2073921330
LA        -0.0888057156        0.8804408777        1.5092309831
LA        -1.1928315076       -0.6357810307        1.1107549130
LA        -1.4823938348       -0.8332286646       -0.4111924930
LA         1.4271741096       -1.0019887619       -0.1415391502
LA         0.9047739704       -1.2696253404        0.7938994238
LA        -1.7166856867       -0.0519935578        0.3333581469
LA         0.3769130628        0.1684308030       -1.7001200626
LA         0.6152118856       -1.4670730198       -0.7280464294
LA        -0.9574482870       -0.5642884283       -1.3511890398
LA        -0.9585402453       -1.4170164653        0.3662044323
LA        -0.6152119520        1.4670730466        0.7280463758
LA        -0.9047737989        1.2696253757       -0.7938994217
LA         0.9574481335        0.5642886932        1.3511890503
LA         1.7166856521        0.0519936128       -0.3333579791
LA         0.9585402913        1.4170163468       -0.3662046193
LA        -0.3769130107       -0.1684310070        1.7001200251
LA         1.1881545659       -0.2169020736        0.6014728428
LA        -0.1429803322       -0.9478500297        0.9495601054
LA         0.4318421982        1.1448202562        0.5687057395
LA         0.1429804604        0.9478499046       -0.9495601407
LA         0.8992927019       -0.4138724697       -0.9167930668
LA        -0.4318422695       -1.1448201924       -0.5687057818
LA        -0.8992927590        0.4138723472        0.9167930895
LA        -1.1881545571        0.2169022214       -0.6014727303
LA         0.3766658899       -0.6781779945        0.0163189844
LA        -0.3766658782        0.6781779883       -0.0163189464
LA        -0.6629445606       -0.3640336402        0.1733578010
LA         0.1438617057        0.0980969978        0.7561412856
LA         0.6629445499        0.3640335953       -0.1733577527
LA        -0.1438617268       -0.0980970145       -0.7561412429
