          98
Energy of minimum      1=    -543.6653608     first found at step      799 after               156111 function calls
LA         2.0468000049       -0.8891439916       -1.3366936768
LA         0.5158936662       -1.8687434820       -1.7344649920
LA        -0.7110179986       -1.4798302122        2.0177390244
LA         0.8241238932       -0.4975204669        2.4166108522
LA        -1.3228107244        1.6399792631       -1.5255671309
LA        -0.4158101366        2.2203526596       -1.2899035866
LA        -0.3010052555        0.4563294923       -2.5432014776
LA         0.6059953242        1.0367028841       -2.3075379351
LA        -2.1853438141       -0.6349286896        1.2601007823
LA         0.8807050374        1.3269809407        2.0567440844
LA         2.5369211136        0.5282104989        0.2274669239
LA        -1.4361276833       -2.0140721207       -0.8048397580
LA        -2.1286067505        1.1946206337        0.8992394673
LA        -0.5977000186        2.1742203736        1.2970108827
LA        -2.3983771352        0.9958611167       -0.1508744891
LA         0.0395300120        2.5558341434        0.4825604261
LA         1.5179351051        1.7085944978        1.2422935199
LA        -2.4551139876       -0.8336883088        0.2099867626
LA        -0.3575852408       -1.3681727595       -2.1833352739
LA         2.0803216644        0.1918001149       -1.5499004194
LA        -0.5626489052       -2.5146426921       -0.3559693695
LA         2.5033993305       -0.5527334530        0.4406737749
LA        -0.1073095977       -2.1791603883        1.4164952476
LA         1.4278322897       -1.1968506455        1.8153670747
LA        -0.2813800593       -0.4963053094        2.3052113309
LA        -1.2215746888        0.6146521162       -1.9415071326
LA         0.5831148088        1.7694405341       -1.4725994717
LA         0.9198388947       -1.8877860490        1.1088960922
LA         2.0079860469       -1.2361350462       -0.2818757736
LA         0.4591737060       -2.2271922662       -0.6842995578
LA        -1.7729501974        0.3584785429        1.5387117431
LA        -0.2241372371        1.3495361575        1.9411356866
LA        -2.3097212929       -0.0369997942       -0.5507354963
LA         1.0437806755        2.1088459259        0.3205959817
LA         2.0746852589        0.9146557271       -0.7061005082
LA        -1.2788165667       -1.2311899039       -1.5774319503
LA        -1.4347739203        2.0111609675        0.5691014582
LA         2.0538066817       -0.3430442221        1.4461736026
LA        -0.9389017792       -2.2580246545        0.6685861364
LA         1.1973565157        0.0870400126       -2.2329311444
LA         0.2861935389       -0.4959968230       -2.4696761921
LA        -1.8163891213       -1.7551570219        0.2176558024
LA         2.0874824349        0.7428603213        1.2319883468
LA         1.1636810943       -0.9988648023       -2.0187461560
LA        -0.7946194405        2.3945260354       -0.2490865492
LA        -1.7057824024        1.8114892100       -0.4858315920
LA         1.4473278524        0.3594954022        2.0501765089
LA        -1.5453807895       -1.5554851451        1.2725889960
LA         1.0918768818       -1.7250544248        0.0460093426
LA        -0.7345163350        0.3906224245        1.8649464117
LA         1.1932896539        1.5451150759       -0.5990026219
LA        -1.5506503129       -0.2106828609       -1.3119532296
LA        -1.0782246713        1.1914793931        1.2154933319
LA         1.1903398498        0.8166568400       -1.4056234571
LA        -0.6346048487       -0.3510925192       -1.8797939738
LA        -1.6757922549       -0.9746216964       -0.5490416926
LA         1.6311252084        1.1414154368        0.3101858590
LA         1.5636772201       -1.0335144979        0.7391717618
LA         0.0817042481       -1.9818024051        0.3541146730
LA         0.3489764495        0.3735837487        1.9489137937
LA        -1.1329967832       -0.5747043249        1.5638566374
LA         1.1228920349       -1.3582735138       -0.9766377750
LA         0.2039240055        1.9593114076       -0.4232343219
LA        -1.6210204982        0.7915621741       -0.8974047873
LA        -0.3173350009        1.1849702457       -1.6969199684
LA         0.3173344544       -1.1849695594        1.6969203696
LA        -2.0292181000        0.1597851774        0.4910557164
LA         0.4073889944        1.7189263239        1.1241528434
LA         2.0292180482       -0.1597855260       -0.4910558582
LA        -0.4073886208       -1.7189264028       -1.1241528764
LA         0.2786291971        0.2290038567       -1.6363353599
LA         0.9546577559       -0.3261156084        1.3378889860
LA        -0.5262258032       -1.2737064198        0.9531149567
LA        -0.4380690678        1.5690046276        0.3924163122
LA        -1.3424532637        0.9903054128        0.1574325775
LA        -1.3971849378       -0.7745799836        0.5055395772
LA         0.9880829355        0.7517101183        1.1252973726
LA        -0.7070613726        1.3708184605       -0.6546684445
LA         1.1495885309       -0.2701229392       -1.1887602507
LA         0.2452043562       -0.8488221413       -1.4237439807
LA        -0.7952179195       -1.4718927888       -0.0939699104
LA         1.5900497955        0.0543972124        0.5257878440
LA         1.1022596099       -0.6284099588       -0.1642247978
LA         0.2119422256       -1.1981080741       -0.3955535913
LA         1.1357703562        0.4521821416       -0.3773620548
LA        -0.6612522558       -0.6977003755       -0.8442776507
LA         0.4767504716       -1.0030043052        0.6352448704
LA        -0.6283472710        0.3633610575       -1.0535623834
LA         0.2783579640        0.9435454639       -0.8179755790
LA         0.5431663914        1.1386490126        0.2128228458
LA        -1.2538562689       -0.0112335347       -0.2540927624
LA        -0.1267613790       -0.3039018648        1.2362930458
LA        -0.9841737274        0.1874612612        0.7956794049
LA        -0.0938561966        0.7571594696        1.0270082360
LA         0.2393506609       -0.1272888165       -0.6077144721
LA         0.5052973253        0.0686535176        0.4275149663
LA        -0.3888472327       -0.5034935372        0.1951917687
LA        -0.3558007092        0.5621288955       -0.0149925803
