50.000000000000000     50.000000000000000     50.000000000000000
49.387462237324577     50.225391789619671     49.791356236104967
50.363094468694257     49.458318729919455     50.138092344411326
49.404783695076105     49.735917383110241     50.326868866824476
50.581788239570059     49.845318525504148     50.658108718052048
49.957643259044211     49.285417440440902     49.839732802827243
49.467758680158347     49.158260925898077     50.676430282991653
50.063989875382795     50.634785013984938     50.481883269140539
50.378428083286686     49.332511961618358     50.849997797877954
48.969680209634014     49.585800779406455     50.755687663027203
49.180964221145466     49.281811624134576     50.260153929252795
50.149351477915502     49.513816226671587     49.125071771494000
49.131897437861660     50.381321711376224     50.615949292211553
48.390590798043618     49.184318629667800     50.790521917086103
48.607229182522197     49.411525166121955     50.285942436818488
50.030118126133189     48.731487263485256     50.128974643217177
50.349968866669784     50.144967831656558     49.008665430267250
49.957749016816159     50.812182349851469     49.885987527608002
49.936952520854668     49.319510057958162     48.378255917022180
49.623682894438296     51.212092997800049     50.405455044354085
49.177070229161139     50.861705532849456     50.865608477950431
49.816852443319249     49.953029563313777     50.753689725688261
48.156409012312757     49.749795566032205     50.225387421127955
49.996772110317735     49.107298960138010     47.921258135579890
50.267472850566918     48.581651903372851     49.719632175033595
48.803484694538540     50.305269650457809     50.236574708766383
49.489563107118130     51.339998418504351     49.570464302367810
49.589764777612132     48.686656578421925     50.801895186588943
49.982312870918889     47.940581173917529     50.181268733571429
49.458883054888183     49.604495341550198     47.977486179137877
50.614434874891444     48.424973384212784     50.563616816108997
50.451057981826111     47.970748960332877     49.749655668107046
49.052201126972278     51.202795292353088     50.085019440804572
48.445165146683159     51.098569430727352     49.605939417030704
49.857592423095461     48.583206903233830     47.528384844944902
50.176709323901832     48.170471239922257     47.112683548941703
50.580305057591339     50.175591543540456     49.450202771023456
50.578829568846039     47.641348050491494     46.931336252989134
