          38
Energy of minimum      1=    -173.9284266     first found at step       37 after                 7181 function calls
LA         0.9215259060        1.4122016693       -0.4661745106
LA        -0.9215257946       -1.4122015846        0.4661745967
LA         0.4570626230        1.3433851444        1.0233529692
LA        -0.8094042637       -0.7562064433        1.3542002002
LA         1.3508468005        1.0085649885        0.4678156890
LA        -0.4570626994       -1.3433851100       -1.0233530198
LA        -0.1217849632        0.6182382734        1.6321122549
LA        -1.6701381768        0.0530337898       -0.5183308994
LA        -0.9825189740        1.4274786393       -0.2404185455
LA         1.6701381058       -0.0530336340        0.5183308135
LA         0.1217852084       -0.6182384287       -1.6321121981
LA         0.9825189120       -1.4274787432        0.2404186173
LA         0.8094039257        0.7562066070       -1.3542001575
LA        -1.3508468380       -1.0085648170       -0.4678154688
LA        -0.0277417087       -1.7470219470       -0.0893629768
LA        -1.0940972123        0.7746645109       -1.1241382471
LA         0.0277417316        1.7470219033        0.0893628201
LA         0.1959578978       -0.4382128258        1.6823825472
LA        -1.1271469837        0.3002446597        1.3039297362
LA        -0.1959581875        0.4382125547       -1.6823824950
LA         1.1271472158       -0.3002444040       -1.3039296603
LA        -1.5585599594        0.7058480028        0.3653888189
LA         1.5585599968       -0.7058480564       -0.3653887906
LA         1.0940970651       -0.7746643963        1.1241382446
LA         0.5486446356       -1.0195712625       -0.6928139281
LA         1.2346005822        0.3515499607       -0.4155736756
LA        -0.7712608497       -0.2828998021       -1.0703512316
LA         0.0853046584       -1.0882210789        0.7931112050
LA        -0.0853048038        1.0882210157       -0.7931112038
LA         0.7712608170        0.2828998170        1.0703511869
LA        -1.2346004685       -0.3515498039        0.4155737282
LA        -0.5486444698        1.0195711089        0.6928138479
LA        -0.3416263535       -0.6828588190       -0.1380737855
LA         0.2307569084        0.0341896466       -0.7400345838
LA         0.6573518514       -0.3668840814        0.1880247270
LA        -0.2307568711       -0.0341898045        0.7400345526
LA         0.3416265432        0.6828587444        0.1380737194
LA        -0.6573518072        0.3668840066       -0.1880248968
