          38
Energy of minimum      1=    -173.9284266     first found at step       66 after                 9432 function calls
LA         1.1078853248        0.0812440843       -1.3516032023
LA         0.1067062540       -1.1173819688       -1.3419808955
LA        -0.1067061281        1.1173819901        1.3419807693
LA        -1.1078851694       -0.0812441237        1.3516032068
LA         0.7339100171       -0.6012141122        1.4699518148
LA        -0.4864666515       -1.6303108676        0.4077720399
LA         1.3397302450       -1.1180242824        0.1264318450
LA        -0.7339101084        0.6012139012       -1.4699517528
LA        -1.5207679231       -0.7727799721       -0.3884804601
LA        -1.3397301668        1.1180245808       -0.1264319782
LA         1.5207677787        0.7727800820        0.3884805479
LA         0.4864667840        1.6303105639       -0.4077722430
LA         0.7007077222        1.4599505186        0.6621132500
LA         1.3065272735        0.9431406896       -0.6814049068
LA         0.0901460102       -0.0893042518       -1.7449181846
LA        -0.7007078004       -1.4599504465       -0.6621133567
LA         1.1244458009       -0.9468338531       -0.9486665946
LA        -1.3065272712       -0.9431409272        0.6814049719
LA         0.5362317103       -1.4589317878        0.8030032050
LA        -0.0901459234        0.0893041801        1.7449181104
LA        -1.1244456590        0.9468339984        0.9486664910
LA        -1.5374092623        0.2603072172       -0.7933807050
LA        -0.5362314788        1.4589317109       -0.8030035251
LA         1.5374092299       -0.2603071163        0.7933809402
LA        -0.3186983811        1.2833716482        0.2681720986
LA        -1.3174556270        0.0876449712        0.2777713501
LA         0.7131007049        0.4279151919        1.0624986090
LA        -0.2856563363       -0.7678115906        1.0720976937
LA         0.2856563381        0.7678112526       -1.0720977223
LA         1.3174553792       -0.0876448939       -0.2777711595
LA        -0.7131006612       -0.4279151248       -1.0624984602
LA         0.3186983526       -1.2833713460       -0.2681721660
LA         0.5138663672       -0.4260425321        0.3955980866
LA         0.4974104423        0.5955071663       -0.0047805718
LA        -0.4974106338       -0.5955071564        0.0047807356
LA        -0.5138664975        0.4260425397       -0.3955979340
LA        -0.3009865798        0.2567641768        0.6674940111
LA         0.3009865245       -0.2567641107       -0.6674939587
