          98
Energy of minimum      1=    -543.6653608     first found at step    32013 after              4283937 function calls
LA        -2.2492075745       -1.0886953819        0.7228571568
LA        -0.0116350211        1.0491122652       -2.3803243663
LA        -1.6656636549        1.8137753205        0.8381525712
LA        -1.3524408282       -0.3776693539        2.1897457412
LA         2.4859891415        0.4244565669        0.6375034275
LA         1.9482247533        1.0667080633        1.3539831069
LA        -0.9193155569        2.1331542701       -1.1709942912
LA        -1.6532130094       -1.5171532739       -1.3159970455
LA         1.9541965303        1.5391395061       -0.7608421250
LA         1.2202992675       -2.1111675141       -0.9058457674
LA        -1.3390161364       -2.1757364514       -0.4898195323
LA         0.4569994284       -0.7517190926        2.4480168118
LA         0.6899728098       -0.9995602741       -2.3003332241
LA         1.4164320455        2.1813911573       -0.0443626295
LA        -0.3790905082       -0.7785628920       -2.4529260418
LA         0.6741016865        0.3281177484        2.4909118867
LA        -1.1353385374        0.7021675254        2.2326404463
LA         2.1195471846       -1.3981759369        0.5651018346
LA        -0.3880163976        2.5544085520       -0.3019218170
LA         1.3646802927       -1.8357613656        1.2386861811
LA        -2.5634047997       -0.4301125799       -0.1033203474
LA         1.0574282533        0.8281150282       -2.2277314189
LA         0.4654327259       -2.5487531486       -0.2322611674
LA        -2.1969626943        1.3925206918       -0.0309196260
LA        -1.4253383508       -1.8157034535        0.5577848731
LA         2.2729266318        0.5215457933       -0.4486497185
LA         1.2029188038        1.7994553464        0.9769539378
LA         1.9021988832       -1.3224045258       -0.5218980665
LA        -1.6797784862        1.3386520787       -1.0128404771
LA        -2.0505065804       -0.5052985407       -1.0860882487
LA        -0.7614814596        0.2419307087       -2.2363156392
LA        -0.6226349006        2.1768359164        0.7163822922
LA        -0.0861067263        1.0522264117        2.1271807021
LA         0.4002150564       -2.1930831265        0.8183555627
LA         1.3656696786       -0.1977952202       -1.9326963460
LA        -0.5180825855       -1.0963612205        2.0418309688
LA        -2.4289775587        0.4662339928        0.5566987136
LA        -0.3389497300       -2.3145225482       -0.9774041889
LA         0.5954914054        2.3332623864       -0.7927777688
LA         1.1357237298        1.6880635051       -1.5125451775
LA         1.4141050821       -0.9245678165        1.8901589072
LA         2.1724360614       -0.4849743574        1.2134831826
LA        -1.8952405067        0.8894218044        1.4297594286
LA        -0.6545885586       -1.6529171793       -1.8073733311
LA         1.6322035516        0.1602244873        1.9332508196
LA         0.4193809251       -1.8749287487       -1.6540800071
LA        -2.1133389121       -0.1953709179        1.3866678305
LA         0.0617541668        1.9100751317       -1.6658387488
LA        -1.4480241138        0.3466425164       -1.3975656325
LA        -0.4974877768       -1.6457616774        1.1018617128
LA         1.7862027169       -0.3219390806       -0.9359276959
LA         0.1593093044        1.6210583364        1.2316314649
LA         0.4511919862       -1.2817842714        1.4876387114
LA         1.1019297657       -1.0896317964       -1.2876596994
LA        -1.0490956479       -0.6449704558       -1.5946865722
LA         1.4566587955        0.6747424321       -1.2175724481
LA        -0.8587553255        1.2520126888        1.3246201166
LA        -1.2955789617       -0.9206900753        1.2383129158
LA        -0.6943666188        1.1194038463       -1.5245994255
LA         0.8880158631        0.8909181406        1.5739464610
LA         0.3746416048        1.9669945920        0.2240315754
LA        -1.9277634110        0.4044214789       -0.4240107452
LA        -0.4169110518       -1.9700823557        0.0676368439
LA         1.9700330608       -0.4013340224        0.1323422849
LA         1.7276062262        1.1536116467        0.2625841796
LA        -1.7276059459       -1.1536121749       -0.2625837165
LA         0.3003008851        0.0219367522       -2.0721322162
LA         1.1443733461       -1.7473096476        0.1473488439
LA        -0.3003014747       -0.0219364628        2.0721322899
LA        -1.1443729213        1.7473098094       -0.1473492854
LA         0.9097180777        1.3163856729       -0.4972043520
LA         0.0254834856       -0.8667303684       -1.4338059471
LA         0.6700257157       -0.1952226622        1.5233595556
LA         0.3799517468        0.8963470133       -1.3637701991
LA         0.3387739874       -1.5234134533       -0.6100114190
LA        -1.6052272386       -0.2544327991        0.4076510044
LA        -1.3887514704        0.8222892423        0.4504221139
LA        -1.0754612706        0.1656062855        1.2742167658
LA        -0.7272054463       -1.3030535077       -0.7621642260
LA         1.4227148577        0.2411002569        0.8517178386
LA         1.2062390369       -0.8356214926        0.8089465210
LA        -0.1562613694        1.5367458351       -0.6493573771
LA        -1.1097377623       -0.3069767516       -0.5577564839
LA        -0.3687560997        0.1225597686       -1.2189516381
LA         0.6999590299       -0.0983657213       -1.0664083800
LA        -0.3655030761        1.1741147633        0.3531391086
LA        -0.2741172734       -0.5518394920        1.1212394756
LA        -0.8966289547        0.7529978034       -0.5156505735
LA        -0.7956433356       -0.9653451442        0.2681521720
LA         0.2537557690       -1.1822776555        0.4179384122
LA         0.6838960197        0.9571820498        0.5029255456
LA         1.0083765130       -0.7448348206       -0.2554269905
LA         1.2214853482        0.3151396684       -0.2133209655
LA        -0.0570858026        0.5276457827        1.1641206174
LA        -0.5820546731        0.1049076662        0.3049828914
LA         0.1621122129        0.5362904868       -0.3590543907
LA         0.4718553275       -0.1129575067        0.4554130802
LA        -0.0519126822       -0.5282404777       -0.4013413884
          98
Energy of minimum      2=    -543.6429572     first found at step     1110 after               165340 function calls
LA         1.4399087326        1.2880839687        1.9475118004
LA        -2.2854279307        1.6269028940       -0.7329970694
LA         1.6500088523       -2.0564735975       -1.2065097594
LA        -1.6523429110       -1.5930487266       -1.3408128928
LA         0.4097304552        0.7589042219       -2.4980598085
LA        -2.5998885968        0.1088128716        0.8703002534
LA         0.3691401655       -2.6700528594        0.5130658121
LA        -0.3466482086        2.6762215424       -0.3925105134
LA         2.6200390660       -0.1004528289       -0.7494620904
LA        -0.7419542128       -2.5114599145        0.4714670673
LA        -2.3837813991       -0.9747894527        0.6690129053
LA         2.2022171811        0.8478256891       -1.1809831572
LA         0.5615882163        2.3833745892       -0.9835818623
LA        -0.8173356879        1.6017119246        1.8187471128
LA         1.8648299150       -0.9086636857        1.4960272423
LA        -2.1487850929        1.1110791655        1.1164067285
LA         1.3667502395       -2.1792901212        0.6934162914
LA        -1.0085452504        2.4096836432        0.4782762621
LA         2.5053083497       -0.8791118228        0.0554890766
LA         0.7504341715        0.4984510555        2.3595987366
LA        -1.9769622521        1.8696637849        0.3092386169
LA         2.0051807928       -1.8574276187       -0.1698939083
LA         0.9701760459       -0.6149347642        2.1362690345
LA        -0.3931674134        0.6610880898        2.3003073686
LA        -0.0384744226       -1.1338328884        1.9623905337
LA        -0.8706666450       -0.3549414354        2.0625203411
LA        -1.5754347270       -1.7569574279        0.5733969192
LA         1.3923500535        1.6279509193       -1.0915279925
LA         0.3158945786        1.4582889845        1.9028407098
LA         1.6678709257        0.1929054815        1.7401698851
LA        -2.4443294340        0.8689763453        0.0685505242
LA         1.0107658349       -2.3648241087       -0.3471676291
LA        -1.3175651081        2.1531981628       -0.5628635006
LA         2.1367184351       -1.0798423917       -0.9784832277
LA        -1.1986934255       -2.0529555971       -0.4345404516
LA        -2.0186502222       -1.2855159321       -0.3358826541
LA         1.3063056740        0.8047077134       -1.8404154364
LA         0.4868558898        1.5716729787       -1.7418190345
LA         1.8028109855        0.9736886872        0.9267265413
LA         0.9776426532        1.7460055533        1.0260112804
LA         1.2400002146       -1.1193042827       -1.6437804052
LA        -1.3893767891        1.3416642443       -1.3274133430
LA        -2.0814287821        0.5525417789       -0.9392568458
LA         0.5481332775       -1.9085999042       -1.2556465105
LA        -1.8707245528       -0.5200620391       -1.1413445681
LA        -0.5518595223       -1.7544553297       -1.3000309040
LA        -0.4915049401        1.0528391151       -1.9151876108
LA         0.8271804175       -0.1813861874       -2.0738520399
LA        -0.9664832449       -0.8099200135       -1.7323575413
LA        -0.2796985535       -0.0265922556       -2.1177610807
LA        -1.7433933445       -0.3919506935        1.3546898759
LA        -0.1146624488       -1.9163636765        1.1587200252
LA         0.4997890060        2.1628368550        0.0967982577
LA         2.1249483969        0.6417675166       -0.0987416638
LA        -1.2921060978        0.6022356728        1.6040523910
LA         0.8753514229       -1.4263988455        1.3432626729
LA        -2.2444123129       -0.2102673087       -0.1376162052
LA        -0.0956958860       -2.2213610950       -0.3961506596
LA        -0.4185369042        1.8715732034       -1.1619179854
LA         1.7295251308       -0.1389082018       -1.4203730240
LA        -0.1516139153        1.8989699329        0.9648289705
LA         2.0119040758       -0.1259765518        0.7045134865
LA        -1.1868571890        0.2661918688       -1.5389822512
LA         0.1364342229       -0.9723443862       -1.6982009554
LA        -0.9436069829       -1.1710328517        1.2668086681
LA         1.3272079199        1.4189814329       -0.0073857671
LA         0.2021512239        0.1300981250        0.6680990739
LA         1.5115516274       -1.1123441457        0.4649405746
LA        -1.1297962235        1.3598285674        0.7827486233
LA         0.1224782232       -0.0871745338        1.6960485880
LA         0.8099926420        0.6988880197        1.2954406394
LA        -0.2908453384        0.8498711045        1.2405638616
LA         1.0162799840       -0.3735342657        1.0832898399
LA        -1.4293331433        1.1115872109       -0.2534905172
LA         1.1511991573       -1.3036650581       -0.5639808503
LA        -1.5898401648        0.3639520714        0.5429334407
LA         0.5215872325       -1.6122410090        0.2888856810
LA        -1.0150094288       -1.0005374086       -0.6528847186
LA         0.3380796503        0.5427501548       -1.4121312975
LA        -0.4730443374        1.6367208903       -0.0834948067
LA         1.6374114714       -0.3385626426       -0.3374251544
LA        -1.3805292763       -0.7002722673        0.3432822350
LA        -0.5697174403       -1.4591526551        0.2457248583
LA         1.2280061387        0.5921720951       -0.7636994312
LA         0.4180003744        1.3502980044       -0.6662392513
LA        -0.7512232845       -0.1283044500        1.0121676916
LA         0.0453152005       -0.8738256976        0.9163277798
LA         1.1488498597        0.3865416954        0.2948648122
LA         0.3537212568        1.1307430494        0.3905350148
LA        -0.6028663071        0.6166307821        0.2150770050
LA         0.6728726724       -0.5773986773        0.0615796515
LA        -1.2337853154        0.0550501518       -0.4600578291
LA         0.0674230202       -1.1628173561       -0.6166195873
LA         0.7501477787       -0.3839399236       -0.9996663263
LA        -0.5508719988        0.8337511151       -0.8431272811
LA        -0.3422018072       -0.2313753638       -1.0442606255
LA        -0.3992718637       -0.4286758790        0.0161903092
LA         0.2708815244        0.3356372055       -0.3595270453
          98
Energy of minimum      3=    -543.5467256     first found at step     3672 after               517415 function calls
LA         1.0821727955       -2.4721691225        0.2859285957
LA        -0.9527548596       -2.4468027318       -0.6854841017
LA        -1.1758955343        0.8785382735        2.4862259167
LA        -1.5382597724        2.1114939855       -0.5947059622
LA         1.4721944677        2.0739685265        0.8423910407
LA        -0.7530626071        0.1470461893       -2.6462310398
LA         2.5336869275        0.1060762090       -1.0772375155
LA         0.7776857344       -0.1929256802        2.5931780757
LA        -2.5088498188       -0.1519597813        1.0242884451
LA        -1.6586731276        0.4241061432       -2.0431387340
LA         2.6397182998        0.3705260254        0.0087803726
LA        -2.6293730673        0.2591948885       -0.0130727765
LA         1.6682918451        0.2056241745        2.0384981872
LA         1.1908096167        0.1712802713       -2.4900519481
LA         0.8405741596       -1.5981799271       -1.8025790041
LA        -0.7423064536       -1.8672434779        1.5062356555
LA         0.2322819048       -0.3983696869       -2.6362059010
LA         1.8954178541       -0.4191014995       -1.8422756521
LA        -1.8462109458       -0.7516651031        1.7092362155
LA        -0.1835468421       -0.7723897570        2.5029399572
LA        -1.1653246308       -0.2343178471        2.4350240148
LA         0.2022594704        0.7127902262       -2.5172661147
LA         1.8443780213        0.6923207107       -1.7333691022
LA         1.2649188650        1.5477206928       -1.3126129067
LA         0.2567638673        1.5602873716       -1.7938747100
LA        -2.1608644513        0.3455021506       -1.0358022311
LA         2.1706534582        0.2915094692        1.0319298360
LA         0.0650743227       -2.4765932118       -0.2009898097
LA        -1.8436238505        0.3635164067        1.7571631239
LA        -0.1997953741        0.3430267541        2.5418752806
LA         0.9697333457       -2.0560911291       -0.7643241663
LA        -0.0571062417       -2.0432909788       -1.2545062196
LA         0.1718787953       -2.1917573492        0.9035372612
LA        -0.8549979528       -2.1789567994        0.4133377215
LA        -1.6003224739        1.2686182665       -1.3190720894
LA         2.0572560293        1.2230262105        0.4269420763
LA        -2.0852429932        1.1861625839       -0.3048644763
LA         1.5719144881        1.1405759355        1.4409484664
LA         1.6333513167       -1.5301462168       -0.0043997755
LA        -1.0543933162       -1.4966424855       -1.2874471711
LA         1.1448554151       -1.6131665761        1.0165112162
LA        -1.5427112595       -1.5796651405       -0.2664508133
LA         1.3711912479        1.8137372433       -0.2355670768
LA        -0.6419907895        1.8388316804       -1.1965975294
LA        -0.2919694167        1.2828999161        1.9442369382
LA        -1.3019680237        1.2954891356        1.4620951857
LA         0.5904003532        1.6809510467        1.3968811405
LA        -1.4230170764        1.7060480100        0.4357383809
LA        -0.5347027337        2.1057210872       -0.1148667737
LA         0.4681736585        2.0932201369        0.3638752015
LA        -1.1290259018       -0.5274151086       -1.8562069930
LA         2.1421262662       -0.5681908381       -0.2946590384
LA        -2.0911344498       -0.6909897891        0.1554161312
LA         1.1796640595       -0.7317609195        1.7167944712
LA        -0.7041473981        0.9990384391       -1.9276433630
LA         1.9615673444        0.9658097959       -0.6551134134
LA        -1.9750631470        0.7827692788        0.7304161326
LA         0.6895851419        0.7495547550        2.0024358181
LA         1.5079950685       -1.0943457865       -1.0506311773
LA        -0.1533511940       -1.0736363911       -1.8437072671
LA        -1.4328419461       -1.2910951560        0.8312174285
LA         0.2282655286       -1.3118014257        1.6241787217
LA         0.3654625796        1.8387551589       -0.7175630006
LA        -0.4179610130        1.7053713458        0.9200815670
LA         1.6823197470       -0.6516006226        0.7212289667
LA        -1.6314808185       -0.6102934241       -0.8606777555
LA         0.0262699176       -0.6635832687       -0.0723584354
LA         0.8067818495       -0.4924004023       -1.7029160238
LA        -0.7558028827       -0.7582863871        1.5634681003
LA         0.7660990311        0.6105870476       -1.5888917426
LA         0.5458041919       -1.5515285133        0.1041437121
LA        -0.4555658404       -1.5390460460       -0.3738797931
LA        -0.7621017254        0.3489122009        1.6055740721
LA         0.4238598455       -1.1318180330       -0.9174622388
LA        -0.3484503276       -1.2632668900        0.6969512713
LA        -0.1770008709        0.0490022673       -1.7244036834
LA         1.4528994751        0.0286849016       -0.9463391971
LA        -1.0006270617        1.1588143698       -0.4149318911
LA         0.9751241214        1.1341864733        0.5282303122
LA         0.2034483916       -0.1838025852        1.6648108550
LA        -1.4259304983       -0.1634925483        0.8869960518
LA        -1.0668327066        0.3245342581       -1.1336057954
LA         1.5585391615        0.2918085704        0.1196655133
LA        -1.5461889841        0.2430724501       -0.1310705520
LA         1.0787946404        0.2103516745        1.1220150280
LA         1.0677023430       -0.6236461122       -0.1787202484
LA        -0.5448888419       -0.6035446860       -0.9485220151
LA        -1.0156895521       -0.6836119430        0.0358409614
LA         0.5967357159       -0.7037112225        0.8055631246
LA         0.3921105108       -0.0387807579       -0.8224118263
LA         0.8779445165        0.8825153064       -0.5335102961
LA        -0.1191961825        0.8949448044       -1.0095143995
LA        -0.3635790848       -0.1676388133        0.7572538571
LA        -0.8893843676        0.7637030299        0.6007965762
LA         0.1074953398        0.7512770783        1.0766759145
LA        -0.0130725912        1.1594940068        0.0576611183
LA        -0.4824200286        0.2349636098       -0.2423860254
LA         0.4964699801        0.2227616283        0.2249057616
          98
Energy of minimum      4=    -543.4923253     first found at step     3517 after               494101 function calls
LA        -1.8777480516        1.2786167111        1.4800540344
LA        -0.1405043343        0.4506214498        2.6555015675
LA        -0.9041714335       -2.7066007417       -0.6027529875
LA         1.7598830537        1.9590790416       -1.2535332755
LA         2.1256044344       -1.3419565176       -0.9195316409
LA        -0.4178365413        2.4388281969       -1.1907268906
LA        -2.4262603596       -1.0786154010       -0.7001053309
LA        -2.2710734799       -0.2056162112       -1.3890209111
LA        -1.1603732975        1.7396039980       -1.6603440886
LA         0.3797997050       -2.4158640835        1.1982504849
LA         2.3880569075        1.1012887559        0.7076697771
LA         2.5081822308       -0.0087400973        0.8229334116
LA         1.3974906163       -1.9539430680        1.0942565354
LA        -1.6190019777       -0.9752682749        1.6731518204
LA         0.1914474581        2.1954499792        1.2308934955
LA        -2.1459777594       -1.5355678113        0.2902346449
LA         0.2316937330        2.6285552236       -0.2905869483
LA         1.6511112935        1.9518442478        0.6698065020
LA        -0.7263933018       -2.2119876048        1.2505876733
LA        -1.3706546860       -2.3445021445        0.3420436837
LA         1.3239898846        2.3747507430       -0.3162090106
LA        -1.3568202153       -0.1603499973       -2.0273215457
LA        -0.8031773165        0.8092705407       -2.1625660788
LA        -1.7294111173        0.7731821503       -1.5363485664
LA         0.2908957668        0.5771623835       -2.1993050592
LA        -0.6003123570       -0.9836516182       -1.9815989086
LA         0.4132690487       -0.5270010805       -2.0864901080
LA         1.9685999565       -0.9894183097        0.9652199873
LA        -1.0160698239        0.8706040635        2.0822625203
LA         0.6721945743        2.2009688003       -1.2228091945
LA        -1.6664029633       -1.8947233690       -0.6515323386
LA        -0.2629126208       -2.5635080559        0.2979332431
LA         2.0755487818        1.5319460500       -0.2733105136
LA        -1.7648030888        0.1546449756        1.5929769706
LA        -0.8521996836        1.7529262292        1.3700456410
LA         0.0244624860        1.3350803374        1.9632084987
LA        -0.8881275026       -0.2631768414        2.1861367649
LA         2.3183625286       -0.6766616408       -0.0479252389
LA         1.7634638335       -1.6484806293        0.0876270741
LA        -1.5094083201        1.5838665890        0.4569587262
LA        -2.0681164449        0.6053766936        0.5934402614
LA         0.2263677048       -0.4881091394        2.1458766195
LA         0.7849869677        0.4902244404        2.0094160822
LA        -0.7532730413       -1.8478493064       -1.2948333681
LA         1.0268545283        1.2697697050       -1.7296862959
LA         1.8894251659        0.8590578954       -1.1459293591
LA         0.1089723171       -2.2591304908       -0.7109967201
LA         1.1184746361       -1.8045795355       -0.8162364977
LA         2.0114364223       -0.2406943910       -1.0343713706
LA         1.2710984888       -0.9357516666       -1.5053336903
LA        -2.2120622950       -0.0745312810       -0.2930088872
LA        -1.1114652517        1.8529928748       -0.5618638246
LA         0.5803660641       -1.4053983715        1.5966023867
LA         1.6809511996        0.5221035058        1.3277494817
LA        -1.5192301522       -1.0345891961       -1.3483346842
LA        -0.0644865050        1.5131696687       -1.7037019939
LA         0.7559261124       -2.1186237254        0.1907405001
LA         2.2103453504        0.4285672726       -0.1645483814
LA        -1.9352533083       -0.5227157885        0.6934761096
LA        -0.4716234366        2.0406033052        0.3359390545
LA        -0.5170435278       -1.1985853792        1.6530799747
LA         0.9465304110        1.3646348727        1.2955561720
LA         0.2624174966       -1.4021479114       -1.4075161891
LA         1.1586851371        0.1675269148       -1.6264582965
LA        -1.6806222939        0.8985013590       -0.4381725801
LA         1.1483843771       -0.4498853795        1.4756779614
LA        -0.2794334729        0.2357465561        0.5462553885
LA         0.6297064369        1.7870942870        0.2957662551
LA        -1.1572476365       -1.3424785580        0.7322862683
LA        -0.3871445483        0.0034790273       -1.5598839449
LA        -1.0651203536        0.7482196250        1.0040467161
LA        -0.2102148502        0.3407578667        1.5824777928
LA        -0.6886018130       -1.6942674539       -0.2081560890
LA         1.0584790584        1.3654747699       -0.6349363136
LA        -0.0547480252        1.1962015175        0.8908500036
LA        -0.9380280660       -0.3507251607        1.1066185951
LA         1.2995195292       -0.8001217210       -0.4166086822
LA        -1.4470521431       -0.8927837820       -0.2547281686
LA        -0.0181775152        1.6096688753       -0.6037761634
LA        -0.0558842978       -1.5557132867        0.6863684007
LA         1.3728656269        0.9465210726        0.3373507792
LA        -1.2959077770       -0.0367232993       -0.9337541682
LA        -0.7472497108        0.9241663702       -1.0677810857
LA         1.4937825658       -0.1440693006        0.4486799202
LA         0.9452507936       -1.1047372540        0.5826765508
LA        -0.6943153460        1.0319145430        0.0063199888
LA        -1.2329200392        0.0886322144        0.1378909365
LA         0.1436783460       -0.5674211802        1.0693509024
LA         0.6822421957        0.3757891529        0.9377895722
LA         0.3398996941        0.6895138871       -1.1087461033
LA        -0.5413090276       -0.8537871195       -0.8934827668
LA        -0.4837541960       -0.7171525511        0.1772223123
LA         0.3803495706        0.7961916560       -0.0338624744
LA         0.3097923877       -1.2592856167       -0.3174865622
LA         1.1908905458        0.2838219021       -0.5327230450
LA         0.4616125384       -0.4028258012       -0.9983317431
LA        -0.3345431782        0.1222676520       -0.4929154207
LA         0.5011205241       -0.2759628042        0.0729254630
          98
Energy of minimum      5=    -543.1896663     first found at step     1192 after               178834 function calls
LA        -2.3176934118       -0.2326157302       -1.3200476199
LA        -2.2751473491       -1.3047234137        0.5577442088
LA        -1.7730766144        1.6283843188        1.2901120228
LA        -0.0876449635        0.8562556272        2.5761048250
LA        -1.1435690474       -2.6907782514       -0.1582943754
LA         1.8709197788        1.5941955518       -1.5192815589
LA        -0.5067154035       -0.4898229624       -2.5885944328
LA         1.9799653441       -1.6366213498       -0.6856488412
LA         2.4560530080        0.9975110971        0.5482366255
LA         0.1863166305       -2.2320842287        1.5735508100
LA        -0.2616981951        2.2495816624       -1.5266530419
LA        -1.0607518569        1.5499686464       -1.8862770272
LA         1.2349899366       -1.8747185034        1.3985355549
LA         2.4895016831       -0.0879524466        0.8318301486
LA        -1.6845928753       -0.5820747548        1.8314074941
LA         0.3575057996        2.3302459602        0.8998801695
LA        -0.8984193076       -1.9357470452        1.5987168480
LA         0.4126703344        2.5217615745       -0.6675913457
LA         1.7873761373        1.8881837497        0.3822611694
LA        -1.5637479847       -2.1550106983        0.7235089487
LA         1.4813083710        2.1808847696       -0.6560114346
LA        -1.8442739562       -1.8383595803       -0.3281431944
LA        -1.7013893594        0.6632286138       -1.6163442659
LA         1.8771709930       -0.9894153315        1.1229757483
LA        -2.2386831843        0.0398702492       -0.2529936871
LA        -0.9361132014        1.2515948184        1.9465307148
LA        -0.4789123563       -2.4634792153        0.7080690577
LA         2.1649799947        1.2972489334       -0.4861883909
LA         0.8059002455        1.9237363521       -1.5242067409
LA        -1.7443727563        0.5312087552        1.5776696543
LA        -1.4126980592       -0.3612225149       -1.9556854482
LA        -0.8944124611        0.1405094049        2.2252924736
LA        -0.7154685909        1.9978998444        1.1066041453
LA         0.1349260240        1.6083676382        1.7557642066
LA        -0.7844022521        0.5301277899       -2.2387162971
LA         1.6090885498       -1.7562385159        0.3566203234
LA         2.2360874778       -0.8635295261        0.0735289065
LA        -2.0278628321        0.8433445571        0.5176687001
LA        -0.9362787623       -1.9619950713       -0.9739466187
LA        -1.3968070333        1.7430237229        0.2314902105
LA         0.8282475747        0.7226422568        1.9299516749
LA         0.1976496314       -0.1759751404        2.2153831202
LA        -0.7241535387       -1.2284013452       -1.7833734981
LA        -0.1002848074       -2.3467569961       -0.3364282830
LA         1.0805947411        0.9011197136       -1.8837101289
LA         1.9145768013        0.5161158612       -1.2451610529
LA         0.2885478027        0.2070809898       -2.2401590885
LA         0.9403664587       -1.9957476575       -0.5116158754
LA         1.9510211386       -0.5600550178       -0.9672020918
LA         0.3242534418       -0.8760878117       -1.9589666736
LA         1.1525327966       -1.2578511956       -1.3250564188
LA        -0.9928188903        1.8211573214       -0.8170184183
LA         0.4708751839       -1.1921433276        1.8124861774
LA         1.7137154688        0.5783699662        1.2501575544
LA        -1.6381152303       -1.1066873841       -1.1513361181
LA        -1.9786700715       -0.2588677182        0.7970338546
LA         0.5692952454       -2.1227572145        0.5317335068
LA         0.0125831936        1.2316648396       -1.8944054768
LA         2.2137561978        0.2160180442       -0.2103677699
LA        -0.6050652200       -0.8926926733        1.8409115460
LA        -0.3277360503        2.0929072310        0.0402875994
LA         1.0465751112        1.4616688664        1.0905219914
LA         0.1103465966       -1.6209826443       -1.1560962756
LA         1.1255055238       -0.1802948512       -1.6135962621
LA        -1.6337877408        0.9431450697       -0.5471833239
LA         1.1092274980       -0.3142645260        1.5457812645
LA        -0.2741258828        0.3321928805        0.5250285579
LA        -1.2677415297       -1.1237796814        0.9548653628
LA         0.7510010710        1.7502231120        0.0390314767
LA        -1.5475442042       -0.8109681741       -0.0942605807
LA        -1.0111093252        0.9688200073        0.8999780619
LA        -0.1813888273        0.5891262185        1.5327983337
LA        -0.8450209261       -1.6505618677        0.0758541667
LA         1.1330895886        1.1591671048       -0.8165306284
LA        -1.3252220660       -0.0779523638       -0.8959369041
LA        -0.9664136837       -0.1070055724        1.1723372633
LA         0.0296246295        1.3132606078        0.7176886341
LA        -0.4255938445       -0.2072961457       -1.5194168655
LA         1.2055805958       -0.9603566231       -0.2702567493
LA        -0.1890449407       -1.4278960267        0.9368969102
LA         1.4266203908        0.8695028180        0.2074620260
LA         0.0791370276        1.4899560588       -0.8215229408
LA        -0.7060843683        0.8028152743       -1.1756700693
LA         0.8430024406       -1.0799937857        0.7640986693
LA         1.4625988303       -0.1975420427        0.4839296243
LA        -1.2422506591        0.1987501698        0.1456165205
LA        -0.6332968437        1.0664293966       -0.1302294450
LA         0.0926783660       -0.4126674344        1.1638559571
LA         0.7011928638        0.4538553935        0.8888110126
LA        -0.6412330543       -0.9381568542       -0.7306548944
LA        -0.5607762440       -0.6458765168        0.3054375788
LA         0.4202186688        0.7437638146       -0.1346718797
LA         0.1833204582       -1.3181153021       -0.1007402402
LA         0.3579682214        0.4784895252       -1.1808810049
LA         1.1809934438        0.0983591477       -0.5504685351
LA        -0.3504349708        0.0674062087       -0.4843962528
LA         0.3940299577       -0.5908307425       -0.9047465139
LA         0.4571574660       -0.3061877589        0.1346431689
