          38
Energy of minimum      1=    -173.9284266     first found at step      159 after                23086 function calls
LA         1.5531795493        0.7375732014        0.3232039875
LA        -1.5531795025       -0.7375730332       -0.3232041030
LA         0.8384261358        1.1677582260       -0.9971078154
LA        -0.1200462297        0.9064082219       -1.4915946123
LA        -0.8384261388       -1.1677583096        0.9971078066
LA        -1.3129428543       -0.0439420652       -1.1554616921
LA         1.3129429068        0.0439422385        1.1554615670
LA         0.1200463307       -0.9064082222        1.4915945947
LA        -0.1161129981        1.6403011215        0.5973022546
LA        -1.3090098746        0.6899506088        0.9334353617
LA        -0.3610795876       -0.1499140880       -1.7052823831
LA         1.3090098264       -0.6899505442       -0.9334353486
LA         0.1161130015       -1.6403011812       -0.5973023494
LA        -1.0719092755        1.0123802094       -0.9417736296
LA         1.0719093991       -1.0123801177        0.9417734882
LA         0.3610796276        0.1499142404        1.7052823310
LA         1.5512176523        0.3715186668       -0.7187061744
LA         0.8403880574        1.5338127445        0.0448024050
LA        -1.5512176758       -0.3715186303        0.7187061549
LA        -0.8403881055       -1.5338127275       -0.0448025456
LA        -0.3551849776        0.9500335247        1.4255244216
LA         1.0699379943       -1.3802183823       -0.1052133628
LA        -1.0699379108        1.3802183391        0.1052132664
LA         0.3551849395       -0.9500334099       -1.4255244038
LA         1.3060734665       -0.3202879141        0.1100680297
LA         0.5969628751        0.8391954025        0.8717302701
LA         0.1160617646       -1.2683402105        0.4453881324
LA        -0.5969629058       -0.8391953382       -0.8717303096
LA        -0.5930489595       -0.1088567008        1.2070505382
LA        -1.3060734832        0.3202879566       -0.1100680429
LA         0.5930487906        0.1088566757       -1.2070502339
LA        -0.1160617411        1.2683398938       -0.4453880717
LA         0.5926610481        0.4721578600       -0.1669991866
LA         0.3531580059       -0.5774569807       -0.3793301803
LA         0.3551073453       -0.2137267208        0.6559638613
LA        -0.5926611179       -0.4721580569        0.1669993585
LA        -0.3531580326        0.5774568844        0.3793304101
LA        -0.3551073457        0.2137266171       -0.6559637942
