          38
Energy of minimum      1=    -173.9284266     first found at step      392 after                51180 function calls
LA         0.7135819489        1.5745938649       -0.2688797744
LA         0.7534605327       -1.2765608426       -0.9292634308
LA         1.0009712213       -1.0660395918        0.9604465191
LA        -0.6170638224       -0.7456487922       -1.4574228061
LA         0.7816146998        0.5659452912       -1.4593236692
LA        -0.7816145144       -0.5659456028        1.4593236344
LA        -1.7467531527       -0.0016297307       -0.0984442384
LA        -1.0009710744        1.0660394785       -0.9604467324
LA        -0.7135821078       -1.5745937229        0.2688796326
LA         0.6170637082        0.7456490152        1.4574226998
LA         1.7467531292        0.0016300173        0.0984444831
LA        -0.7534605625        1.2765606036        0.9292637118
LA         0.3046919879        1.5449391629        0.7623428142
LA        -0.4410888350        0.4772709049        1.6243441418
LA        -0.0623371885       -1.3357255768        1.1281809559
LA         0.0623373653        1.3357254083       -1.1281811788
LA         1.4078788300       -1.0365283932       -0.0657755138
LA        -1.3398463041        0.0278814582       -1.1246666862
LA        -1.4328597871       -0.8048141427        0.6000227298
LA        -0.3046922739       -1.5449389797       -0.7623430116
LA         0.4410890248       -0.4772712778       -1.6243439606
LA         1.3398460961       -0.0278814344        1.1246668482
LA        -1.4078786874        1.0365285495        0.0657754973
LA         1.4328597536        0.8048143335       -0.6000226640
LA         0.2776814894       -0.2942529735        1.2871812219
LA        -0.2776813982        0.2942528331       -1.2871812670
LA         0.3455494764       -1.3004611857        0.0996171248
LA        -1.0895274339        0.2353746415        0.7602998694
LA        -0.3455495139        1.3004611625       -0.0996172460
LA        -1.0216594333       -0.7708336341       -0.4272642791
LA         1.0895275308       -0.2353746943       -0.7602997140
LA         1.0216592737        0.7708338163        0.4272643171
LA        -0.6809104417        0.2637701501       -0.2624025545
LA         0.6809104482       -0.2637701350        0.2624025564
LA        -0.3705230001       -0.5304445702        0.4282640810
LA        -0.0338003035        0.5011214740        0.5914420357
LA         0.0338003233       -0.5011214875       -0.5914420257
LA         0.3705229954        0.5304446025       -0.4282641216
