          98
Energy of minimum      1=    -543.6653608     first found at step      562 after               120161 function calls
LA         1.8323721941        1.8353922732       -0.2011539465
LA        -1.5313093921       -2.0114287909        0.6131568269
LA         2.2935203311        0.3243225731       -1.1837631204
LA        -1.9924571665       -0.5003592679        1.5957665157
LA        -1.4858205642        1.5987936210        1.4152429583
LA         1.1847575067       -1.4227568821       -1.8272462595
LA        -0.0120264040        2.4988121812        0.7228482639
LA        -0.2890369909       -2.3227752833       -1.1348520488
LA        -1.2969434881       -1.8875757954       -1.2335767238
LA         0.1264419433        2.5719878805       -0.3682486582
LA         0.4434618098       -0.7748733596        2.4432822414
LA         2.1945444340       -0.7676136647        1.1668158227
LA        -1.5243730890       -0.2529941074       -2.0926050683
LA        -2.2205154584        1.1387449547        0.7343617134
LA         1.0500143199       -0.4543330557       -2.3361865245
LA        -1.1136331208        1.7954809999       -1.5174928441
LA         0.7166733777       -1.6701216911        1.8611254537
LA         1.9213327861        0.1276347105        1.7489725017
LA        -1.9867969913        1.2622562808       -1.1072768388
LA        -0.6512091297        0.2802305649       -2.5028209517
LA        -1.2577622072       -0.0403104865        2.2766477681
LA         2.4282634371       -0.6441013748       -0.6748228464
LA        -0.5234028142       -2.4466282908        0.7118813256
LA         1.6939036527        1.7622166080        0.8899430210
LA        -2.0435037418        0.1564507401       -1.1996276640
LA         0.9484389892        2.0030150986       -0.8531622596
LA        -1.8134143267       -1.4972493633       -0.3305520607
LA        -0.3061402426        1.2174258814       -2.0158480255
LA         1.4466312546       -1.5775913290        1.0285694288
LA         0.9030127867        0.2037145811        2.1869064258
LA         1.4149810842        0.4742708036       -1.8472648494
LA        -2.2799561098        0.0314947868        0.6635509688
LA        -0.8181088967        0.9468692865        2.0183231809
LA         1.6830839163       -1.4526347940       -0.8346093377
LA         0.1920512473       -2.3631802826       -0.1341165341
LA         0.6729234851        1.8574149085        1.3178299638
LA         2.2388467314        0.7823522763        0.8959408369
LA        -0.3677492412       -1.8764147233        1.6646465148
LA        -0.0462230653       -0.6620984498       -2.4467751846
LA         2.5133122680       -0.1170045427        0.3111125480
LA        -1.8248742288        1.7561607650       -0.1138118755
LA        -0.6422146488       -0.9770579653        2.2494749847
LA        -0.9477034905        2.2918324567       -0.5259103461
LA        -0.9233939305       -1.1977700835       -2.0346768968
LA         0.0891382475       -1.6349668043       -1.9354994330
LA        -1.0868076062        2.2183210303        0.5701939631
LA        -1.3802813095       -1.4392180530        1.5654690589
LA         2.3779508659        0.8558637482       -0.2001633549
LA         0.6632115817        1.1910752114       -1.5203995799
LA        -1.9783623850       -0.4220842538       -0.2793775258
LA         1.0708478049       -1.7386887113        0.0192918481
LA         0.2443030455        0.9696977258        1.7804853222
LA        -1.6739662849       -0.9240075068        0.6353425759
LA         1.5095822486        1.0201256415       -0.8603012701
LA         0.5802560747       -1.6800936810       -0.9487904084
LA        -0.4158719276        1.5839755156        1.1737492221
LA         1.2309740971        0.8728916745        1.3350572390
LA         0.3540077641       -1.7996574453        0.8339823098
LA         0.3091445793        0.2684389587       -1.9728110979
LA        -1.8941261895        0.6583266532       -0.1962280831
LA         1.7806940311       -0.9284069706        0.1637195513
LA        -0.1957120546        0.0016411428        2.0053201566
LA        -0.1372636544        1.7312095578       -1.0216092869
LA        -1.4477180769       -0.8044438933       -1.1474300707
LA        -1.1678483178        0.6828606839       -1.5981944083
LA        -0.8058693442       -1.9187569454       -0.2309550394
LA         0.8058690997        1.9187570935        0.2309546688
LA         1.1678480824       -0.6828605959        1.5981941312
LA        -1.5398373647        0.4862780783        1.3329772431
LA         1.5398374531       -0.4862780856       -1.3329771364
LA        -0.6570409657       -1.3549904188        0.7348254264
LA         1.3668176948        0.9399719330        0.2365003894
LA         0.4396860241       -0.7038281678       -1.4556691467
LA        -1.1494625818        1.1188465736        0.4843435558
LA        -1.0113932208        1.1918111149       -0.6036060007
LA        -0.9294645162       -0.4623245064        1.3153030334
LA        -0.5653132148       -0.2698841508       -1.5541086527
LA         1.6392413603        0.0473059648       -0.3439770582
LA        -0.2788176276        1.6505331171        0.0753109637
LA        -0.4309590377       -1.2355146635       -1.0466367133
LA         1.5011718805       -0.0256585675        0.7439723877
LA         0.0755346423       -0.8962684798        1.4137424196
LA         0.5136093875        1.0946769555       -0.4180103673
LA        -0.9481867240       -0.8405722231       -0.1767064867
LA         0.7817957883        0.2158954925       -0.9894591201
LA        -1.2163730412        0.0382092014        0.3947423827
LA        -0.4819174112        0.4981084311        1.0754017926
LA         0.9164948513       -0.7522132118       -0.4806848055
LA         0.0593916732       -1.2756299604       -0.0780143854
LA         0.3751856879        1.0215252157        0.6727312594
LA        -1.0804511457        0.1100388946       -0.6762852155
LA        -0.2075717357        0.6430899018       -1.0863674691
LA         0.7805728118       -0.8240429256        0.5903426482
LA         0.5074500303        0.0709141283        1.1723100080
LA        -0.2161151240       -0.3881256206        0.4954397549
LA         0.6446722158        0.1375410247        0.0910384284
LA        -0.3489480954        0.5665717848       -0.0062863672
LA        -0.0796088827       -0.3159872556       -0.5801916573
