          98
Energy of minimum      1=    -543.6653608     first found at step     1096 after               252844 function calls
LA         1.4517720803       -1.6509017323       -1.3905385409
LA         2.4639997170       -0.7731210491        0.3125785908
LA         1.1616790900        0.8009283256       -2.1853445749
LA         0.5757752484       -1.8764835645        1.7070464897
LA        -1.3522719234        1.9922483714        0.9843895972
LA         1.2827945986        0.5719177877        2.1895352016
LA        -2.5634998148        0.4317743588        0.0935703267
LA        -0.8359057345       -0.8485602609       -2.3125577676
LA        -0.2898288299        2.1900540468       -1.3734546586
LA        -1.4476254017       -1.1144988671        1.8517527205
LA         1.2227513900        2.1756793518        0.7334945907
LA        -1.6696405177       -1.8990367175       -0.6104719510
LA         0.3433833951       -1.0242488230        2.3663723376
LA         0.1035058124        0.7476061466       -2.4893949952
LA        -0.3342956365       -1.7409026864       -1.9037385448
LA         2.0717501815        0.6653473076        1.4254404002
LA         1.9074361929       -1.7187855219        0.4173478920
LA         2.0083353804       -0.7052371203       -1.4953077793
LA        -2.1712503978       -1.0066941721       -1.0192910208
LA         0.4337957264        2.0822496244        1.4975891981
LA        -1.2152336304       -1.9667335276        1.1924267323
LA         0.7683444040        2.2433762275       -1.0694040610
LA        -2.2942821713        0.3916661612        1.1617155553
LA        -1.6214894682        2.0323565124       -0.0837556580
LA        -0.6194728831       -0.4841581388        2.2408338836
LA        -0.6644676394        1.2789697993       -1.8873821193
LA         1.4410154907        1.3850665813       -1.2824027505
LA        -0.1570748137       -2.1798783296        0.9289509495
LA         1.1901616288       -2.0203358647       -0.3758323856
LA         2.2975745928       -0.1387153993       -0.5842950556
LA         0.3309258370        1.1306776302        2.0619282828
LA        -1.6148667457       -0.3358657291       -1.7084764136
LA         1.9007373221        1.3165778496        0.5415831822
LA        -0.6167965617       -2.1113896552       -0.8950350064
LA        -1.4760323026        1.0396234502        1.5427258435
LA        -2.0117037477        1.1194277002       -0.5825984553
LA         2.1124084372       -0.4508278451        1.3272922737
LA         0.6649886602       -1.2684944722       -2.0918727919
LA         1.5532906034       -1.4008320908        1.4325422133
LA         1.2241060986       -0.3184899788       -2.1971226201
LA        -0.6057160366        2.4399480699       -0.3270793209
LA         0.1610766189       -0.3720568952       -2.5025681274
LA        -2.1716805834       -0.7206260525        1.0916597001
LA         1.3198321750       -0.5446861697        2.0948936137
LA        -1.9382221679       -1.5767716000        0.4293078844
LA         0.4573132815        2.4935147239       -0.0216333420
LA        -0.3352631144        2.3996562865        0.7459678302
LA        -2.4421341062       -0.6803339032        0.0186127129
LA        -1.3833147525        0.6649044864       -1.3470216458
LA        -0.5688526738        0.5435669364        1.8844273957
LA         0.1342007590       -2.0346905580       -0.1102246573
LA         1.8179668175        0.8262190439       -0.4271811330
LA        -0.4508140448        1.4604311570        1.3128295323
LA        -1.9018819975       -0.0040161553       -0.6651635779
LA         1.9562103008        0.1903954914        0.4434015681
LA         0.3964857500       -1.6468105016       -1.0910675278
LA         0.3687801523        0.0024088028        1.9808104427
LA        -0.6127862878        0.1486409693       -1.9136387970
LA         1.1366163305        1.6484180472       -0.2245790855
LA        -0.8926101390       -1.7994678508        0.1574074264
LA         0.8363681363       -1.7123434056        0.6542036384
LA         1.5163278689        0.2559284233       -1.3018695841
LA        -0.9924978616        1.5411305964       -0.8363483941
LA        -1.3601981018       -0.0847156413        1.4840143268
LA         1.7335164410       -1.0731175255       -0.4772140440
LA         0.3859690780        1.3241111243       -1.5754842152
LA        -0.3859690097       -1.3241111609        1.5754842013
LA        -1.7335165024        1.0731175592        0.4772140570
LA         1.1092079394        1.2163641762        1.2940284108
LA        -1.1092079691       -1.2163641540       -1.2940283989
LA        -1.1244010521       -0.9373683085        0.8153115278
LA         0.0708312702        1.5895710644       -0.5252777657
LA         0.3392724280        1.5495791533        0.5397860514
LA        -1.3928423917       -0.8973762871       -0.2497522400
LA        -0.7158485041        1.4964109702        0.2366127963
LA        -1.6245641018       -0.0475999177        0.4076716913
LA         0.4502637535        0.1981052664       -1.6017762307
LA         0.6033060582       -0.8503080367        1.3117424627
LA         1.1582641223        0.0926285902        1.2072757853
LA        -0.1046942511       -0.7448313997       -1.4973095714
LA         1.3899858471       -0.7571478642        0.5498518564
LA         0.9504267549       -0.6916631896       -1.1941363471
LA        -1.0905149561        0.6118193772       -0.2707383292
LA        -0.8213847983        0.5717247092        0.7970589252
LA         0.2173248482        0.6240659436        1.0955166568
LA        -0.8623974581       -0.2247396314       -0.9179367385
LA        -0.3609509113       -1.1167915980       -0.5092505843
LA         1.0060235161        0.7174652941        0.3316706713
LA         0.6777587853       -1.0644503675       -0.2107928789
LA         1.2341410423       -0.1190937646       -0.3155277375
LA        -0.3290012969       -0.3042041760        1.1983584912
LA        -0.3160713063        0.7035304843       -1.0207785751
LA        -0.0966849461       -1.1561615296        0.5392472620
LA         0.7417576002        0.7568351947       -0.7168271888
LA        -0.5924054813       -0.2692329749        0.1392018613
LA        -0.0437308850        0.6630273855        0.0359180289
LA         0.4507691387       -0.2166667523        0.4389425086
LA         0.1853672066       -0.1771276421       -0.6140623899
