#nfuncalls success energy rms maxgrad maxgrad_component time
199 1 -167.725167 0.00237788 0.0091783 0.010399 0.02
219 1 -166.013937 0.00231326 0.00823729 0.006929 0.02
189 1 -167.531113 0.00228485 0.00776505 0.00714015 0.02
163 1 -162.845218 0.00196437 0.00993841 0.00517437 0.01
186 1 -164.524918 0.00270599 0.00918844 0.012393 0.02
128 1 -162.441729 0.00200137 0.00789186 0.00609041 0.01
183 1 -166.999175 0.0016133 0.00680641 0.0045121 0.01
202 1 -162.617210 0.00226758 0.00864562 0.00630325 0.02
325 1 -166.147396 0.00188703 0.00846903 0.00481349 0.04
249 1 -163.219355 0.00224675 0.00726449 0.00690563 0.03
180 1 -165.491409 0.00182197 0.00951049 0.00729035 0.01
153 1 -159.880607 0.00203704 0.00780001 0.00626815 0.01
327 1 -165.939481 0.00271599 0.00814009 0.00755813 0.04
205 1 -166.366812 0.00274581 0.00792222 0.00948963 0.02
224 1 -166.680599 0.0016058 0.00715294 0.0053661 0.02
281 1 -167.732305 0.00219346 0.00974338 0.00632518 0.03
299 1 -164.047018 0.00160421 0.00725688 0.00508091 0.04
192 1 -154.607277 0.00205731 0.00919529 0.00686896 0.02
340 1 -165.670832 0.00255188 0.00975841 0.00727192 0.03
162 1 -164.391219 0.00119969 0.00600971 0.00301761 0.01
141 1 -165.692214 0.0024513 0.0080951 0.00757061 0.01
233 1 -163.157216 0.00316971 0.00912891 0.00902955 0.02
158 1 -159.810080 0.00152497 0.00586319 0.00488592 0.01
224 1 -167.015026 0.00300167 0.00975713 0.00753026 0.03
234 1 -166.241396 0.00189215 0.00865071 0.00558977 0.03
234 1 -160.733521 0.00158199 0.00619147 0.00512761 0.03
113 1 -164.377019 0.00183981 0.00863687 0.00614953 0.01
251 1 -163.451873 0.00209205 0.00649449 0.00645167 0.02
214 1 -160.572606 0.00175982 0.00937986 0.0053035 0.02
148 1 -163.816574 0.00178366 0.00880701 0.00561555 0.01
147 1 -166.589964 0.00198628 0.00942993 0.00671844 0.01
221 1 -164.994373 0.00138433 0.00649987 0.00591178 0.02
310 1 -165.849381 0.00173578 0.00863292 0.00465372 0.04
237 1 -158.427997 0.00285694 0.00996552 0.00837469 0.03
224 1 -166.306943 0.00217029 0.00893523 0.00606407 0.03
389 1 -163.957729 0.00193258 0.00672881 0.00606043 0.05
409 1 -165.643699 0.00147754 0.00573316 0.00426234 0.05
138 1 -165.477356 0.00137923 0.00678291 0.00348324 0.02
251 1 -163.743581 0.00130532 0.00838336 0.00454138 0.02
244 1 -165.448811 0.00197867 0.00735597 0.00626446 0.02
260 1 -164.710880 0.00238261 0.00800831 0.00676516 0.03
267 1 -164.549204 0.00289226 0.00904334 0.0102494 0.03
141 1 -161.756281 0.00228819 0.00767317 0.0056018 0.02
209 1 -161.491179 0.0016875 0.00666501 0.00499479 0.02
317 1 -165.261561 0.00393274 0.00990949 0.0144094 0.04
243 1 -162.639227 0.00240605 0.00993908 0.00644287 0.03
526 1 -167.590095 0.00207612 0.00681628 0.00492082 0.06
135 1 -161.500357 0.00169647 0.00951361 0.00542545 0.02
342 1 -166.972586 0.0023895 0.0083817 0.0117012 0.04
355 1 -165.537841 0.00248614 0.00960399 0.00658314 0.04
191 1 -163.500236 0.00125277 0.005606 0.00380774 0.02
161 1 -162.195140 0.00217737 0.00916406 0.00692965 0.02
435 1 -167.188824 0.00219172 0.00878624 0.00676312 0.05
224 1 -158.361376 0.00187407 0.00714359 0.00579663 0.02
141 1 -158.877388 0.00209993 0.00724955 0.006547 0.01
188 1 -163.734357 0.00280334 0.0095502 0.00706832 0.02
280 1 -167.064322 0.00219794 0.00767592 0.00566054 0.04
297 1 -167.260170 0.00212315 0.00979566 0.00557315 0.04
216 1 -163.808967 0.00231636 0.00857265 0.00921951 0.02
300 1 -166.874151 0.00301891 0.00952559 0.00890813 0.03
243 1 -166.697440 0.00185582 0.00723272 0.00554287 0.03
229 1 -161.085541 0.00217443 0.00815565 0.00631317 0.03
338 1 -167.828566 0.0027057 0.00766357 0.00776383 0.04
188 1 -163.604758 0.00120794 0.00533912 0.00296289 0.02
294 1 -167.541863 0.00202911 0.00894584 0.00799825 0.03
177 1 -160.895601 0.00306147 0.00974172 0.00980794 0.02
187 1 -165.877595 0.00225377 0.00899197 0.00843425 0.03
242 1 -164.175867 0.00266353 0.00974962 0.00736083 0.03
206 1 -166.068615 0.00267522 0.00996155 0.011733 0.03
176 1 -165.740443 0.00193653 0.00996799 0.00719752 0.02
143 1 -163.895263 0.00184619 0.00613254 0.00567226 0.02
227 1 -162.960301 0.00120198 0.00429375 0.00352756 0.02
242 1 -167.025610 0.00308559 0.00921813 0.00915174 0.03
123 1 -164.236589 0.00167715 0.00854264 0.00584986 0.01
205 1 -160.858439 0.00246576 0.00922736 0.0061071 0.02
177 1 -157.076741 0.00165035 0.00685743 0.00496762 0.02
166 1 -165.180417 0.00145155 0.00677914 0.00385006 0.02
443 1 -170.073327 0.00296599 0.00951639 0.00890584 0.05
235 1 -163.700941 0.00227336 0.00960189 0.00944327 0.03
163 1 -165.207608 0.00131098 0.00582224 0.00478302 0.02
369 1 -167.392508 0.00223177 0.00788123 0.00795734 0.04
322 1 -165.825619 0.00237058 0.00975902 0.00557312 0.04
159 1 -163.017398 0.00242574 0.00942996 0.00641401 0.01
323 1 -166.252107 0.00148527 0.00744587 0.00631606 0.04
186 1 -160.088077 0.00194723 0.00719077 0.00476751 0.02
163 1 -168.241787 0.00159839 0.00672285 0.00423846 0.02
167 1 -160.866944 0.00148422 0.00761586 0.0036845 0.02
222 1 -162.112229 0.00269006 0.00958372 0.0110187 0.03
189 1 -164.719382 0.00143504 0.00558716 0.00365689 0.02
201 1 -164.292287 0.00236838 0.00783326 0.00697487 0.02
200 1 -161.261001 0.00242895 0.00846242 0.00728139 0.02
205 1 -162.701159 0.00190009 0.0088177 0.00578486 0.03
249 1 -165.258387 0.00280171 0.0099543 0.0101438 0.03
234 1 -166.516459 0.00275109 0.00915114 0.00656148 0.03
259 1 -165.582577 0.00183129 0.0068957 0.00601431 0.03
358 1 -161.600382 0.00190568 0.00983423 0.00576196 0.04
310 1 -165.918996 0.00136786 0.00548617 0.0034708 0.04
232 1 -166.890959 0.00212657 0.00818289 0.0102487 0.03
340 1 -166.359913 0.00212141 0.00971074 0.00635989 0.04
219 1 -165.351528 0.00175279 0.00660606 0.00399296 0.03
219 1 -160.350812 0.0024365 0.00749381 0.00749482 0.03
229 1 -161.229461 0.00179697 0.00986684 0.00546963 0.02
313 1 -163.994140 0.00267066 0.00938793 0.00917727 0.04
170 1 -160.933831 0.00158043 0.0064696 0.0049517 0.02
196 1 -159.755778 0.00207808 0.00768729 0.00577506 0.03
210 1 -164.372949 0.00211236 0.0080719 0.00759087 0.03
117 1 -161.441208 0.00205048 0.00757549 0.00522099 0.01
144 1 -163.645918 0.00235635 0.00999632 0.00597074 0.02
166 1 -164.485796 0.00164303 0.00591977 0.00425936 0.02
168 1 -159.008213 0.00190619 0.00591293 0.00494779 0.02
291 1 -167.415396 0.00209357 0.00849802 0.00575929 0.03
124 1 -159.661307 0.00151226 0.0052105 0.00511061 0.01
189 1 -157.708864 0.00232525 0.00941048 0.00663425 0.02
195 1 -162.662568 0.00189877 0.00797854 0.00810715 0.03
178 1 -160.524881 0.00201746 0.00959186 0.00590352 0.02
161 1 -164.440752 0.00229418 0.00867084 0.00656286 0.02
182 1 -161.783499 0.00243537 0.00938003 0.00887125 0.03
243 1 -161.013923 0.00234063 0.00794809 0.00867317 0.03
357 1 -167.949656 0.00171566 0.00656601 0.00462019 0.04
186 1 -163.291166 0.00173675 0.00707835 0.00394494 0.03
500 1 -166.823211 0.00208524 0.0090432 0.00586964 0.06
317 1 -164.109444 0.00198655 0.0070645 0.00809369 0.04
329 1 -168.638198 0.00219775 0.0093471 0.00612778 0.04
250 1 -165.595687 0.0043428 0.00997923 0.0170607 0.03
335 1 -165.922511 0.00213341 0.00771742 0.00784773 0.03
202 1 -165.019823 0.00249112 0.0099721 0.0106731 0.01
366 1 -168.844666 0.00196834 0.00947481 0.00518804 0.04
129 1 -165.084623 0.00221217 0.00687767 0.00625815 0.01
207 1 -165.942529 0.0019981 0.00842967 0.00589321 0.02
160 1 -161.421517 0.00138276 0.00705029 0.00451171 0.01
135 1 -166.529664 0.002003 0.00746216 0.00546867 0.01
180 1 -168.646521 0.00309858 0.00986188 0.0121046 0.01
138 1 -166.696085 0.00229846 0.00764905 0.00775952 0.01
156 1 -165.254389 0.00187205 0.00703163 0.00593226 0.01
131 1 -164.663702 0.00132138 0.00517108 0.00364184 0.01
229 1 -162.211764 0.00213914 0.00797424 0.00566935 0.02
206 1 -161.969323 0.00188597 0.00854134 0.0061477 0.02
220 1 -162.095632 0.00195824 0.00636324 0.00583667 0.01
156 1 -154.577581 0.00358943 0.00954302 0.014323 0.01
178 1 -164.128036 0.00154404 0.00697156 0.00393486 0.01
182 1 -165.788626 0.00303701 0.00921664 0.0104906 0.01
160 1 -164.866848 0.00258829 0.00926195 0.00590135 0.01
293 1 -164.906480 0.00180117 0.00887254 0.00601452 0.03
368 1 -167.523000 0.00236814 0.00962707 0.00637187 0.04
205 1 -157.902986 0.00190709 0.00728454 0.00457392 0.01
221 1 -164.139882 0.002093 0.00956804 0.00600821 0.01
142 1 -162.466914 0.0016819 0.00732629 0.00496142 0.01
154 1 -163.422570 0.00249819 0.0093497 0.00692843 0.01
126 1 -162.588524 0.00275636 0.00825755 0.00808933 0
211 1 -161.868054 0.00272929 0.00946863 0.00889965 0.02
177 1 -161.898083 0.00172789 0.00777911 0.00534658 0.02
313 1 -169.357309 0.00138772 0.00502747 0.0035484 0.03
384 1 -166.190168 0.00264297 0.00943927 0.00694702 0.04
197 1 -163.243582 0.00228458 0.00956022 0.00594629 0.01
180 1 -161.543387 0.00295565 0.00951312 0.00907407 0.02
256 1 -163.606492 0.00251853 0.00888081 0.00721195 0.02
209 1 -166.025131 0.00202051 0.00788265 0.00674216 0.02
125 1 -166.993361 0.0022708 0.00856475 0.00582866 0.01
171 1 -165.933094 0.00240894 0.00963307 0.00611096 0.01
295 1 -164.413093 0.00241067 0.00939003 0.00590931 0.03
250 1 -167.597856 0.00236923 0.00968391 0.0114518 0.02
372 1 -167.438021 0.00274362 0.00768682 0.00888008 0.04
241 1 -165.708596 0.00175532 0.00695852 0.00644822 0.03
156 1 -164.396046 0.00240039 0.00988591 0.00568509 0.01
162 1 -164.717885 0.00331633 0.00976223 0.0122466 0.01
286 1 -164.808158 0.00143378 0.00653928 0.00390145 0.03
141 1 -159.102301 0.00194963 0.00780309 0.00690693 0.01
333 1 -169.955585 0.00229526 0.00708996 0.00944771 0.03
237 1 -165.299722 0.0021222 0.00905179 0.00459313 0.03
214 1 -165.564928 0.00149778 0.00539326 0.00387572 0.02
167 1 -165.510109 0.00232377 0.00895532 0.00647801 0.02
188 1 -161.389274 0.0021321 0.0077644 0.00491891 0.01
221 1 -161.536305 0.00226452 0.00757375 0.00709365 0.02
251 1 -162.416042 0.0020213 0.0079498 0.00540746 0.03
175 1 -162.648674 0.00190536 0.00959442 0.00591065 0.01
509 1 -167.274610 0.00180197 0.00653686 0.00497272 0.05
215 1 -165.518476 0.00301095 0.00933667 0.00899174 0.02
240 1 -161.926882 0.00228016 0.00872409 0.0114917 0.03
175 1 -162.135031 0.00198368 0.00825771 0.00506497 0.02
172 1 -166.435570 0.00369678 0.00993044 0.0178474 0.02
176 1 -167.049237 0.00252085 0.0091845 0.00810354 0.01
231 1 -162.024246 0.00161995 0.00651956 0.00493787 0.02
160 1 -167.412170 0.00132424 0.0064202 0.00405684 0.01
209 1 -164.381475 0.00167757 0.00929605 0.00514098 0.02
167 1 -164.516896 0.00146299 0.00654441 0.0037514 0.01
150 1 -160.644031 0.00255838 0.00954788 0.00824915 0.01
211 1 -163.204525 0.00213379 0.00818055 0.00575092 0.01
225 1 -165.614774 0.00248122 0.00990909 0.00634127 0.02
182 1 -159.934028 0.00253121 0.00985376 0.00653861 0.02
227 1 -159.090880 0.00249023 0.00956175 0.00653813 0.02
200 1 -161.675315 0.00157164 0.00712925 0.00365027 0.02
152 1 -159.811430 0.00238602 0.00894664 0.00772479 0.01
135 1 -164.455929 0.00255428 0.00920782 0.00704639 0.01
135 1 -158.068047 0.00230574 0.00955009 0.00762994 0.01
151 1 -156.845423 0.00146273 0.00783249 0.00429553 0.01
403 1 -167.530689 0.00230943 0.00910315 0.00688875 0.04
221 1 -166.258314 0.00255884 0.0085627 0.0064267 0.02
203 1 -165.962489 0.00172601 0.00832971 0.0054746 0.02
139 1 -159.999221 0.00166011 0.00678288 0.00573787 0.01
148 1 -164.581153 0.00155163 0.00602153 0.00381725 0.01
234 1 -165.196087 0.00257517 0.00756255 0.00744954 0.02
352 1 -166.319828 0.00243905 0.00887756 0.00607112 0.04
251 1 -167.943287 0.00383066 0.00974614 0.0144931 0.03
224 1 -162.494330 0.00179645 0.0077322 0.00536174 0.02
207 1 -165.634925 0.0026084 0.00984198 0.00787605 0.02
190 1 -159.042328 0.00272237 0.00910618 0.0071334 0.02
258 1 -166.513203 0.00189192 0.00831143 0.00519816 0.02
268 1 -164.494298 0.00118978 0.00459415 0.00384132 0.02
278 1 -165.516209 0.00174382 0.00579217 0.00635731 0.03
322 1 -169.502993 0.00261215 0.00895459 0.00724046 0.03
356 1 -158.733719 0.00162838 0.00772575 0.00463474 0.03
237 1 -167.219867 0.00210834 0.00976094 0.00616999 0.03
150 1 -162.574358 0.00247835 0.00775576 0.00750951 0.01
341 1 -169.164342 0.00180149 0.00596914 0.00448079 0.03
180 1 -164.989347 0.00255519 0.00800748 0.00703475 0.01
175 1 -158.701165 0.00171121 0.00621368 0.00515818 0.01
278 1 -165.749302 0.00157713 0.00853585 0.00531737 0.03
169 1 -159.753774 0.00265779 0.00854035 0.00803211 0.02
190 1 -165.279277 0.00205206 0.00714988 0.00611131 0.02
136 1 -157.978397 0.00171008 0.00618915 0.00505805 0.02
207 1 -165.631584 0.00268158 0.0094555 0.00668291 0.02
172 1 -164.737250 0.00250462 0.00925986 0.00615692 0.02
166 1 -163.058586 0.00229686 0.00887276 0.00567306 0.01
275 1 -162.442118 0.00190176 0.00744389 0.0052785 0.02
137 1 -164.242464 0.00196756 0.00965806 0.00442753 0.01
186 1 -166.355183 0.0017005 0.00842166 0.00423514 0.02
155 1 -163.927632 0.00271791 0.00980921 0.00732306 0.01
258 1 -165.364805 0.00248611 0.00929721 0.00594191 0.02
157 1 -165.812074 0.00263655 0.00767799 0.00753389 0.01
146 1 -164.540907 0.00187918 0.00688999 0.00474645 0.01
306 1 -166.293306 0.00298956 0.00969878 0.00971329 0.03
141 1 -164.964261 0.00146297 0.0056613 0.00369837 0.01
259 1 -165.825963 0.00163658 0.00982382 0.00501666 0.03
295 1 -159.991910 0.00168972 0.00717704 0.00496664 0.03
171 1 -165.963913 0.00284317 0.00775343 0.00734147 0.01
177 1 -164.032388 0.00250314 0.00894456 0.00867175 0.01
201 1 -164.504526 0.0019929 0.00955835 0.00625725 0.02
178 1 -159.815929 0.00224297 0.00959993 0.0066725 0.02
131 1 -165.252773 0.00176251 0.00737414 0.00695483 0.02
134 1 -158.648702 0.00179744 0.00938955 0.00587272 0.01
274 1 -166.461401 0.00190884 0.00692349 0.00614718 0.03
247 1 -158.354952 0.00210636 0.00752866 0.00560845 0.03
242 1 -167.594264 0.00165879 0.00588377 0.00464061 0.03
269 1 -162.208447 0.00218562 0.00908582 0.00690628 0.03
353 1 -163.043343 0.00324571 0.00984838 0.00980246 0.04
278 1 -162.213792 0.0025179 0.00981797 0.00577841 0.03
168 1 -164.387117 0.00270605 0.0087708 0.0091527 0.02
208 1 -162.872408 0.00177194 0.00811262 0.00578584 0.02
170 1 -163.718480 0.00181358 0.00787505 0.00462298 0.01
250 1 -163.446332 0.00329176 0.00955986 0.0106174 0.02
205 1 -163.712453 0.00210326 0.00901534 0.00510187 0.02
298 1 -166.467212 0.00184261 0.0067715 0.00470627 0.03
157 1 -160.060336 0.00216456 0.00664924 0.00718169 0.01
430 1 -167.763749 0.00250321 0.00927007 0.00696246 0.05
155 1 -166.790471 0.00162414 0.00420796 0.00459664 0.01
257 1 -166.183300 0.00191935 0.00784804 0.00836523 0.03
393 1 -167.145523 0.00164797 0.00891883 0.00452661 0.04
388 1 -170.092680 0.00219371 0.00866377 0.00513278 0.04
273 1 -163.488807 0.00226914 0.00858767 0.00698124 0.03
162 1 -159.817462 0.00279568 0.00947191 0.00904041 0.01
267 1 -165.313099 0.00145333 0.00554974 0.0051408 0.03
287 1 -168.500375 0.00219633 0.00914386 0.00847961 0.03
174 1 -166.456151 0.00192198 0.00700449 0.00562624 0.02
186 1 -167.006220 0.00246668 0.00972647 0.00754493 0.02
239 1 -165.428130 0.00234231 0.00808889 0.00727494 0.03
114 1 -164.812767 0.00154838 0.00540785 0.00470001 0.01
170 1 -162.312826 0.00193047 0.00959513 0.00637683 0.02
219 1 -164.625086 0.00215381 0.00850093 0.00552038 0.02
348 1 -161.724670 0.00269498 0.00902047 0.0086308 0.04
221 1 -161.438847 0.00272163 0.00940314 0.00665823 0.02
329 1 -165.344477 0.00172498 0.00848653 0.00581893 0.04
225 1 -163.275172 0.00208099 0.00930077 0.0087446 0.02
168 1 -159.394893 0.00236061 0.00834114 0.00837863 0.02
256 1 -163.394333 0.00246184 0.00722432 0.00719728 0.02
238 1 -167.741594 0.00145253 0.00652562 0.003424 0.02
202 1 -165.370306 0.00215445 0.00976641 0.006966 0.02
245 1 -166.928764 0.00130448 0.00684705 0.00593866 0.03
300 1 -170.126344 0.0025345 0.00909952 0.0086633 0.03
221 1 -165.539972 0.00183216 0.00721543 0.00750094 0.02
282 1 -165.525698 0.00163746 0.00570794 0.00486779 0.03
164 1 -166.028329 0.00182983 0.00793387 0.00535119 0.02
152 1 -164.129374 0.00207227 0.00818143 0.00561289 0.02
171 1 -168.287422 0.0024421 0.00973998 0.00785416 0.02
134 1 -163.393866 0.00222761 0.00913849 0.00735732 0.02
226 1 -167.753121 0.00181978 0.00924387 0.00463973 0.02
137 1 -156.624178 0.00232081 0.00897369 0.00516665 0.01
197 1 -165.885340 0.00223644 0.00708732 0.00636032 0.02
253 1 -165.613921 0.00195937 0.00939426 0.00597135 0.02
217 1 -164.093993 0.00163846 0.00667934 0.00436521 0.02
163 1 -160.162652 0.00235078 0.00891494 0.00720579 0.02
229 1 -165.840129 0.00205252 0.00679328 0.00601979 0.02
219 1 -163.251038 0.00194052 0.00637032 0.00573105 0.02
234 1 -164.221425 0.00273665 0.00890477 0.0104945 0.03
194 1 -164.542580 0.00241817 0.00921846 0.00672884 0.02
186 1 -163.680876 0.00211121 0.00962425 0.0071269 0.02
195 1 -167.414079 0.00179801 0.00574967 0.00440985 0.02
195 1 -164.696444 0.00232319 0.00912594 0.00600088 0.02
440 1 -168.278141 0.00213767 0.00867135 0.00608282 0.05
230 1 -166.764451 0.00168007 0.00634794 0.00526491 0.03
271 1 -163.740024 0.00296974 0.00847322 0.00968546 0.03
333 1 -164.786603 0.00164546 0.00840054 0.00453441 0.03
192 1 -167.851813 0.00170324 0.00732271 0.00465785 0.02
318 1 -164.800315 0.00179649 0.00625124 0.00597486 0.03
101 1 -159.948264 0.00154779 0.00630223 0.00416494 0.01
155 1 -158.959066 0.00174561 0.00573713 0.00525007 0.02
201 1 -162.195723 0.00266657 0.00870691 0.00872116 0.03
211 1 -164.256551 0.00175635 0.00846515 0.00611493 0.02
157 1 -166.316456 0.00284285 0.00970637 0.00814004 0.02
198 1 -165.718624 0.00148982 0.00587821 0.00345863 0.03
216 1 -166.643035 0.00207928 0.00777461 0.00565575 0.02
133 1 -158.116288 0.00213357 0.00755519 0.00590875 0.02
200 1 -163.397525 0.00191363 0.00873735 0.00569669 0.03
207 1 -163.767663 0.00203372 0.0069584 0.00555472 0.02
169 1 -160.872853 0.00257034 0.0078601 0.0104649 0.02
151 1 -162.847070 0.0019197 0.00775402 0.0056409 0.02
180 1 -161.157376 0.00339261 0.00969797 0.0126745 0.02
306 1 -164.857089 0.00157023 0.00579617 0.00553132 0.04
172 1 -161.951655 0.00243286 0.00793371 0.00755621 0.02
211 1 -156.438798 0.00222263 0.00869927 0.00792597 0.02
209 1 -152.973756 0.00186596 0.00851845 0.00632286 0.03
214 1 -165.913337 0.00144129 0.00603724 0.00510913 0.03
214 1 -165.940700 0.00185397 0.00763888 0.0050683 0.03
272 1 -165.440471 0.00187518 0.00802971 0.00633929 0.03
159 1 -159.610769 0.0026732 0.00885579 0.00835277 0.02
244 1 -166.160430 0.00298088 0.00972199 0.00884487 0.03
162 1 -162.811802 0.00214416 0.0073048 0.00626218 0.02
198 1 -161.196784 0.00220645 0.00968328 0.00662813 0.02
149 1 -160.980297 0.00138977 0.00394692 0.00390848 0.01
182 1 -165.869402 0.00238961 0.00964097 0.0062831 0.02
150 1 -165.263590 0.0013845 0.006481 0.00411284 0.02
188 1 -163.814869 0.00173371 0.00796566 0.00410264 0.02
184 1 -167.921093 0.00160131 0.00703126 0.00460461 0.02
265 1 -170.916154 0.00189234 0.0064214 0.00681578 0.03
166 1 -164.162400 0.00256003 0.00888656 0.00643398 0.02
149 1 -165.842339 0.00176257 0.00549581 0.00594138 0.02
243 1 -164.277235 0.00270437 0.00875613 0.00710932 0.03
303 1 -167.009788 0.00235159 0.00814286 0.00647559 0.04
383 1 -162.554980 0.00194447 0.00717685 0.0061403 0.04
178 1 -161.004030 0.00170831 0.00608889 0.00478413 0.02
212 1 -164.567124 0.00258797 0.00917684 0.00787813 0.03
212 1 -164.152788 0.0019466 0.00720201 0.00649475 0.03
219 1 -165.220031 0.00185726 0.00653825 0.00502609 0.03
187 1 -165.380613 0.00216782 0.00830642 0.00638911 0.02
124 1 -163.920536 0.00185839 0.00702727 0.00579868 0.02
252 1 -167.818373 0.00195507 0.0090776 0.00757332 0.04
243 1 -167.135004 0.00231479 0.0098044 0.00988129 0.03
136 1 -165.392990 0.00311403 0.00966538 0.00974511 0.02
225 1 -161.015231 0.00146784 0.0053028 0.00473624 0.03
140 1 -160.617692 0.00220433 0.0093235 0.00639288 0.02
223 1 -164.899423 0.00204389 0.0091528 0.00570427 0.02
162 1 -165.930530 0.00220787 0.00814441 0.00697259 0.02
183 1 -162.017354 0.00188318 0.00974553 0.00714149 0.01
299 1 -158.804042 0.00218445 0.00971622 0.00720805 0.03
212 1 -163.887219 0.00171138 0.00813454 0.00601918 0.01
446 1 -168.812803 0.00197489 0.00895301 0.00707272 0.05
253 1 -166.118626 0.00222838 0.00766763 0.00787329 0.02
316 1 -164.540438 0.00233943 0.00889241 0.0062651 0.03
142 1 -163.574650 0.00234896 0.00910995 0.00902712 0.01
168 1 -166.559837 0.00150639 0.00777312 0.00391757 0.01
217 1 -167.382276 0.00210537 0.00822585 0.00482397 0.02
145 1 -159.515493 0.00200345 0.00931627 0.00544852 0.01
190 1 -168.349868 0.00223152 0.00992189 0.0064734 0.01
128 1 -164.455312 0.00288704 0.00934783 0.010506 0.01
195 1 -166.614586 0.00297772 0.00994585 0.0114602 0.01
184 1 -163.441444 0.00238613 0.00842547 0.00857986 0.01
291 1 -164.066371 0.00173523 0.00953846 0.00528364 0.03
192 1 -166.399720 0.00153141 0.00706227 0.00471242 0.02
177 1 -164.890673 0.00198584 0.00810214 0.00541557 0.02
289 1 -162.177906 0.00251948 0.00809297 0.00783896 0.03
470 1 -169.039851 0.00254331 0.0097405 0.00999182 0.05
134 1 -170.353800 0.00148519 0.00733792 0.00494661 0.01
217 1 -166.197526 0.00316364 0.00959189 0.0130891 0.02
199 1 -165.577798 0.00167083 0.00861917 0.00415613 0.02
313 1 -165.823587 0.00164534 0.00927683 0.00507822 0.03
296 1 -166.388359 0.0014512 0.00590285 0.00307824 0.03
188 1 -164.747230 0.00220238 0.00846267 0.00683912 0.02
163 1 -165.317244 0.00276621 0.00922064 0.0102508 0.01
139 1 -164.298147 0.00148503 0.00662953 0.00410578 0.01
191 1 -162.307188 0.00245895 0.00916405 0.00782233 0.01
290 1 -167.176698 0.00281383 0.00932065 0.00722293 0.03
167 1 -165.481128 0.00195161 0.00920684 0.00529318 0.02
131 1 -165.197841 0.00105069 0.00485191 0.00280331 0.01
165 1 -163.176007 0.00271817 0.00962724 0.00860516 0.01
236 1 -163.603160 0.00248027 0.00843699 0.0113954 0.02
243 1 -164.837702 0.00213922 0.00786902 0.00735659 0.02
339 1 -164.395866 0.00271003 0.0088314 0.0105269 0.03
168 1 -167.551048 0.00144714 0.00925178 0.00345503 0.01
135 1 -167.475582 0.00228151 0.00808838 0.00770315 0.01
271 1 -165.920469 0.00188102 0.00986244 0.00550947 0.02
234 1 -161.706150 0.00245099 0.00802589 0.0079082 0.02
173 1 -167.181185 0.00223635 0.00732381 0.00510359 0.02
445 1 -159.757809 0.00258437 0.00771623 0.00734212 0.05
225 1 -165.849634 0.00286819 0.00999763 0.0127822 0.03
129 1 -158.853513 0.00200972 0.00746859 0.00805163 0.01
381 1 -165.577272 0.0018835 0.00763771 0.00483959 0.04
195 1 -165.839452 0.00225456 0.00906439 0.00562669 0.01
358 1 -168.963570 0.00164327 0.00831179 0.00447487 0.03
207 1 -157.071692 0.00335793 0.00999636 0.0156467 0.02
228 1 -164.650838 0.00136268 0.00534237 0.00360495 0.02
165 1 -161.175351 0.00231439 0.00691512 0.00627187 0.02
250 1 -167.973655 0.00166392 0.00525311 0.00436812 0.02
285 1 -167.799148 0.00244936 0.00868118 0.0074824 0.03
174 1 -164.540562 0.00249321 0.00875573 0.0109116 0.01
355 1 -164.797215 0.0020648 0.00859117 0.00623583 0.04
263 1 -166.732742 0.00182459 0.00766988 0.00563968 0.02
181 1 -163.302291 0.0021832 0.00740112 0.00833893 0.01
281 1 -164.517344 0.00177183 0.00632285 0.00652864 0.02
138 1 -164.552675 0.00182871 0.00917863 0.00617275 0.01
240 1 -166.992012 0.00237997 0.00853619 0.00615371 0.02
155 1 -165.488194 0.00129716 0.00726161 0.00457168 0.01
172 1 -159.493095 0.00257348 0.00862496 0.00691148 0.01
242 1 -164.459150 0.002527 0.00994895 0.00885001 0.02
193 1 -164.608878 0.00262679 0.00860887 0.00724151 0.02
224 1 -162.542857 0.00228845 0.00717417 0.00759794 0.02
166 1 -166.055234 0.00211869 0.00897339 0.006081 0.01
223 1 -161.819922 0.001469 0.00705572 0.00555032 0.02
146 1 -161.857448 0.00202596 0.00681276 0.00596037 0.01
225 1 -166.290827 0.00133332 0.00493705 0.00371891 0.02
176 1 -162.387102 0.00184835 0.00632046 0.00570145 0.02
275 1 -167.443046 0.00212154 0.00803912 0.00589093 0.03
248 1 -161.571789 0.00285639 0.0096669 0.00758358 0.03
162 1 -165.082085 0.00239766 0.00963909 0.00637818 0.01
149 1 -163.682954 0.00215292 0.00809991 0.00775774 0.01
202 1 -166.279267 0.00264382 0.00908873 0.00803144 0.02
209 1 -165.205036 0.00231732 0.00813844 0.00913229 0.02
304 1 -167.049627 0.00225585 0.0075739 0.00618968 0.03
129 1 -162.517454 0.00240648 0.00852335 0.00862304 0.01
167 1 -165.342449 0.00147972 0.00904828 0.00486678 0.01
261 1 -167.123669 0.0025161 0.00949355 0.00795307 0.03
197 1 -167.129062 0.00247129 0.00839159 0.00651647 0.02
179 1 -157.942015 0.00166868 0.00727727 0.00629389 0.02
162 1 -164.938681 0.0013197 0.00892636 0.00504312 0.02
138 1 -164.324081 0.00234433 0.00824805 0.0100424 0.01
249 1 -160.270472 0.00355432 0.00999488 0.00924874 0.02
209 1 -165.173304 0.00162134 0.00728327 0.00564999 0.02
218 1 -166.090897 0.00210258 0.00902188 0.00662072 0.02
177 1 -168.401153 0.0023352 0.00966629 0.00649468 0.02
267 1 -164.467237 0.00220309 0.00816627 0.00696462 0.03
125 1 -161.337914 0.00198979 0.00841865 0.0048612 0.01
163 1 -167.104190 0.00180281 0.00879512 0.00506279 0.02
216 1 -166.525908 0.00192515 0.0099933 0.00601737 0.02
112 1 -156.112555 0.0027242 0.00909813 0.0101958 0
268 1 -167.962640 0.00198252 0.00909894 0.00649064 0.02
174 1 -165.634319 0.00183137 0.00940161 0.00656038 0.02
244 1 -164.922724 0.00207248 0.00814169 0.00592816 0.02
224 1 -163.570809 0.00182216 0.00968384 0.00543161 0.02
216 1 -165.755118 0.00241031 0.00957954 0.00772542 0.02
275 1 -163.709239 0.00218344 0.00876092 0.00652009 0.03
232 1 -155.290668 0.00173808 0.00550962 0.0053992 0.03
164 1 -165.700619 0.00095866 0.00536355 0.00342283 0.01
143 1 -162.192371 0.00244636 0.00974062 0.00805602 0.01
175 1 -147.202756 0.00209174 0.00793774 0.00717352 0.01
195 1 -164.580227 0.00176874 0.00843936 0.00770225 0.02
197 1 -154.281446 0.00190365 0.00945693 0.00607423 0.02
194 1 -163.373341 0.00230424 0.00834535 0.00798735 0.02
125 1 -162.987664 0.0018329 0.00772956 0.00643738 0.01
174 1 -163.678989 0.00172569 0.00808137 0.00667432 0.01
240 1 -166.368906 0.00244397 0.00652953 0.00646538 0.03
277 1 -164.879240 0.00177755 0.00447863 0.00572142 0.03
185 1 -162.375704 0.00190817 0.00791454 0.00546924 0.02
247 1 -163.389404 0.00238591 0.00732983 0.006564 0.03
186 1 -166.146289 0.00264325 0.00968096 0.00768925 0.02
192 1 -164.665933 0.00194802 0.00819025 0.00509495 0.02
383 1 -157.533789 0.00135615 0.00438312 0.00447723 0.04
401 1 -164.731646 0.00260976 0.00959354 0.0061402 0.04
169 1 -162.670523 0.00192498 0.00961725 0.00555361 0.02
246 1 -165.559450 0.00253651 0.00945923 0.0100539 0.02
269 1 -164.501335 0.00334956 0.00901048 0.0081478 0.03
181 1 -162.720739 0.00203031 0.00709945 0.00611284 0.02
244 1 -163.737054 0.00172081 0.00662609 0.00558163 0.03
275 1 -165.658779 0.00205489 0.00870364 0.0058286 0.03
272 1 -160.277173 0.00298922 0.00915396 0.0111238 0.03
181 1 -155.152129 0.00296627 0.0087009 0.0119714 0.02
329 1 -165.921516 0.00170787 0.00857693 0.00585539 0.04
243 1 -167.688805 0.00219596 0.00862923 0.00640315 0.03
242 1 -165.624841 0.00209401 0.00931952 0.0056671 0.03
128 1 -166.370586 0.00217932 0.00770075 0.00550044 0.01
253 1 -168.531856 0.00236051 0.00970537 0.00685985 0.03
278 1 -161.149915 0.00202173 0.00932887 0.00501743 0.03
160 1 -162.733288 0.00209103 0.00767365 0.00528509 0.02
234 1 -169.701819 0.00303748 0.00946067 0.0104622 0.03
172 1 -157.474352 0.00277594 0.00822845 0.00720946 0.02
194 1 -164.325440 0.00159086 0.00793156 0.00467504 0.02
203 1 -163.529746 0.00208701 0.00797813 0.00836387 0.02
136 1 -159.949371 0.00227283 0.0073989 0.00740682 0.02
189 1 -161.618334 0.00171167 0.00780324 0.00647771 0.02
300 1 -166.480390 0.00224568 0.00886317 0.00683482 0.04
334 1 -163.864970 0.00171656 0.0064931 0.00486661 0.04
326 1 -168.908065 0.00206912 0.00953447 0.00554734 0.03
177 1 -162.333713 0.00264115 0.00966739 0.00798675 0.01
217 1 -163.471863 0.00189626 0.00814758 0.00545466 0.03
177 1 -164.762348 0.00165815 0.00532555 0.00545066 0.02
109 1 -164.511492 0.00227226 0.00889266 0.00824233 0.01
234 1 -159.689994 0.00235975 0.00736254 0.00820752 0.03
266 1 -164.993472 0.0017008 0.00920153 0.00442413 0.03
144 1 -163.932551 0.00249623 0.00967994 0.00734287 0.01
181 1 -162.160566 0.00210331 0.00798791 0.00780265 0.02
165 1 -167.004902 0.0030125 0.00939788 0.010508 0.02
205 1 -167.058818 0.0020023 0.00676461 0.00499566 0.03
193 1 -163.155156 0.00182433 0.00692181 0.00496624 0.02
220 1 -165.820395 0.00163553 0.00706804 0.00493762 0.02
177 1 -164.680939 0.0018715 0.00615476 0.00573085 0.01
145 1 -164.369367 0.00207749 0.00578996 0.0076579 0.01
205 1 -163.095543 0.00202677 0.009767 0.00788144 0.03
214 1 -167.429458 0.00175585 0.00810286 0.00598913 0.03
140 1 -163.717373 0.00169369 0.00934816 0.0062735 0.02
185 1 -166.806042 0.00232587 0.00918217 0.00754138 0.02
191 1 -167.593083 0.00206368 0.00657851 0.00774675 0.02
268 1 -166.551458 0.00167533 0.00554888 0.00478305 0.03
145 1 -165.105111 0.00169344 0.00740442 0.00784978 0.01
360 1 -168.243039 0.00192792 0.00963605 0.00605838 0.05
182 1 -166.699907 0.00164356 0.00654045 0.00505597 0.02
130 1 -160.509641 0.00219612 0.00818834 0.00986237 0.01
238 1 -164.393239 0.00242079 0.0084463 0.00784695 0.03
326 1 -167.982530 0.00216641 0.00976356 0.00765462 0.04
259 1 -163.414720 0.00207537 0.00991724 0.00620555 0.03
193 1 -165.539410 0.00162662 0.0068641 0.00443609 0.02
156 1 -166.060909 0.00263442 0.00978405 0.00761722 0.01
173 1 -161.597363 0.0024204 0.00852107 0.00645947 0.02
254 1 -161.935320 0.00274642 0.00905148 0.0118412 0.03
552 1 -168.379970 0.00166959 0.00688382 0.00549224 0.07
455 1 -167.161139 0.00301323 0.00943684 0.00739623 0.05
204 1 -160.962594 0.00220297 0.00967459 0.0071497 0.02
252 1 -169.458993 0.00121216 0.00632596 0.00432996 0.03
123 1 -158.643874 0.00222279 0.00881674 0.00528724 0.01
316 1 -162.468353 0.00190979 0.0095428 0.00670598 0.03
196 1 -164.085764 0.00235527 0.0077752 0.00667845 0.03
220 1 -166.237094 0.00252567 0.00771384 0.00612126 0.03
243 1 -163.297782 0.00214238 0.00654129 0.00634505 0.02
234 1 -167.995144 0.00301929 0.0093457 0.00697405 0.03
192 1 -165.228806 0.00249697 0.00725705 0.00941794 0.02
217 1 -162.324762 0.00263351 0.00739141 0.00842476 0.02
172 1 -161.331046 0.00343341 0.00870966 0.013662 0.02
168 1 -166.706373 0.00203905 0.00781511 0.00588204 0.02
267 1 -165.310458 0.00201744 0.0099176 0.00705907 0.03
346 1 -167.392922 0.00288248 0.00931135 0.0132619 0.04
140 1 -161.193600 0.00316321 0.00853596 0.0123004 0.02
254 1 -164.499726 0.00234569 0.00977762 0.00788658 0.03
138 1 -163.180814 0.0021122 0.00772322 0.00628288 0.02
199 1 -170.527477 0.00167573 0.00578645 0.00504547 0.02
204 1 -164.016510 0.0029972 0.00996975 0.00868696 0.02
359 1 -165.903399 0.00233221 0.00843145 0.00715619 0.05
130 1 -158.398500 0.0028499 0.00965989 0.0114123 0.01
161 1 -162.196811 0.00245844 0.00910608 0.00690122 0.02
308 1 -162.768616 0.00228569 0.00853966 0.00691196 0.03
261 1 -165.554191 0.00171494 0.0094362 0.00573426 0.03
184 1 -163.597390 0.0021391 0.00874049 0.00548915 0.02
210 1 -164.434281 0.00224193 0.00904303 0.0063829 0.02
249 1 -163.373124 0.00248477 0.00907419 0.00684086 0.03
143 1 -166.901001 0.00183508 0.00629227 0.0043294 0.01
463 1 -164.337120 0.00251291 0.00892557 0.00741457 0.06
265 1 -163.243038 0.00173019 0.00763179 0.00443995 0.03
142 1 -165.275044 0.00153122 0.00766026 0.00661857 0.02
211 1 -166.080252 0.00173886 0.00666468 0.00510668 0.03
225 1 -165.820167 0.00224847 0.00918102 0.0077393 0.02
143 1 -165.038140 0.00204183 0.00707624 0.00736115 0.01
209 1 -165.364010 0.00206038 0.00603815 0.00536212 0.02
274 1 -165.932073 0.00200714 0.00629454 0.00515405 0.03
146 1 -162.935558 0.00150092 0.00961042 0.00549289 0.01
226 1 -166.822942 0.0021997 0.00972597 0.00793252 0.01
181 1 -165.901229 0.00214905 0.00817485 0.00960421 0.01
312 1 -168.397720 0.00175546 0.00604032 0.00511268 0.03
282 1 -165.163978 0.00252278 0.00913246 0.00669399 0.03
207 1 -166.344427 0.00245366 0.00829185 0.0101287 0.01
196 1 -166.569310 0.00255687 0.00844583 0.00682848 0.02
243 1 -162.638949 0.00225087 0.00796394 0.00645952 0.02
320 1 -168.845299 0.00202553 0.00785562 0.0063501 0.03
165 1 -165.094689 0.00180466 0.00875838 0.00468683 0.01
216 1 -159.274844 0.0022944 0.00749989 0.00834873 0.02
216 1 -163.552315 0.002352 0.00738304 0.0074723 0.01
186 1 -163.162271 0.00231292 0.00924093 0.00765604 0.01
190 1 -161.160947 0.00196518 0.00903201 0.00498538 0.02
366 1 -169.336171 0.00172686 0.00706362 0.00535207 0.04
214 1 -163.953458 0.00216025 0.00960265 0.00662909 0.02
326 1 -165.228061 0.00133815 0.0045367 0.00360409 0.03
183 1 -161.423114 0.00197841 0.0087124 0.0078976 0.02
356 1 -160.812540 0.00183053 0.00945817 0.00607667 0.04
254 1 -164.340905 0.00233171 0.00987145 0.00856384 0.02
259 1 -163.364457 0.00198948 0.00565175 0.00578464 0.03
293 1 -160.201496 0.00148499 0.00620584 0.00483774 0.02
246 1 -165.709499 0.00207717 0.00947012 0.00569869 0.02
178 1 -161.721990 0.00206241 0.00777019 0.00626732 0.02
230 1 -166.711400 0.00270848 0.00986287 0.00840304 0.02
220 1 -168.914764 0.00300043 0.00950604 0.00753066 0.02
147 1 -166.382446 0.00341739 0.00909354 0.0112415 0.01
196 1 -163.421239 0.002289 0.00943582 0.00613094 0.02
182 1 -163.502549 0.00253772 0.00897463 0.00703207 0.01
250 1 -165.949782 0.00223973 0.0091048 0.00688353 0.02
285 1 -160.940618 0.00186237 0.00943184 0.00454362 0.03
200 1 -159.834778 0.00268216 0.00708989 0.011965 0.01
288 1 -165.862992 0.00172734 0.00637125 0.0045588 0.03
346 1 -167.134799 0.002591 0.00856018 0.00775532 0.03
207 1 -164.868224 0.00264942 0.00994791 0.00703477 0.02
142 1 -162.898864 0.00199975 0.00887853 0.00557549 0.01
397 1 -164.804808 0.00138489 0.00833497 0.0043485 0.05
492 1 -165.711604 0.00258679 0.00754066 0.00866341 0.05
239 1 -166.355400 0.00262204 0.00921934 0.00659191 0.02
255 1 -157.705003 0.00212861 0.00825382 0.00598229 0.03
218 1 -166.297271 0.00143354 0.00688013 0.00424116 0.02
223 1 -166.767257 0.00221604 0.00866312 0.00877088 0.02
333 1 -165.312771 0.00242878 0.00916351 0.010891 0.03
244 1 -156.680085 0.00184439 0.00992283 0.00721911 0.02
254 1 -163.310396 0.00191536 0.00763656 0.00644531 0.02
121 1 -165.528928 0.00195418 0.00712902 0.00556737 0.01
195 1 -167.132598 0.00246069 0.00903816 0.00744845 0.02
268 1 -165.720264 0.00255203 0.00956846 0.00609835 0.02
266 1 -163.627985 0.00153833 0.00616992 0.00515709 0.03
142 1 -165.701691 0.00342359 0.00928341 0.00951897 0.01
145 1 -160.689931 0.0019817 0.00929148 0.00570691 0.01
185 1 -166.845898 0.00220807 0.00843968 0.0057519 0.01
262 1 -167.682553 0.00155379 0.00756459 0.00465261 0.02
153 1 -160.213028 0.0016969 0.00979268 0.00548596 0.02
183 1 -166.723841 0.00198605 0.00905047 0.0076098 0.02
145 1 -164.554410 0.00180344 0.00841229 0.00501335 0.01
230 1 -158.545255 0.00200101 0.00996893 0.00519825 0.02
388 1 -168.901356 0.00267986 0.00989776 0.00559282 0.04
201 1 -164.757689 0.00198844 0.00611347 0.00583135 0.02
155 1 -163.241455 0.00198665 0.00636418 0.00551614 0.01
244 1 -164.422779 0.00158756 0.0066474 0.00408057 0.02
193 1 -161.861351 0.00238743 0.00927415 0.00686078 0.02
144 1 -163.324838 0.00206587 0.00633239 0.00702918 0.01
137 1 -162.286189 0.00192805 0.00698161 0.00824015 0.01
222 1 -168.186992 0.00214311 0.00827125 0.00530416 0.02
205 1 -163.367886 0.00180015 0.00925696 0.00651754 0.02
192 1 -165.993237 0.00160056 0.00764235 0.00393362 0.02
263 1 -161.847322 0.00207105 0.00926759 0.00677311 0.02
168 1 -162.740216 0.0026458 0.00845169 0.00753526 0.01
363 1 -168.886556 0.00166006 0.00764426 0.00581901 0.04
274 1 -162.642289 0.0019581 0.00992048 0.00493726 0.03
160 1 -165.466763 0.00185799 0.00555389 0.00533899 0.01
236 1 -165.081672 0.00255744 0.00829231 0.0107887 0.02
384 1 -167.783516 0.00114989 0.00743998 0.00416592 0.04
194 1 -160.461669 0.00215269 0.00705369 0.00560098 0.01
136 1 -157.768555 0.006658 0.00961637 0.0313332 0.01
260 1 -168.597549 0.00151865 0.00463267 0.00480431 0.02
162 1 -167.095395 0.00152453 0.00502718 0.00504064 0.01
313 1 -159.509902 0.00342618 0.00954511 0.0181588 0.03
246 1 -165.627619 0.00183867 0.00871163 0.00518696 0.02
211 1 -162.247558 0.00131184 0.00524966 0.0041543 0.02
349 1 -164.191851 0.00184602 0.00806385 0.00655583 0.04
165 1 -167.791790 0.00190184 0.00991649 0.00626279 0.01
356 1 -165.863476 0.00207113 0.00639657 0.00614507 0.03
200 1 -167.339780 0.00263871 0.00980925 0.00643135 0.02
138 1 -165.855751 0.00239325 0.00931574 0.00644632 0.02
248 1 -164.224512 0.00231079 0.00830515 0.00713242 0.03
404 1 -168.127974 0.00181429 0.00629213 0.00685239 0.05
280 1 -167.152461 0.00227868 0.00689371 0.00799133 0.03
276 1 -164.733896 0.00189739 0.00606268 0.00516403 0.03
268 1 -162.541274 0.003032 0.00965343 0.0103228 0.03
201 1 -162.863546 0.00217976 0.0085996 0.00630079 0.02
193 1 -161.989763 0.00206165 0.00741114 0.0073301 0.02
319 1 -166.871171 0.00350718 0.0097857 0.0120575 0.04
178 1 -162.202221 0.00189407 0.00869016 0.00721263 0.02
315 1 -167.279506 0.00167657 0.00731121 0.0050964 0.04
145 1 -162.000993 0.00134985 0.00611708 0.00383235 0.02
190 1 -165.202712 0.00160718 0.00621988 0.00471836 0.02
156 1 -165.153783 0.00190933 0.00884627 0.005827 0.02
207 1 -162.986429 0.00137665 0.00607189 0.00401664 0.02
181 1 -160.257814 0.00301643 0.00975416 0.0106837 0.02
287 1 -164.233091 0.00191793 0.00873733 0.00583211 0.04
387 1 -164.245166 0.00276636 0.00987962 0.00979572 0.05
200 1 -164.985523 0.00275075 0.00991978 0.00852393 0.02
221 1 -165.597639 0.00217256 0.00721023 0.00675146 0.03
164 1 -162.229627 0.0021159 0.00924603 0.00697467 0.02
236 1 -164.876548 0.00442624 0.0089036 0.014515 0.03
166 1 -164.902328 0.00322033 0.00995981 0.00890021 0.01
196 1 -160.943604 0.00274656 0.00921998 0.00851075 0.02
185 1 -163.724981 0.00224233 0.0096574 0.00762853 0.02
178 1 -160.458765 0.00221816 0.00936632 0.0100882 0.02
136 1 -163.642379 0.00137378 0.00805339 0.00352447 0.01
180 1 -163.112468 0.00250726 0.00901607 0.00728451 0.02
131 1 -166.469206 0.00202215 0.00998263 0.00583529 0.02
313 1 -167.797656 0.00241894 0.00885781 0.00691273 0.04
140 1 -163.497449 0.00201464 0.00666017 0.00775986 0.02
200 1 -165.203239 0.00252915 0.00775625 0.00912764 0.02
228 1 -167.246452 0.00226382 0.00790056 0.00673922 0.03
189 1 -168.110400 0.00194283 0.00648783 0.00580809 0.02
129 1 -158.918443 0.00180396 0.00618036 0.00486591 0.02
254 1 -164.658019 0.00167622 0.00853636 0.00468023 0.03
172 1 -161.108137 0.0021308 0.00815425 0.0060606 0.02
240 1 -160.343577 0.00243135 0.00843095 0.00909908 0.03
125 1 -163.351057 0.0019708 0.0078694 0.00628257 0.02
203 1 -165.116981 0.0018398 0.00844984 0.00503235 0.02
224 1 -164.127472 0.00199793 0.00808147 0.00481791 0.03
242 1 -161.588003 0.00201 0.00690947 0.00510704 0.03
140 1 -156.073245 0.00320681 0.00982017 0.00963458 0.02
243 1 -164.642977 0.00186401 0.00850092 0.00491092 0.03
228 1 -160.481663 0.00250071 0.00869705 0.00527085 0.03
157 1 -154.968741 0.00207795 0.00815807 0.00735888 0.02
368 1 -165.384830 0.00344165 0.00870162 0.00968877 0.05
170 1 -166.034018 0.00185194 0.00723537 0.00451719 0.02
184 1 -160.878052 0.00225223 0.00860952 0.00583456 0.03
184 1 -165.032567 0.00297617 0.00920253 0.00987583 0.02
215 1 -165.495565 0.00264522 0.00902916 0.00675237 0.03
362 1 -163.679181 0.00295663 0.00927946 0.0112984 0.04
231 1 -166.420274 0.00215776 0.00831899 0.00711584 0.03
240 1 -164.025820 0.00241246 0.00750873 0.00646594 0.03
193 1 -165.004980 0.00173595 0.00784551 0.00463621 0.02
262 1 -166.758537 0.00302354 0.00764453 0.0131742 0.03
120 1 -157.299426 0.00236945 0.00803337 0.00730869 0.01
332 1 -167.145594 0.00279499 0.00958643 0.00702884 0.04
399 1 -169.283849 0.0020473 0.00856567 0.00682998 0.05
121 1 -160.770538 0.00222096 0.00812585 0.00805791 0.02
196 1 -164.020721 0.00228359 0.00966973 0.00643511 0.02
148 1 -161.884585 0.00254822 0.00934024 0.00814903 0.02
195 1 -167.650686 0.00183536 0.00835587 0.00571202 0.03
376 1 -165.855375 0.00170765 0.00806359 0.0044648 0.03
141 1 -164.305473 0.00232163 0.00945018 0.00767847 0.01
358 1 -168.018739 0.00180386 0.00643011 0.00508702 0.03
251 1 -160.874359 0.00183196 0.0096947 0.0054804 0.02
160 1 -159.879719 0.00229192 0.0082586 0.00527172 0.01
222 1 -165.587437 0.00189847 0.00658005 0.00493663 0.02
237 1 -165.112665 0.00229732 0.00946708 0.00814147 0.02
301 1 -164.298589 0.00185234 0.00782097 0.00632148 0.03
233 1 -168.589573 0.00301061 0.00916391 0.00729099 0.02
347 1 -167.292347 0.00184648 0.00691552 0.0061155 0.03
185 1 -167.211772 0.00248828 0.00854058 0.00766519 0.01
212 1 -165.703780 0.00246036 0.00855113 0.00685607 0.02
230 1 -164.536673 0.00190945 0.00712283 0.00750659 0.02
296 1 -168.478893 0.00144917 0.00727372 0.00322036 0.03
364 1 -166.030844 0.00253542 0.00802914 0.0058548 0.04
238 1 -164.474677 0.00266345 0.00970417 0.0104863 0.02
274 1 -166.098926 0.00253986 0.00659226 0.00970763 0.03
213 1 -164.518640 0.00250656 0.00919379 0.00982492 0.02
210 1 -162.937654 0.00318736 0.0088813 0.0111821 0.01
252 1 -167.191698 0.00202251 0.00983277 0.00639566 0.02
172 1 -166.433378 0.00221326 0.00843063 0.00628621 0.01
234 1 -164.063752 0.00187441 0.00594827 0.00549779 0.02
184 1 -164.896049 0.00236437 0.00996044 0.00623782 0.01
148 1 -166.989027 0.0018641 0.00913453 0.00612165 0.01
236 1 -166.561196 0.00202436 0.00922781 0.00510468 0.02
263 1 -167.204274 0.00212197 0.00867611 0.00703911 0.02
302 1 -168.891239 0.0025808 0.00806948 0.00706499 0.03
328 1 -169.692180 0.00222244 0.0079843 0.00763888 0.03
223 1 -163.382815 0.00191219 0.00901936 0.00471652 0.02
245 1 -157.612627 0.0012362 0.00497387 0.00332663 0.03
254 1 -167.870977 0.00138537 0.00659182 0.00344863 0.02
197 1 -163.402965 0.0029003 0.00968641 0.010914 0.01
248 1 -167.086491 0.00247788 0.00792027 0.0067642 0.02
247 1 -166.978556 0.00224268 0.00737991 0.00764847 0.02
178 1 -162.323589 0.00135948 0.00411254 0.00388191 0.01
266 1 -165.809822 0.00211665 0.00954795 0.011223 0.02
144 1 -162.010049 0.00250274 0.00982109 0.00779134 0.01
239 1 -162.876351 0.00214401 0.00867725 0.00556086 0.02
154 1 -160.425711 0.00201962 0.00896461 0.00743749 0.01
260 1 -161.880301 0.00218086 0.00775525 0.00562352 0.02
338 1 -164.397083 0.00163064 0.00682842 0.00503674 0.03
260 1 -165.354615 0.00165497 0.00898597 0.00553851 0.03
353 1 -165.692270 0.00185108 0.00730498 0.00567782 0.04
140 1 -167.705927 0.00137265 0.00603101 0.0043904 0.01
354 1 -165.784424 0.00193976 0.00818574 0.00610277 0.04
225 1 -156.035806 0.00199842 0.00895905 0.0058869 0.02
157 1 -162.993061 0.00200721 0.00770932 0.0062251 0.01
161 1 -164.255368 0.00190773 0.00743121 0.0059172 0.01
145 1 -163.661797 0.00251704 0.00783156 0.00714942 0.01
153 1 -159.636295 0.00198908 0.00539688 0.00583494 0.01
150 1 -163.432470 0.00327694 0.00994825 0.0112901 0.01
211 1 -165.398368 0.00174722 0.00638526 0.00482295 0.02
296 1 -166.007309 0.00190851 0.0081056 0.00511826 0.03
363 1 -167.481378 0.0023503 0.00936195 0.00530692 0.04
191 1 -166.732776 0.00186356 0.0094459 0.00558911 0.01
224 1 -167.087892 0.00141228 0.0064628 0.00415089 0.02
229 1 -165.000760 0.00239764 0.00931114 0.00774768 0.03
269 1 -162.830172 0.00177427 0.0068779 0.00534533 0.03
252 1 -167.708891 0.00244099 0.00795326 0.00646813 0.03
335 1 -167.468716 0.00170271 0.00870109 0.00534352 0.04
190 1 -165.685826 0.00232702 0.00846101 0.00740352 0.01
261 1 -166.549520 0.00191932 0.00712909 0.00532417 0.02
336 1 -163.461519 0.00181779 0.00775415 0.00585256 0.04
309 1 -164.651236 0.00231257 0.00998695 0.00585028 0.03
181 1 -161.547608 0.002494 0.00982581 0.00561119 0.02
239 1 -165.220381 0.002181 0.00890437 0.00657849 0.02
199 1 -160.226001 0.00226882 0.00851962 0.00683335 0.02
432 1 -168.020840 0.0018818 0.00917118 0.00457648 0.04
254 1 -164.059037 0.00279383 0.00875859 0.00772014 0.02
132 1 -162.672806 0.00285995 0.00980893 0.00811974 0.01
237 1 -166.555634 0.00244563 0.00972078 0.00719497 0.02
201 1 -166.960882 0.00236835 0.0086467 0.00598609 0.02
248 1 -163.420134 0.00224062 0.00785564 0.00919922 0.02
205 1 -162.135177 0.00289934 0.00951962 0.00696155 0.02
138 1 -164.632920 0.00144445 0.00457862 0.00381624 0.01
171 1 -166.799672 0.00162169 0.00559694 0.0037989 0.02
136 1 -161.651821 0.00336383 0.00868383 0.0116154 0.01
240 1 -166.704820 0.00144134 0.00618033 0.00523426 0.03
206 1 -167.124633 0.00251206 0.00955257 0.00704361 0.02
216 1 -167.102484 0.00236179 0.00844958 0.00920185 0.02
193 1 -163.025329 0.00218436 0.00754878 0.00491247 0.01
193 1 -165.110906 0.00200568 0.00652982 0.0104805 0.02
319 1 -166.593390 0.0028197 0.00788785 0.0101838 0.03
210 1 -165.739673 0.00172115 0.00934112 0.00808354 0.02
199 1 -164.663026 0.00155468 0.00683878 0.00477643 0.01
289 1 -164.609758 0.00252879 0.00981827 0.00837335 0.03
179 1 -167.352433 0.00241772 0.00836704 0.00969513 0.02
258 1 -166.512937 0.00233568 0.00895774 0.00635846 0.03
210 1 -164.386768 0.00230361 0.00952286 0.0108659 0.02
167 1 -161.291557 0.00219779 0.00685666 0.00633332 0.01
231 1 -163.331526 0.00211718 0.00830823 0.00499657 0.03
176 1 -167.465846 0.00258168 0.00977936 0.00698383 0.02
212 1 -168.197249 0.00255498 0.00931599 0.00602078 0.02
191 1 -170.136641 0.00183124 0.00908855 0.00675369 0.02
220 1 -165.258441 0.0020182 0.00645659 0.00703353 0.02
275 1 -165.629340 0.00285524 0.00972158 0.0120385 0.02
135 1 -161.416609 0.00162554 0.00698009 0.00598754 0.01
174 1 -163.928668 0.00242566 0.00905195 0.00613274 0.02
167 1 -161.201068 0.00166429 0.00607195 0.00616096 0.02
202 1 -161.268330 0.00181068 0.00653171 0.0052162 0.02
157 1 -165.553507 0.00289366 0.00875169 0.0115935 0.02
145 1 -164.178282 0.00195193 0.0085427 0.00555521 0.01
493 1 -168.067332 0.00222399 0.00806413 0.00732988 0.05
207 1 -166.374442 0.00276256 0.00792277 0.0126471 0.02
184 1 -161.579778 0.00229667 0.00667332 0.00809303 0.01
196 1 -166.526115 0.000885292 0.00570531 0.00291334 0.02
205 1 -154.476962 0.00258697 0.00949859 0.00749814 0.02
193 1 -164.201251 0.00218051 0.0087003 0.00699115 0.02
213 1 -164.557937 0.00244521 0.0089672 0.00791355 0.02
252 1 -166.373669 0.00207951 0.00869255 0.00736525 0.02
188 1 -163.479926 0.00252929 0.00978198 0.00819907 0.02
176 1 -163.490950 0.00205921 0.00820393 0.00553431 0.02
208 1 -165.579387 0.00184023 0.0061371 0.00657891 0.02
118 1 -156.991117 0.00250104 0.00858214 0.00759881 0
299 1 -162.811997 0.00300842 0.00902905 0.00854028 0.04
273 1 -167.447138 0.00266529 0.00891419 0.00899299 0.03
334 1 -166.155724 0.00164199 0.0079977 0.00366375 0.04
203 1 -159.721268 0.00184828 0.00757475 0.00643742 0.02
299 1 -159.944314 0.0022538 0.00785036 0.00768421 0.03
266 1 -166.919910 0.00145868 0.006688 0.00455842 0.03
142 1 -166.637256 0.00167141 0.00992964 0.00432761 0.01
241 1 -166.116932 0.00209946 0.00834212 0.0067447 0.02
301 1 -167.506151 0.00112704 0.00544483 0.00303556 0.03
351 1 -167.075601 0.00359452 0.00977356 0.0108967 0.04
303 1 -167.505228 0.0026058 0.00898059 0.0145809 0.04
141 1 -151.916671 0.00206957 0.00980519 0.00695784 0.01
227 1 -161.728661 0.0015377 0.00822905 0.00447353 0.02
149 1 -162.805794 0.00224347 0.00858914 0.00548099 0.02
238 1 -165.053440 0.00181701 0.00735862 0.00551848 0.02
255 1 -163.688418 0.00191649 0.00810959 0.00467001 0.03
184 1 -163.588662 0.00269126 0.00959155 0.00634436 0.02
219 1 -165.133087 0.00318107 0.009145 0.0086262 0.03
177 1 -163.976794 0.00224433 0.00821876 0.00663145 0.01
156 1 -157.518899 0.00195717 0.00881169 0.00585146 0.02
212 1 -165.632144 0.00167429 0.0081858 0.00476751 0.02
176 1 -163.497059 0.00277781 0.00915356 0.00939871 0.02
211 1 -161.874202 0.0017715 0.00689369 0.0046521 0.02
109 1 -165.160476 0.00262163 0.00921363 0.00761541 0.01
304 1 -168.205632 0.00202071 0.00787826 0.00528204 0.03
187 1 -162.587581 0.00138866 0.00553534 0.00328852 0.02
307 1 -165.503554 0.00246106 0.00949032 0.00709375 0.03
136 1 -163.159395 0.00189194 0.00880813 0.00630344 0.01
266 1 -167.207014 0.00200012 0.0070035 0.00622936 0.03
332 1 -166.763341 0.00158058 0.00662533 0.00490509 0.04
229 1 -166.076946 0.0025328 0.00878101 0.00664915 0.02
183 1 -165.690559 0.00182418 0.00661558 0.00576062 0.02
303 1 -165.013808 0.00245156 0.00873848 0.00835936 0.03
359 1 -165.482471 0.00182689 0.00855914 0.00571112 0.04
179 1 -167.379831 0.00219804 0.00887734 0.00810431 0.02
275 1 -167.407242 0.00178954 0.00919635 0.00672409 0.03
226 1 -158.099240 0.00220108 0.00837112 0.00594356 0.02
162 1 -165.345453 0.00185138 0.00592512 0.00539972 0.02
394 1 -164.232292 0.0025056 0.00865831 0.00654451 0.05
186 1 -165.756221 0.00184907 0.00854198 0.00458292 0.02
134 1 -167.689828 0.00224727 0.00819056 0.00579817 0.02
246 1 -164.660045 0.00283895 0.00988335 0.00780554 0.03
186 1 -166.637711 0.00240394 0.00916605 0.00658745 0.02
178 1 -159.556495 0.00151058 0.00899605 0.00409902 0.02
177 1 -168.691026 0.00257868 0.00786123 0.00753345 0.02
199 1 -164.575261 0.00212595 0.00564345 0.00668784 0.02
190 1 -162.378293 0.00221886 0.00843881 0.00624325 0.02
418 1 -165.027646 0.00239186 0.00903731 0.00681116 0.05
147 1 -163.015187 0.00180613 0.00790738 0.00500329 0.02
429 1 -168.117246 0.00228565 0.00640118 0.00776077 0.05
227 1 -163.427683 0.00241403 0.00934585 0.00653736 0.02
136 1 -164.255526 0.00207252 0.00703445 0.00532347 0.02
227 1 -167.789084 0.00182998 0.00806611 0.00697781 0.03
292 1 -167.417607 0.00219197 0.00749491 0.00899204 0.03
175 1 -161.142810 0.00279927 0.00748388 0.0100202 0.02
151 1 -165.379574 0.00244352 0.00904031 0.00819527 0.01
317 1 -159.782458 0.00138777 0.00392513 0.00444137 0.04
318 1 -167.406403 0.00215996 0.00854534 0.0115286 0.04
345 1 -167.595537 0.0028874 0.00951488 0.00741555 0.04
331 1 -166.551016 0.00287784 0.00851709 0.00917495 0.04
197 1 -164.152020 0.00256205 0.0098582 0.00954159 0.02
183 1 -161.632240 0.00196153 0.0090574 0.00648666 0.02
134 1 -164.721110 0.00148436 0.00599735 0.00369802 0.01
112 1 -160.867210 0.00219351 0.00803719 0.00622925 0.01
168 1 -159.413901 0.00217873 0.00889235 0.00569774 0.01
313 1 -170.553218 0.00214995 0.00620905 0.00636098 0.04
321 1 -168.774442 0.00230972 0.00899817 0.0059822 0.04
246 1 -165.700157 0.00179478 0.00737434 0.00487815 0.03
159 1 -163.411438 0.00172471 0.009034 0.00664896 0.02
212 1 -162.936899 0.00299418 0.0098746 0.0103522 0.02
140 1 -158.012026 0.00128234 0.00773413 0.00372921 0.01
211 1 -161.395528 0.00214596 0.00970746 0.00695953 0.02
159 1 -162.748314 0.00151883 0.00452771 0.00467071 0.02
299 1 -168.603578 0.00267708 0.00992766 0.00713038 0.03
304 1 -163.736683 0.00242998 0.00801442 0.00567637 0.03
269 1 -166.565372 0.00226937 0.00946781 0.00724485 0.03
143 1 -161.995004 0.00192817 0.00940399 0.00603927 0.02
157 1 -164.235665 0.00216175 0.00851741 0.00504429 0.01
151 1 -159.736598 0.00216951 0.00949742 0.006265 0.02
207 1 -167.085499 0.00165833 0.00786645 0.00517297 0.03
140 1 -167.082796 0.00170191 0.00583449 0.0067177 0.01
210 1 -164.296804 0.00176378 0.00991468 0.00684765 0.02
147 1 -161.611918 0.00177873 0.00789588 0.00467564 0.02
420 1 -162.705350 0.001789 0.00726193 0.00641869 0.05
289 1 -166.448330 0.00148487 0.00780183 0.00449755 0.04
150 1 -164.904463 0.00179372 0.00939179 0.00569344 0.02
346 1 -163.289692 0.00201295 0.00839218 0.00498329 0.04
471 1 -167.807426 0.00191395 0.00724192 0.00542286 0.06
138 1 -160.480588 0.0021482 0.00896614 0.00575176 0.02
168 1 -163.146010 0.00188966 0.00911653 0.00752011 0.02
210 1 -163.377171 0.00327711 0.0099243 0.0117366 0.02
294 1 -167.592036 0.00217605 0.00969125 0.00580852 0.03
201 1 -168.031507 0.00204225 0.00973006 0.00613189 0.02
250 1 -166.471585 0.00141752 0.00802139 0.00528346 0.03
289 1 -167.336550 0.0020112 0.00637598 0.00712539 0.03
138 1 -157.912672 0.00268639 0.00839228 0.00992571 0.02
371 1 -168.768794 0.00173501 0.00790304 0.00435154 0.05
199 1 -163.981192 0.00157368 0.00905171 0.00540732 0.03
176 1 -163.215415 0.00297193 0.00977342 0.0122454 0.03
181 1 -164.818092 0.00261055 0.00851407 0.00720656 0.02
281 1 -162.472536 0.00149501 0.00782556 0.00477493 0.03
308 1 -166.678134 0.00217489 0.00763163 0.00662106 0.03
183 1 -163.158216 0.00279127 0.00970334 0.0107947 0.02
112 1 -154.801873 0.00149063 0.00895964 0.00539868 0.02
161 1 -157.868744 0.00274193 0.00983883 0.0091596 0.02
172 1 -161.813147 0.00223754 0.00819672 0.00820047 0.02
217 1 -162.545631 0.00230951 0.00803739 0.00671298 0.02
209 1 -162.915877 0.00196599 0.00930588 0.00519561 0.02
166 1 -162.906568 0.00171447 0.008995 0.00471438 0.02
160 1 -163.464176 0.00173395 0.00944111 0.00609883 0.02
164 1 -157.230906 0.00251661 0.00866544 0.00565285 0.02
271 1 -163.664925 0.00227441 0.00893315 0.00647531 0.03
218 1 -163.554938 0.00259091 0.00925152 0.0106505 0.02
115 1 -160.551880 0.00102352 0.00471618 0.00301134 0.01
162 1 -163.813201 0.00234646 0.00883547 0.00728085 0.02
157 1 -155.114358 0.00216568 0.00873847 0.00937846 0.02
107 1 -163.039248 0.00227273 0.00952403 0.00599163 0.01
319 1 -164.230781 0.00130299 0.00484281 0.0043046 0.04
246 1 -163.852936 0.00165618 0.00841494 0.00763712 0.04
194 1 -163.266078 0.00185323 0.00787756 0.00526339 0.03
206 1 -164.297061 0.00196087 0.00783556 0.00729125 0.03
215 1 -167.097295 0.00248692 0.00757976 0.00574952 0.03
180 1 -167.766127 0.00138852 0.00612508 0.00379408 0.02
249 1 -162.278042 0.00215451 0.00824568 0.00811676 0.03
330 1 -165.410729 0.00164538 0.00655527 0.00488255 0.04
313 1 -166.267207 0.00152962 0.00847725 0.0052474 0.04
306 1 -168.296582 0.00178248 0.00763291 0.00534476 0.04
193 1 -159.284966 0.00173858 0.0062733 0.004332 0.03
252 1 -163.074805 0.00148556 0.00706952 0.00411163 0.03
322 1 -164.960881 0.00156943 0.00760562 0.00617189 0.04
164 1 -162.089369 0.00198201 0.00697553 0.00633111 0.02
140 1 -159.564525 0.00337167 0.00841337 0.00950982 0.01
180 1 -163.103891 0.00207825 0.00858701 0.0054939 0.02
194 1 -163.545555 0.0019018 0.00835011 0.00421036 0.02
228 1 -161.237299 0.0020371 0.00803387 0.00764139 0.02
149 1 -162.332416 0.00180681 0.00611077 0.0056808 0.01
132 1 -155.732508 0.00204943 0.00552906 0.00828324 0.01
209 1 -161.520558 0.00187537 0.00945295 0.00579334 0.01
230 1 -167.582707 0.00133182 0.00544656 0.00407729 0.02
326 1 -165.332685 0.00190636 0.00749681 0.00707696 0.03
225 1 -167.811020 0.00245978 0.00845315 0.00927762 0.02
168 1 -159.605211 0.0023229 0.0080288 0.00643484 0.01
221 1 -165.258695 0.00124953 0.00844004 0.0043605 0.02
192 1 -163.956996 0.00242886 0.00792432 0.00700097 0.01
292 1 -164.729393 0.00203798 0.00771904 0.00471276 0.02
201 1 -163.362054 0.0028835 0.00695006 0.0104029 0.02
237 1 -159.495443 0.00172872 0.00666941 0.00473541 0.02
190 1 -162.044083 0.00259818 0.00668384 0.00817198 0.02
200 1 -165.252333 0.00206292 0.00786662 0.00573785 0.01
203 1 -163.758970 0.00135332 0.00495872 0.0037538 0.01
533 1 -166.528479 0.00163648 0.00887684 0.00561067 0.06
357 1 -167.383668 0.00142372 0.00467704 0.00418798 0.03
188 1 -161.240140 0.00177579 0.00786066 0.00508225 0.01
153 1 -161.819698 0.00228145 0.00950197 0.0072184 0.01
175 1 -166.993282 0.00168432 0.00852085 0.00436785 0.01
190 1 -162.302659 0.00179397 0.0061439 0.00471675 0.02
409 1 -166.450465 0.00232627 0.0089976 0.00834426 0.05
356 1 -167.023628 0.00203499 0.00855363 0.0057065 0.03
313 1 -168.056133 0.00305187 0.00871295 0.0121367 0.03
115 1 -167.101982 0.00161179 0.00807898 0.00562332 0
232 1 -165.793603 0.00227308 0.00993668 0.0089679 0.02
299 1 -161.525170 0.00307325 0.00925779 0.00785084 0.03
251 1 -165.552640 0.00232125 0.00920817 0.00784117 0.02
386 1 -165.682716 0.00236464 0.00740433 0.006677 0.04
229 1 -164.891847 0.00211755 0.00701411 0.00721448 0.02
312 1 -168.355804 0.00209991 0.00831705 0.00789807 0.03
151 1 -163.817495 0.00344746 0.00942017 0.0123037 0.01
257 1 -167.502088 0.00167795 0.00681335 0.00495469 0.02
223 1 -161.615610 0.00213702 0.00974167 0.00625654 0.02
206 1 -166.060989 0.00306 0.00890983 0.0129601 0.02
265 1 -164.378773 0.00195332 0.00950134 0.00623941 0.03
150 1 -164.741081 0.00114146 0.00553225 0.00334993 0.01
256 1 -165.435830 0.0018542 0.00995819 0.00557187 0.02
321 1 -165.498596 0.00209449 0.0095084 0.00767984 0.03
241 1 -165.201425 0.00577752 0.0095673 0.0176002 0.02
211 1 -161.205687 0.00198632 0.00856886 0.00638675 0.02
177 1 -164.759976 0.00186581 0.00866964 0.00462768 0.02
281 1 -164.250539 0.00211606 0.00738691 0.00798549 0.03
283 1 -168.035920 0.00208447 0.00697151 0.00804219 0.02
136 1 -161.766163 0.00171968 0.00688358 0.0052 0.01
