          98
Energy of minimum      1=    -543.6653608     first found at step     4730 after               668721 function calls
LA         1.2558667614       -0.1128779734        2.2752524730
LA         0.4891024493        2.1790888983        1.3338165341
LA        -2.3162287509        1.1805264850        0.0903200944
LA         2.4345422781        0.8950910020        0.1962953229
LA        -2.3896605357       -0.9711826769        0.3362184906
LA         0.8321683410        0.0199906500       -2.4645104372
LA         0.0479586782       -2.2029803003       -1.3824955419
LA        -0.2224539348        2.4988155591       -0.6878592428
LA        -0.8625994246       -0.5538576694        2.3907905015
LA         2.2713466250       -1.1044355039       -0.6228340232
LA        -1.1549009146       -2.3305540367        0.0379074736
LA        -0.3146074973       -2.4749240925        0.7365382226
LA        -1.2254349184        0.6467456398       -2.2015324209
LA         0.5243215675        0.6924954781        2.4519896414
LA        -2.4249762964        0.5195235374       -0.7850482747
LA         2.2504811062       -0.2236885185       -1.2853069073
LA         2.4554077163        0.0143441535        0.8587680507
LA         0.0127406400       -0.7163866258       -2.5006686596
LA        -0.4060071641        1.3831230482       -2.1653740122
LA        -2.2809124603       -0.3101795948        1.2115867985
LA        -0.9331343824        2.4234415683        0.1513505473
LA         0.8882521507       -2.3473501182       -0.6838646778
LA        -0.1310540946       -1.3592310092        2.2140530654
LA         1.1997825951        2.2544622669        0.4946068120
LA        -2.2039324231       -0.5643799623       -0.6809182005
LA         0.9029297487       -1.0981663108        1.9021672941
LA         0.6400824007        1.0295246790       -2.0420247967
LA        -0.5882815567        2.0082928493        1.1225757877
LA        -0.9547306470       -1.9396510397       -0.9827182800
LA         2.1165010202       -0.9694563326        0.4691155632
LA         2.0749843070        0.7829954789       -0.8490289347
LA        -1.9875531207        0.7508403207        1.0608314409
LA         0.7172294115       -2.2269086918        0.4073710240
LA        -0.5526506113        0.5043119977        2.2538274605
LA         0.8257825894        2.1582668085       -0.5472282392
LA        -0.9903607552       -0.4356697937       -2.1139700141
LA        -0.8449575498       -1.8558497454        1.5063491185
LA         1.8378374283        1.4586638100        0.9601421420
LA        -1.6487078725        1.8593017133       -0.5019747826
LA        -1.7579543246        1.1952653121       -1.3813603765
LA        -1.5798600639       -1.0467805764        1.6838977081
LA         0.6558278703       -1.4621162282       -1.9645164474
LA         1.4999775892       -1.6071486067       -1.2626796059
LA        -0.9347660507        1.9350219050       -1.3450357869
LA         1.4790161845       -0.7223597088       -1.9281926478
LA         1.1238959014        1.3829443937        1.8032032736
LA        -1.6891073140       -1.7108171872        0.8045122475
LA         1.8587984742        0.5738751130        1.6256551302
LA        -1.3375332462       -0.9476801009       -1.2177983157
LA         1.2045983313       -1.3844409866        0.8957629841
LA         1.1414741409        1.2800744914       -1.1084092939
LA        -1.0085393053        1.0520465305        1.4304446027
LA        -1.2872590236        0.0083425080        1.5500028840
LA         1.4815612067        1.3631860595       -0.0794631072
LA        -1.5401596722        0.1174369776       -1.2937275685
LA         0.1085829825        1.5990760616       -1.2209746872
LA         0.1846584006       -1.6121210044        1.1943956605
LA        -1.3213520918        1.4474186492        0.4675706766
LA         1.3458576675       -1.4889656277       -0.1768122446
LA        -0.3448677568       -1.1984838570       -1.5825033885
LA        -1.5060670327       -1.3216393353       -0.2112953372
LA         1.3038748679        0.2831550710       -1.5097507241
LA         1.5235438723       -0.4089344573        1.2534754248
LA         0.0516263916        1.2115290151        1.6090824607
LA         0.1180454167        2.0709133376        0.2859660194
LA        -2.0833022447        0.0926767032        0.1888290412
LA        -0.1180456840       -2.0709133282       -0.2859660003
LA         2.0833021317       -0.0926770707       -0.1888291991
LA         0.1740998857       -0.2951645991        2.0656622519
LA        -0.1740995777        0.2951649242       -2.0656621938
LA        -0.5514249304       -0.8004012031        1.3649024349
LA        -1.3892944833       -0.6564478845        0.6682868938
LA         0.5004863190       -1.3364328323       -0.8781406189
LA        -0.7147321624        0.8567271098       -1.2501387301
LA        -0.6062981280        1.5158234613       -0.3772955685
LA        -0.6598592062       -1.4594976954        0.4920593324
LA        -1.4233622489        0.7815704482       -0.4133495656
LA         0.4796809992       -0.4582264138       -1.5387023269
LA         1.4951060734        0.4770571812        0.5871494162
LA         0.7656707273        1.2801069524        0.7633769427
LA         1.3175505030       -0.6021799630       -0.8420868302
LA         0.7864761803        0.4019007224        1.4239387166
LA        -0.2901280514        1.1043331422        0.5771646830
LA         0.3549134972       -1.2141693071        0.1915053636
LA         0.3135730793        0.5308377395       -1.1210389060
LA        -0.5055880610       -0.2052996370       -1.1571853436
LA         1.1384103611        0.3891232703       -0.4352585592
LA        -0.4851063358       -1.0698464274       -0.5068980138
LA         1.1592690731       -0.4913369829        0.2269984318
LA        -1.2031960246       -0.2792872496       -0.3334115602
LA         0.4616611808       -0.5653244472        1.0507722696
LA        -0.2696461693        0.2397864750        1.2274520386
LA        -1.0944835644        0.3815007447        0.5416716362
LA         0.4203206711        1.1796825363       -0.2617719990
LA         0.4358505990        0.3088124590        0.3968336015
LA         0.3286441213       -0.3428215016       -0.4661269000
LA        -0.3925323289        0.4511360347       -0.2918946645
LA        -0.3719625219       -0.4171270582        0.3611879714
          98
Energy of minimum      2=    -543.1896663     first found at step     3294 after               468858 function calls
LA        -0.4182714761       -1.8761871317        1.8636819010
LA        -2.1605525228       -1.4457839582        0.6568098668
LA        -1.4238406078        1.2134303856        1.9899974014
LA        -1.6829937413        2.1311256559       -0.0548298224
LA        -1.4498388978       -2.3926251408       -0.8639486754
LA         2.7458809665        0.8973541488        0.0700777176
LA         1.4770267865       -2.1200432002        0.7220230801
LA         1.0879108784       -0.7678717565       -2.3012449633
LA         1.3336536777        1.9829832623       -1.2715877455
LA        -1.8270142084       -0.4960696222       -1.9770967966
LA         1.7548397856        0.5072677553        2.0305148288
LA         1.3288683644       -0.5064249913        2.2501733657
LA        -0.9753552069        0.0530294729       -2.4579548025
LA         0.7721740820        1.4244185747       -2.0668995737
LA        -2.5285547525        0.0617585902        0.3651221964
LA         0.3241266385        2.2911960045        1.0064812026
LA        -2.3652696272       -0.7021959850       -1.0112321763
LA         1.5913181483        1.4844483003        1.4964545873
LA         1.3779461124        2.2309274768       -0.1740743799
LA        -2.1665422568       -1.6493871029       -0.4454901677
LA         2.0777950380        1.6761855079        0.5040358392
LA        -1.4339608201       -2.1858690069        0.2330715622
LA         0.4597334100       -1.2010196148        2.0720432988
LA        -0.1016226521        0.7437961117       -2.2804009735
LA        -1.0773876351       -1.0047000703        1.7050251670
LA        -1.5635788100        1.6846119243        0.9742092149
LA        -1.6396152445       -1.4455957772       -1.4217469360
LA         2.0415926346        1.4413041651       -0.6007621256
LA         2.2526510405        0.7033259684        1.0508757801
LA        -1.9949726375        0.6473919742        1.1895496826
LA         0.5301131438       -1.9991464220        1.2935600478
LA        -2.1254372230        1.1087283843        0.1577348019
LA        -0.5566040703        1.7691725765        1.5127103423
LA        -0.6875717902        2.2324219933        0.4809341919
LA         1.4035402599       -1.3142424676        1.4869476243
LA         0.0568735516       -0.3570719087       -2.3811726632
LA         0.9300670232        0.3282190600       -2.1859606808
LA        -1.2593851658        0.1015357759        1.8695127024
LA        -0.4745801252       -2.3104647634       -0.3333799245
LA        -0.3791991765        0.7913127439        2.0670802996
LA        -0.7222263815        2.0025595300       -0.6332955605
LA        -1.6012322706        1.3132341082       -0.8303174738
LA         0.5004282985       -2.2192940369        0.1951802113
LA        -0.6034661390       -1.8567107678       -1.3486896546
LA         2.3307089451       -0.1113719263        0.2888921879
LA         2.1998209984        0.3420579976       -0.7253898147
LA         1.9082660516       -1.1165473315        0.5062585263
LA         0.2415753595       -1.3152252864       -1.8278054177
LA         1.6474191609       -0.2124022796       -1.5154273243
LA         1.3506494015       -1.6741225368       -0.2885827976
LA         1.2210663400       -1.2235421055       -1.2954678671
LA         0.6613327290        0.3611814924        2.0980967097
LA        -1.4894171965        0.4758161335       -1.5758398840
LA         0.2426483368        1.8341527151       -1.1879526323
LA        -0.4527360895       -2.1067857440        0.7682693311
LA        -1.8143964861       -0.4649498714        1.0531839876
LA        -0.7928918020       -0.9089163137       -1.9126239342
LA         1.8404189223       -0.3094162465        1.2739896267
LA         1.4961189979        0.8868915836       -1.4023860128
LA        -2.0240202817        0.2772696985       -0.6151603420
LA         0.4936672259        1.3333536348        1.5709093938
LA         0.2805792299        2.0815183842       -0.0979306732
LA         0.3756791684       -1.7777661172       -0.8214211597
LA         1.7872244149       -0.6709200090       -0.5085831693
LA        -0.2049534389       -0.3276099464        1.9258400843
LA        -0.6270091686        1.1654072558       -1.4025950507
LA        -0.4359367246        0.4422029576        0.2748961725
LA        -1.8196998141       -0.6836378748       -0.0561177186
LA         0.9948897128        1.5199464712        0.5733792603
LA        -1.0898960803       -1.2209257587        0.6187999960
LA        -0.9209739981        0.8201871888        1.1180405871
LA        -1.0482159083        1.2720858503        0.1117293590
LA        -1.1005752950       -1.4180003765       -0.4713574687
LA         1.6514346472        0.7398889575        0.1400374284
LA        -0.1150427567       -1.1214106366        1.1376276494
LA        -1.4643587668        0.2657674576        0.3237299912
LA        -0.0728137818        1.3528459896        0.6364859752
LA         0.8209438062       -1.2395335676        0.5677473888
LA         0.5647569790       -0.3525589756       -1.4161566449
LA        -1.2929152733       -0.4808116959       -1.0244956733
LA         0.9561142344        1.2830594263       -0.5233792890
LA         1.1650060805        0.5510128629        1.1136775145
LA         0.7470903280       -0.4453421677        1.3299599511
LA        -0.4556328016        0.0566324557       -1.5000261280
LA         0.4076608653        0.7337694370       -1.3068285384
LA        -0.7514172282       -0.2610913560        0.9854418383
LA         0.0975436181        0.4043800733        1.1756948580
LA        -0.9563922659        0.4656606299       -0.6339704821
LA        -0.1086732875        1.1306559924       -0.4443515020
LA        -0.1397121755       -1.3428590707        0.0488378280
LA        -0.7681530578       -0.4761726360       -0.0901067456
LA         0.5935282327        0.5928853193        0.2100383601
LA        -0.2678282491       -0.8949456893       -0.9531649729
LA         1.2491089268       -0.2543188822        0.3558403096
LA         1.1196890724        0.1931821298       -0.6453003810
LA         0.1843018976       -0.3876494532        0.4216025932
LA         0.7001786294       -0.8053426400       -0.4290451970
LA         0.0567732140        0.0513286740       -0.5612619050
          98
Energy of minimum      3=    -543.1654807     first found at step     3102 after               437214 function calls
LA         1.8129424355        0.5536483229        2.0052557244
LA        -1.3875619294        1.1519000672        2.0504639006
LA        -1.7238703995        2.0908910509        0.0278633355
LA         2.7448941861        1.0008413600        0.0297400936
LA        -1.3631690894       -2.4085653713       -0.8645163622
LA         1.5846668318       -2.0659009346        0.6676071876
LA         1.0876262923       -0.6805581049       -2.3276213065
LA        -1.2892973283       -2.0252876764        1.3299238770
LA         1.2676194325        2.0604141519       -1.2616826825
LA        -0.3006280962       -1.9086574936        1.8446042037
LA        -1.8276560224       -0.5078129098       -1.9345564209
LA        -1.0046331923        0.0760162056       -2.4245445122
LA         0.7058893407        1.4961824866       -2.0514743247
LA         0.3021286890        2.2999920268        1.0461767954
LA        -2.4909086737       -0.0133754136        0.4333358025
LA         1.6055232564        1.5325003865        1.4897048919
LA         1.3287208506        2.2937741040       -0.1624210861
LA        -2.3357337890       -0.7478729035       -0.9594190565
LA        -2.0631481550       -1.5150329587        0.6919924277
LA         0.5577560704       -1.2096674972        2.0513805545
LA         2.0622033527        1.7521428375        0.4896511758
LA        -2.0926431011       -1.6968161809       -0.4138232301
LA         1.5017504581       -1.2760866591        1.4508340338
LA        -0.1498266458        0.7914425964       -2.2558351232
LA         0.7305552402        0.3576122442        2.0993218865
LA        -1.5663839818        1.6326488555        1.0462029616
LA         2.2809117078        0.7783821374        1.0177821713
LA        -1.3272333122       -2.2183510218        0.2325238088
LA         2.0080432407        1.5319907389       -0.6161644931
LA        -1.5968797357       -1.4595787311       -1.4001824494
LA        -0.5494017798        1.7423514825        1.5633459244
LA         0.6436010414       -1.9886960516        1.2571614001
LA        -2.1273957578        1.0504722559        0.2335707322
LA        -0.7196796601        2.2163731053        0.5424667024
LA        -1.9581536009        0.5770362603        1.2538033430
LA         0.0419908196       -0.3017768621       -2.3777432531
LA         0.8967413606        0.4077505153       -2.1914188835
LA        -0.3274244883        0.7623477633        2.0973205987
LA        -1.1936060783        0.0490754995        1.9077966783
LA         1.9796227873       -1.0461958943        0.4578020785
LA        -0.7730944559        2.0033301720       -0.5745469405
LA        -1.6337475870        1.2888817926       -0.7627441208
LA         2.3660312446       -0.0241232801        0.2443441631
LA         2.1990915080        0.4397865081       -0.7606300811
LA        -0.5457900858       -1.8377949223       -1.3582570185
LA        -0.3792568000       -2.3027470701       -0.3543708453
LA         0.6026951569       -2.1887529377        0.1559841043
LA         1.6468192936       -0.1199949711       -1.5458590121
LA         0.2704230579       -1.2620564239       -1.8458005663
LA         1.4234081179       -1.6082150924       -0.3338547007
LA         1.2577506019       -1.1467925334       -1.3314791900
LA        -0.9764604237       -1.0421610242        1.7250286545
LA        -1.5118466684        0.4678651142       -1.5244425645
LA         0.1840023602        1.8754658589       -1.1540907006
LA         1.9054460598       -0.2521843141        1.2388045042
LA        -0.3412667608       -2.1168421458        0.7466407277
LA        -0.7790378802       -0.8878880689       -1.9004530303
LA         1.4622775948        0.9719503844       -1.4125308349
LA         0.5162162434        1.3386295721        1.5912819908
LA        -1.7450462197       -0.5307540452        1.0955700383
LA        -2.0169105159        0.2356866838       -0.5548499337
LA         0.2387694162        2.1070660968       -0.0610749035
LA        -0.1281497136       -0.3461185007        1.9333821439
LA         1.8233323801       -0.5888482722       -0.5484349244
LA         0.4419637964       -1.7351902413       -0.8501488743
LA        -0.6683098130        1.1822911750       -1.3597791274
LA        -0.4147748988        0.4397248724        0.3014562555
LA         0.9865565179        1.5596155902        0.5825098949
LA        -1.7685517464       -0.7272476701       -0.0170861314
LA         0.8222659158       -0.4279015498        1.3263667300
LA        -0.8921693148        0.7886090660        1.1613705829
LA        -1.0577106409        1.2508459824        0.1657662550
LA         1.1999664644        0.5902582997        1.1026401156
LA         1.6577144501        0.8073100667        0.1221130181
LA        -1.0359085409       -1.4287575693       -0.4634483418
LA        -0.0727498279        1.3554975713        0.6698714016
LA         0.8985590610       -1.2054402023        0.5423192236
LA        -1.4357042594        0.2269524492        0.3707536157
LA        -1.0050176388       -1.2423330461        0.6239258793
LA         0.5717712733       -0.2961268408       -1.4243996470
LA         0.9301232904        1.3376797831       -0.5158486345
LA        -1.2721334067       -0.4902239146       -0.9947379655
LA        -0.0318872629       -1.1290722753        1.1305222538
LA        -0.4631452867        0.0813391562       -1.4785923160
LA         0.3817371646        0.7826556138       -1.2942805689
LA         0.1409100320        0.4042895937        1.1897738845
LA        -0.6933174318       -0.2832224787        1.0064827753
LA        -0.1271225383        1.1495222864       -0.4140578272
LA        -0.9569036040        0.4606221018       -0.5952523559
LA         0.6068892936        0.6249038527        0.2144537220
LA         1.2912818456       -0.2031027036        0.3348268391
LA        -0.7246170853       -0.4813387865       -0.0745953087
LA         1.1264296344        0.2550525764       -0.6579340714
LA        -0.2318454780       -0.8720485522       -0.9537604736
LA        -0.0670336579       -1.3305199644        0.0378537091
LA         0.7432802696       -0.7591512725       -0.4463242940
LA         0.2346060075       -0.3722251713        0.4249776462
LA         0.0712389149        0.0777898313       -0.5515839304
          98
Energy of minimum      4=    -543.0227829     first found at step     3110 after               438702 function calls
LA        -2.8381207531       -0.9297795661       -0.2117499529
LA        -1.7033803378        2.1302869983       -0.0412625365
LA        -1.4933728307        1.0955509343        1.9534399094
LA        -1.3589579898       -2.3305974859       -1.1155256931
LA         2.7425848003        0.9618393367        0.1668452671
LA         1.1947917401       -0.5735076136       -2.3630456559
LA         1.5040125508       -2.1089449329        0.5830978424
LA         0.8422458707        1.5964644339       -2.0005422257
LA         1.3588173461        2.1111779206       -1.1507250074
LA         1.6923544686        0.4331808938        2.0616937314
LA         1.2729890167       -0.5976640619        2.2024082649
LA        -1.3964700015       -2.0477128115        1.0957052663
LA        -0.4360020862       -1.9671396423        1.6682986151
LA         0.2653211593        2.2586444233        1.0984645019
LA        -2.3123383582       -0.6573953593       -1.1671507107
LA         1.3604385726        2.2882902302       -0.0399068078
LA         1.5293096421        1.4396268696        1.5849862762
LA        -0.0127871677        0.9233897869       -2.2871143200
LA        -1.4288943491        0.5601228317       -1.6612541853
LA         2.0462651438        1.7012568340        0.6251787320
LA        -1.5579038067       -1.3538180547       -1.6167583199
LA         0.1586550232       -0.1715050654       -2.4552094982
LA        -2.5205039522        0.0323010551        0.2352789244
LA        -2.1278575079       -1.4978413989        0.4435264524
LA         0.4224445625       -1.2932548503        1.9500370861
LA        -0.7027686098       -0.7691875654       -2.0505517596
LA        -2.0988263315       -1.6320023932       -0.6652489587
LA        -1.6087079594        1.6246153659        0.9634239052
LA         2.0526002117        1.5375286438       -0.4920941940
LA         1.0192103465        0.5111304386       -2.1836028284
LA         2.2192795760        0.6983891351        1.1148312448
LA        -0.6218978009        1.6932974786        1.5408756609
LA        -0.7277817410        2.2154849085        0.5348628230
LA        -2.1327273485        1.0907836585        0.0981311247
LA        -2.0265380504        0.5676587369        1.1042324059
LA        -1.3782564139       -2.1909471971       -0.0094575936
LA         1.3888021788       -1.3547407994        1.3938524675
LA        -1.5829061233        1.3594460838       -0.8619526022
LA         0.5351160105       -2.0393565058        1.1269958913
LA        -0.5099030553       -1.7483421179       -1.5397540587
LA         0.3412523783       -1.1624969824       -1.9558821740
LA        -0.7212460477        2.0555872627       -0.5909820643
LA        -0.4455110469        0.6853665235        2.0399203431
LA        -1.3060091214       -0.0038006557        1.7696685392
LA        -0.4028981916       -2.2643991100       -0.5509907228
LA         2.3371157497       -0.0650050065        0.3068097324
LA         2.2344028279        0.4499182019       -0.6807745990
LA         1.7192326209       -0.0616222921       -1.5236545956
LA         0.5505080946       -2.1904853812        0.0152903369
LA         1.9245134888       -1.0879037131        0.4456882984
LA         1.3014722974       -1.0902703875       -1.3837420475
LA         1.4044667559       -1.6013487280       -0.4023358678
LA         0.2671572850        1.9385240258       -1.1203728667
LA         0.6001317908        0.2703015314        2.0803217773
LA        -1.0949860231       -1.0874596050        1.5494453433
LA         1.5467967560        1.0269527037       -1.3456087111
LA         1.8160405489       -0.3324888383        1.2593585396
LA        -0.4208855293       -2.1284511348        0.5595042951
LA        -1.9946587545        0.3057665439       -0.7143071719
LA         0.2633191232        2.1175972956       -0.0168341181
LA         0.4324387938        1.2702405687        1.6088425559
LA        -0.5862085874        1.2711075793       -1.4026670368
LA         0.4508282178       -1.6864002849       -0.9762368388
LA         1.8312926321       -0.5807419482       -0.5433553897
LA        -1.8237640056       -0.5370885456        0.9025776172
LA        -0.2460027658       -0.4186437945        1.8359988778
LA        -0.4358760218        0.4470988147        0.2273436158
LA         0.9642357830        1.5248127102        0.6448592273
LA        -1.2429630328       -0.4117808180       -1.1576580196
LA        -0.3913220088        0.1756378152       -1.5750447280
LA        -1.7759559602       -0.6809965290       -0.2094782111
LA        -1.0583012026        1.2740678850        0.0942772563
LA        -0.9546675778        0.7649883239        1.0761875885
LA        -1.0399212191       -1.3752796934       -0.6536516288
LA         1.6490885956        0.7838722390        0.1871401396
LA         0.6354938121       -0.2228736157       -1.4736835116
LA        -0.1019447967        1.3389263790        0.6577216684
LA        -1.4609596770        0.2500063409        0.2352523668
LA         0.8379290370       -1.2309611898        0.4606477151
LA         0.9674931242        1.3583080235       -0.4646731943
LA         0.4578979938        0.8524729862       -1.3006106407
LA         1.1330906938        0.5266216851        1.1285820723
LA        -1.0644585925       -1.2385010584        0.4411016243
LA         0.7238221359       -0.4875338095        1.2672914402
LA        -0.1201630595       -1.1640886765        1.0033015397
LA        -0.9286258357        0.5147767214       -0.6964796026
LA        -0.0973531832        1.1842919279       -0.4347368152
LA         0.0672582885        0.3617863113        1.1427059144
LA        -0.7627056042       -0.3029491099        0.8825652485
LA        -0.2038986880       -0.8065897196       -1.0761515446
LA        -0.7357053502       -0.4503279551       -0.2087116891
LA         0.5920796969        0.6166768618        0.2090580471
LA        -0.0993351606       -1.3163143773       -0.0990368283
LA         1.1544834760        0.2803147766       -0.6497337763
LA         1.2564211183       -0.2280519962        0.3255922032
LA         0.0911279203        0.1187419070       -0.6156712682
LA         0.7441195792       -0.7353624067       -0.5119472237
LA         0.1924807830       -0.3812761586        0.3446994778
          98
Energy of minimum      5=    -542.8137097     first found at step     3284 after               467328 function calls
LA        -1.7868924426       -0.6591489329       -2.0007323694
LA        -1.1929988370       -2.5197228765       -0.9034057867
LA        -1.9177680324        1.9472689065       -0.0442165311
LA        -1.5414316697        1.0462035067        1.9891955948
LA         2.6207272981        1.2018573173        0.0376709377
LA         1.1360547271       -0.6097905095       -2.3401164932
LA         1.6921350968       -1.9411246358        0.6674520473
LA        -2.5284163763       -0.2029574408        0.3731728366
LA        -1.0034191822       -0.0161970780       -2.4773974074
LA        -1.1811044913       -2.1171770854        1.2919363173
LA         1.0885327995        2.1410017863       -1.2830050592
LA         1.6943645783        0.6870359319        2.0003263527
LA        -0.2124018331       -1.9188319383        1.8213185988
LA         1.3784241703       -0.3687469915        2.2124294651
LA         0.5850711088        1.5324609705       -2.0804743523
LA        -1.9834200155       -1.8682964852       -0.4657167120
LA         0.0691986594        2.3161493363        1.0029768465
LA        -1.9839644269       -1.6747476294        0.6397474299
LA         1.4208364215        1.6459741706        1.4776349422
LA         1.1140824394        2.3814459615       -0.1833403077
LA         1.8754373057        1.8992135437        0.4841481225
LA        -1.4979291427       -1.5909118090       -1.4469464252
LA         0.5883246046       -1.1531909473        2.0320039050
LA        -0.2110124723        0.7626071431       -2.2945494593
LA        -1.7414985076        1.5071799966        0.9792287386
LA        -1.1883173834       -2.3215420409        0.1951087232
LA        -2.2429273425        0.8798253703        0.1624050964
LA         1.8562022863        1.6727938530       -0.6226080783
LA         2.1594190408        0.9456769796        1.0195079460
LA        -2.0522050622        0.4253453000        1.1896959328
LA        -0.9346863005        2.1518045145        0.4845420060
LA        -0.7449846383        1.6971833044        1.5103486500
LA         0.0658056550       -0.3132048950       -2.4084824590
LA         0.8606019624        0.4612858385       -2.2122432149
LA         0.7409070781       -1.9307817416        1.2455834387
LA         1.5356134795       -1.1563071404        1.4410873842
LA        -1.7542876788        1.1508747774       -0.8286673841
LA        -1.5542466056        0.3432497521       -1.5882563581
LA        -1.2579010439       -0.0395873057        1.8563674948
LA        -0.9531551466        1.9301358524       -0.6310688376
LA        -0.4570997596        0.7399280956        2.0536282891
LA        -0.4187161099       -1.8866610338       -1.3893978206
LA        -0.2296439281       -2.3345205925       -0.3794829190
LA         2.3186508232        0.1519342008        0.2490746145
LA         2.1322510129        0.5986548709       -0.7599027526
LA         0.3579463191       -1.2506370639       -1.8673184077
LA         0.7307022958       -2.1411053894        0.1439619975
LA         2.0093371583       -0.8949499068        0.4591332502
LA         1.6373854339       -0.0045399895       -1.5520438071
LA         1.3256943478       -1.0577994895       -1.3400152253
LA         1.5107803309       -1.5011763194       -0.3382639358
LA        -0.9536223205       -1.1103339025        1.6841626021
LA         0.0208037704        1.8736774006       -1.1939947491
LA         0.6236877481        0.4257140251        2.0727642065
LA        -2.0624806048        0.0687843814       -0.6221403492
LA        -0.7159297346       -0.9594895385       -1.9407198809
LA        -0.2226561781       -2.1379709808        0.7221943202
LA         1.3681782419        1.0704624776       -1.4264541301
LA         1.8598755479       -0.1081784871        1.2352790738
LA        -1.7511049765       -0.6650409923        1.0387108166
LA         0.0399182421        2.1130229578       -0.1024280154
LA         0.3464721004        1.3777897229        1.5566928065
LA         0.5495109207       -1.7049564104       -0.8673174078
LA         1.8337495877       -0.4549154461       -0.5507026176
LA        -0.7721674490        1.1169345909       -1.4093883739
LA        -0.1620364642       -0.3507911307        1.9004348390
LA        -1.7539192297       -0.8691910179       -0.0796534566
LA        -0.4916880924        0.4017406548        0.2577399764
LA         0.8164645179        1.6256422319        0.5586790047
LA        -1.2651921551       -0.5994476597       -1.0453517157
LA        -0.9507668761       -1.5151781709       -0.5026336452
LA        -1.1917518647        1.1610276867        0.1084053386
LA        -1.0066100248        0.7176714388        1.1087910421
LA         1.5503066173        0.9257573544        0.1130924886
LA        -1.4938068235        0.1103675216        0.3136087234
LA        -0.2263593209        1.3433419620        0.6264070363
LA        -0.9525393478       -1.3183686482        0.5825640071
LA         0.5769130142       -0.2627175823       -1.4473206365
LA         0.9421895208       -1.1363504079        0.5262451539
LA         1.0954247435        0.6759117497        1.0876484554
LA         0.7948170280        1.3967448256       -0.5399564282
LA        -0.4844592490        0.0321357486       -1.5194981175
LA         0.0019001184       -1.1279914287        1.1030841381
LA         0.3034608597        0.7986283301       -1.3255474588
LA         0.7878861410       -0.3623945217        1.2962296701
LA        -1.0202609504        0.3764397514       -0.6471770443
LA        -0.7210031381       -0.3365255983        0.9644360065
LA        -0.2466898085        1.1285852769       -0.4558064175
LA         0.0509582418        0.4150482896        1.1544747868
LA        -0.7266314499       -0.5423548576       -0.1182032641
LA         0.5150727565        0.6638737600        0.1882840996
LA        -0.1895008772       -0.8966509323       -0.9858076664
LA        -0.0028685407       -1.3378030846        0.0102902251
LA         1.0752386412        0.3325053948       -0.6744494159
LA         1.2592050727       -0.1084664379        0.3213332718
LA         0.0345539038        0.0752116431       -0.5852491512
LA         0.7682671422       -0.7074503177       -0.4660543825
LA         0.2151329944       -0.3578856353        0.3922673804
