50.000000000000000     50.000000000000000     50.000000000000000
49.515192809319402     49.683432688586116     49.895391750853612
49.145304672901126     49.821961609023475     50.315833126813239
49.103385891209442     49.896354178931503     51.095256681669284
49.605742265630596     49.931649313026156     49.255635141510020
48.726273157466466     49.280405022166185     49.989843351093675
49.175323054993335     50.330403499394421     49.169830922192254
50.639876095441828     50.273636384666496     49.893474579717726
48.733764388854169     48.919522574245377     50.661683538855925
48.614252934296047     49.782330050998276     49.612372181446602
49.721042976520543     50.203258563540601     51.059519713241052
49.346491876455971     50.314533570642226     50.442759678504601
48.355788571949994     49.096979093218813     51.030013892450512
48.901623336692765     49.361038025903774     50.904868755062068
48.819660854846710     49.432923133434308     49.297212732740057
49.855329623009922     50.653754424643466     51.358689205146305
49.341890773954667     50.343549780935120     48.585875210886847
49.775338855496948     49.723478669214678     48.799821615364010
51.033711144765569     50.598257212701093     49.325836730700239
50.714392038436905     50.325908677656663     50.581707690035508
50.864335611192708     50.775450580706888     48.736848843033066
48.183713217125273     49.111897001650654     51.516496641267764
48.576302742440987     49.799287875615576     51.585177740211940
50.300832833310636     49.295263015884650     49.819788652844380
50.070186526554231     50.663336341798889     50.664904843323654
48.457181795159947     48.799892956764467     52.001717679158290
50.242240682989063     50.166627103401218     51.682019874569676
50.486802531157011     49.891026882884312     50.193313036613645
49.735601658938272     49.467692446245778     51.138331180290912
48.953872040107328     50.995465224554202     48.741569886842200
49.391692601680241     48.551237904937970     50.833982768312978
48.205399237279785     49.513078801728284     48.902127801290717
50.007862782696996     49.362172414188024     50.464143912923120
48.290573634722705     51.250856932913209     48.582662234672483
49.096598780474977     49.536545612118708     51.633923395561567
49.172915641295695     51.402835698666571     49.357603930890271
50.307780417707200     48.746152146344215     49.624477486163698
48.862069172986644     48.226480276338052     50.689029007707958
