          38
Energy of minimum      1=    -173.9284266     first found at step      146 after                21488 function calls
LA         1.0846779682       -0.2329240739        1.3527976344
LA         0.8223450479        0.1546788286       -1.5364452725
LA        -1.0846779821        0.2329240189       -1.3527976011
LA        -0.3424896009        1.5028065893       -0.8277163547
LA         0.3424895786       -1.5028065934        0.8277163972
LA        -1.5341949827        0.7110776934        0.4488373125
LA        -0.8223449384       -0.1546785724        1.5364453516
LA        -1.3316993850       -1.1342138896       -0.0312453844
LA         1.5341948085       -0.7110779930       -0.4488373739
LA        -0.1562925967       -1.4117372431       -1.0214749779
LA         1.3316994848        1.1342137698        0.0312455985
LA         0.1562924417        1.4117373512        1.0214747242
LA        -0.3880714593       -1.7058537673        0.0174431163
LA         0.1258809586       -0.7291037278        1.5853715605
LA         1.0999207056        0.8400978303        1.0701637891
LA         0.3880715097        1.7058537917       -0.0174432633
LA        -1.0999209045       -0.8400979286       -1.0701636963
LA        -0.1258809001        0.7291038666       -1.5853714388
LA         1.3012868504       -1.0066272352        0.5951429084
LA        -1.3012869224        1.0066270719       -0.5951429128
LA        -1.5493637423       -0.3567411908        0.7301011831
LA        -0.8071764437        0.9131404042        1.2551817306
LA         1.5493640003        0.3567409955       -0.7301010116
LA         0.8071762180       -0.9131401745       -1.2551819276
LA        -0.5711495647        1.2036628763        0.2133340069
LA         1.3115424891        0.0631480254        0.3104770834
LA         0.5711493808       -1.2036629099       -0.2133341285
LA         0.1389786232        0.3400003834        1.2983112322
LA        -0.1389786675       -0.3400002391       -1.2983112650
LA         0.6014144778        0.9268104507       -0.7745000633
LA        -1.3115424041       -0.0631481277       -0.3104769820
LA        -0.6014142256       -0.9268104003        0.7745000904
LA        -0.3536647769        0.4301294584       -0.5403506968
LA         0.3687376127        0.6309092444        0.2608734176
LA         0.3536648513       -0.4301294027        0.5403507063
LA        -0.5839714050        0.1378807009        0.4919705866
LA         0.5839714370       -0.1378806306       -0.4919706427
LA        -0.3687375423       -0.6309092510       -0.2608734367
