 proc #    saddle energy   prefactor   product   product energy product prefactor  barrier         rate repeats
      0      -1774.27925 1.20000e+12        -1      -1774.39331       1.20000e+12  1.51191  1.56298e+01     223
      1      -1773.68500 1.20000e+12        -1      -1773.70057       1.20000e+12  2.10616  8.23215e-04       0
      2      -1775.17161 1.20000e+12        -1      -1775.77872       1.20000e+12  0.61954  4.15599e+07     799
      3      -1774.29767 1.20000e+12        -1      -1774.39155       1.20000e+12  1.49349  2.12105e+01      16
      4      -1774.27925 1.20000e+12        -1      -1774.39332       1.20000e+12  1.51191  1.56296e+01     192
      5      -1774.80236 1.20000e+12        -1      -1775.00587       1.20000e+12  0.98880  9.12377e+04     394
      6      -1774.80408 1.20000e+12        -1      -1775.00608       1.20000e+12  0.98708  9.38783e+04     390
      7      -1774.80408 1.20000e+12        -1      -1775.00608       1.20000e+12  0.98707  9.38798e+04     424
      8      -1774.27834 1.20000e+12        -1      -1774.39309       1.20000e+12  1.51281  1.53966e+01     208
      9      -1774.80236 1.20000e+12        -1      -1775.00587       1.20000e+12  0.98880  9.12362e+04     408
     10      -1774.00296 1.20000e+12        -1      -1775.10696       1.20000e+12  1.78820  1.60235e-01      10
     11      -1775.19010 1.20000e+12        -1      -1775.77872       1.20000e+12  0.60106  5.64598e+07     834
     12      -1774.80553 1.20000e+12        -1      -1775.00790       1.20000e+12  0.98563  9.61543e+04     354
     13      -1775.19010 1.20000e+12        -1      -1775.77872       1.20000e+12  0.60106  5.64607e+07     815
     14      -1774.27850 1.20000e+12        -1      -1774.39495       1.20000e+12  1.51266  1.54362e+01     217
     15      -1774.17668 1.20000e+12        -1      -1774.97273       1.20000e+12  1.61448  2.85405e+00      22
     16      -1774.58414 1.20000e+12        -1      -1775.09317       1.20000e+12  1.20702  2.44945e+03      23
     17      -1774.80553 1.20000e+12        -1      -1775.00790       1.20000e+12  0.98563  9.61559e+04     373
     18      -1774.59558 1.20000e+12        -1      -1775.09429       1.20000e+12  1.19558  2.96092e+03      15
     19      -1774.17569 1.20000e+12        -1      -1774.97273       1.20000e+12  1.61547  2.80755e+00      21
     20      -1774.27834 1.20000e+12        -1      -1774.39309       1.20000e+12  1.51281  1.53966e+01     206
     21      -1774.27850 1.20000e+12        -1      -1774.39495       1.20000e+12  1.51266  1.54362e+01     201
     22      -1774.00657 1.20000e+12        -1      -1775.10639       1.20000e+12  1.78459  1.70114e-01       8
     23      -1774.58414 1.20000e+12        -1      -1775.09317       1.20000e+12  1.20702  2.44945e+03      21
     24      -1774.17569 1.20000e+12        -1      -1774.97273       1.20000e+12  1.61547  2.80769e+00      28
     25      -1774.31103 1.20000e+12        -1      -1775.00908       1.20000e+12  1.48013  2.64704e+01      14
     26      -1774.59469 1.20000e+12        -1      -1775.09375       1.20000e+12  1.19647  2.91726e+03      13
     27      -1774.00430 1.20000e+12        -1      -1775.10669       1.20000e+12  1.78686  1.63826e-01       7
     28      -1774.17486 1.20000e+12        -1      -1774.97273       1.20000e+12  1.61630  2.76914e+00      23
     29      -1774.59469 1.20000e+12        -1      -1775.09375       1.20000e+12  1.19647  2.91726e+03      20
     30      -1774.30820 1.20000e+12        -1      -1775.00974       1.20000e+12  1.48296  2.52572e+01      18
     31      -1774.17668 1.20000e+12        -1      -1774.97273       1.20000e+12  1.61448  2.85401e+00      22
     32      -1774.31103 1.20000e+12        -1      -1775.00908       1.20000e+12  1.48013  2.64708e+01      13
     33      -1774.29767 1.20000e+12        -1      -1774.39156       1.20000e+12  1.49349  2.12115e+01      19
     34      -1774.16765 1.20000e+12        -1      -1774.99752       1.20000e+12  1.62350  2.45745e+00       6
     35      -1774.31061 1.20000e+12        -1      -1775.01015       1.20000e+12  1.48054  2.62880e+01      16
     36      -1774.31061 1.20000e+12        -1      -1775.01015       1.20000e+12  1.48055  2.62863e+01      17
     37      -1774.00657 1.20000e+12        -1      -1775.10639       1.20000e+12  1.78459  1.70103e-01       7
     38      -1774.29788 1.20000e+12        -1      -1774.38966       1.20000e+12  1.49328  2.12855e+01      11
     39      -1774.00430 1.20000e+12        -1      -1775.10669       1.20000e+12  1.78686  1.63823e-01       2
     40      -1774.29975 1.20000e+12        -1      -1774.39287       1.20000e+12  1.49141  2.19550e+01      13
     41      -1774.59558 1.20000e+12        -1      -1775.09429       1.20000e+12  1.19558  2.96087e+03      15
     42      -1774.29975 1.20000e+12        -1      -1774.39287       1.20000e+12  1.49141  2.19546e+01      15
     43      -1774.17486 1.20000e+12        -1      -1774.97273       1.20000e+12  1.61629  2.76946e+00      18
     44      -1774.16546 1.20000e+12        -1      -1774.99747       1.20000e+12  1.62570  2.36952e+00       3
     45      -1774.30820 1.20000e+12        -1      -1775.00974       1.20000e+12  1.48296  2.52576e+01      13
     46      -1774.29788 1.20000e+12        -1      -1774.38966       1.20000e+12  1.49328  2.12852e+01      20
     47      -1774.16647 1.20000e+12        -1      -1774.99726       1.20000e+12  1.62469  2.40953e+00       2
     48      -1774.00296 1.20000e+12        -1      -1775.10696       1.20000e+12  1.78820  1.60235e-01       4
     49      -1774.16545 1.20000e+12        -1      -1774.99747       1.20000e+12  1.62571  2.36940e+00       4
