          38
Energy of minimum      1=    -173.9284266     first found at step      274 after                36927 function calls
LA        -0.2805693392       -1.7230089619        0.1156016171
LA         0.5691499369        1.0611112897        1.2692333481
LA         0.2805688038        1.7230088047       -0.1156020613
LA         0.5011971536        0.0308286424        1.6759154211
LA         0.4483221478        0.5287671573       -1.6063167795
LA         0.0773701447       -1.3578483565        1.1005013860
LA        -1.0268891554        0.7982525349       -1.1700993313
LA        -0.5691497944       -1.0611108366       -1.2692336284
LA        -1.2668901634        0.9644807333        0.7249871170
LA         1.2668902928       -0.9644809891       -0.7249867787
LA        -1.6907174051       -0.4241968134        0.1495728351
LA         1.6907173031        0.4241967988       -0.1495726073
LA        -1.1624643267       -1.2573174000       -0.3587075635
LA        -0.3127450805        1.5268028578        0.7949243661
LA         0.3127450728       -1.5268029129       -0.7949245128
LA         1.1624640597        1.2573176875        0.3587071881
LA         1.0268885286       -0.7982524535        1.1700996772
LA        -0.0773705462        1.3578480368       -1.1005017024
LA        -0.4483213174       -0.5287669562        1.6063166725
LA        -0.5011966823       -0.0308278810       -1.6759152493
LA        -1.6230943617        0.6010903956       -0.2551366833
LA         1.3345139732        0.0608062484       -1.1296965229
LA        -1.3345135965       -0.0608064538        1.1296968168
LA         1.6230940223       -0.6010904982        0.2551372127
LA         1.0911634087        0.2280942605        0.7601728390
LA         0.3804790513       -0.4969278578       -1.1953350736
LA         0.6683613455       -1.1572246310        0.1861504431
LA         0.8032807969        0.8883906550       -0.6213126155
LA        -1.0911634731       -0.2280940520       -0.7601728238
LA        -0.3804786622        0.4969278829        1.1953348986
LA        -0.8032807039       -0.8883907788        0.6213125124
LA        -0.6683616215        1.1572242533       -0.1861503168
LA         0.1433741221       -0.3288472459        0.6880205181
LA         0.2105678921        0.6899295145        0.2858801053
LA         0.7329212901       -0.1338871997       -0.2167235960
LA        -0.7329212231        0.1338870666        0.2167235995
LA        -0.2105678861       -0.6899296761       -0.2858801788
LA        -0.1433740077        0.3288471343       -0.6880205490
