       -0.3344778316        1.2218115266        0.9937854555
        1.0792309994        0.4734447531       -1.6773132331
        1.3180226480       -0.9231841057        0.4183575767
        0.2554348898        1.0722922599        0.1445551084
       -1.7046918280        0.4283069685        1.6784611863
       -1.2585894355        0.1423065127        0.8369810848
       -0.2441299311       -0.7730483338        0.3388707927
        1.6823341507        0.9926884472       -0.3474527484
       -1.5954402545       -1.0622158447       -0.7904863944
       -0.3219517786       -0.2813601866        0.4760256518
        1.2024749884        1.0462458049        1.0315751027
       -0.8883003448       -0.7724028317       -0.6970378793
        1.4856656936        0.0526092215        0.8289059113
       -0.1704702443       -0.2646920642       -1.5116004690
       -1.4655098887        1.5968715418       -1.3081811354
        1.5154443783        0.1256900658        1.1387511723
       -1.3458383005       -0.8306697856        0.6519295289
        0.6680061283        0.3165230118        1.7177054446
        0.7377313771       -1.0578216189       -1.1571466356
       -0.8751373327        1.0396608839        0.6140654711
        0.0256640322       -0.6290489562       -1.3608601951
        1.6888848418       -1.2528255702        1.0013532693
       -0.4941270716       -0.2080466109       -0.7521125654
        0.0261835304        1.2093644123        1.5150665004
       -0.7375770004        1.6713195513       -0.1769013628
        1.2581988206        1.4291024503       -1.1557167114
       -0.9056737718       -0.3965862816       -0.1458329676
       -0.4188894571        0.7376225866       -1.4297409129
       -1.2393105575       -0.9820193556        0.8173809325
        0.0123218888       -0.5322987666       -1.3839581214
        1.1597740755        1.6333212401        0.9822984119
        1.6448867158       -0.6195225704       -1.5606008006
        1.5692576040        0.5504721095       -1.3421205660
        0.6418347647       -1.3793728677       -1.3517793889
       -1.5479252345       -0.7691334498        0.2389010707
       -1.0384599728        0.3186018435        0.9137587498
        0.5993498554        1.6863051996        1.3692912680
        0.1520636990        1.5630342041        1.2013368800
       -1.2206235380       -0.3091470114       -0.2490927578
        0.3908779277       -0.1168208416       -0.7968677812
        1.0011337718        0.7736147232       -0.7599137574
        1.3124174227       -0.5446518841        1.6513127273
       -0.0049790617       -1.1950452702       -0.3322271033
       -0.7399539391       -0.9130117128       -1.0768842337
        1.1808473315        0.1044612362        0.2721338951
        0.6629479465       -0.2810558224        1.5486693372
        0.8053019561       -0.7186967383        0.7217573562
       -1.1783379011        0.8260273927       -0.1483569966
       -0.6728731693        0.7171218013        1.0565954499
       -1.5994613691       -0.0088031913       -0.7835444223
        0.1862520113        1.6563530601        0.9765056172
        0.0391563615        1.3181342905       -1.2103054598
        1.4832354727       -0.6100383622       -0.3991782188
        1.0633677628       -1.6422685883       -0.5755669350
       -0.9603708446       -0.7079698945       -1.1663176963
        1.2148466775        0.4649658486        0.2521634641
        0.9531916244        1.6153432821        1.6546474332
        0.2789761003       -0.8225042140        0.1248072995
       -1.6092953195       -0.0783398512       -0.2992652310
       -0.0561697563        0.3055084172        0.6141548432
        0.9101843133        1.4012207383        0.4263288393
       -0.7739855083       -0.9223641389        0.3958434209
       -1.0114869850        0.3390305184       -0.4003781879
       -1.7033604946        1.1885158769       -0.3612335335
        1.4876245398        0.1376247699       -0.3193550828
        0.8813741165        0.6895158435        1.0495177355
       -1.0440858134        1.5932346801        1.3541682677
        1.2728791627       -0.6958688946       -1.5988274167
       -1.5074750821        1.3293952681       -1.4623347279
        1.4566507931        0.1083199296       -1.5843935786
       -1.6048969255       -1.4580057470        0.8450477783
        0.5131891977       -0.6614579989        1.2617138806
        0.3411881887       -0.0102170201        0.7562700013
       -0.2912715754       -0.3537596326        0.0954356737
        0.3535051228       -0.0915589265       -0.7697608385
