        1.5226619305        0.2754319772       -1.7246545144
       -0.6127660771        0.0146445063       -0.9483703471
        0.9824139323       -0.2171447548        0.4610231950
        0.1659502614        1.3338916691       -1.3455995055
        0.0311808451       -0.2574464811       -0.9625121725
       -0.2400910918        1.1088507326        1.2799341873
        1.6285563631       -0.4101437962       -0.7784741471
       -0.8229413539        1.2201708430       -1.6390771384
       -1.4686346160        0.9771202995        0.4674016750
        0.4124586757        0.5242428663        0.5696117433
        1.1206334522       -0.1237639106        0.8143705899
        0.7115225865        0.4813350333        0.2033042012
        0.5256306388       -1.3810120253        1.0990477085
        1.7243931474       -1.4334221639       -1.4203021021
       -0.6338640651       -1.6179838832       -0.8448839940
       -0.0702030799       -0.9288922240       -0.4124262734
        1.3004246600        0.8150268837        1.6247803168
       -0.3279597509        0.8711998476        1.6112092490
        1.6655860057       -1.2669411715       -0.8887472472
        1.5761799400       -0.9821785006        0.1790031408
       -1.1882885317       -1.4036663739        1.4790930338
        1.1454829046        0.7234288516        0.1697530028
        1.1678927107       -0.1823873769        1.2015156241
        1.3554866720       -0.5016888283        0.0968099267
        1.1050251448       -0.4872715663       -1.6265363353
       -1.7318261482       -0.8289443724       -1.3626574137
        1.0433854192        0.1067992056        1.4937585596
        0.8963643444       -1.5157961240       -0.8587380250
       -0.6203259609       -1.5085749068       -1.2408758433
        1.1964420663       -0.7103380192        0.1961683701
        0.8433757683       -0.2608053480        0.0189548155
        1.0074170935        0.1808189762       -1.3133416053
        1.1274359882        1.2557062874       -0.4995874245
        1.3485326307       -1.3569231552       -0.8825170400
       -0.5080673259        1.6593553630       -1.0298637073
        0.3333504019       -1.3122943821       -1.1773459329
        1.1730377627        0.8192244325       -0.0768686074
       -1.0073750529        0.9389136696       -0.3937268314
        0.3523590150        1.3391887668       -0.6965179213
        0.4164714716        0.0592679530       -1.6536914145
        0.5486296289        1.3295162617       -1.5447795772
       -0.9327712392       -0.7046687330        0.3312517662
        0.5371389478       -1.0195413576        0.2766000166
        0.0988457274        0.2454868143        1.3463165518
        1.2809478032       -1.0988832306        0.1617998521
       -0.0744584518       -0.1366349004       -0.4369968324
        0.3960266898        0.9967802252       -1.1043452676
       -0.6126631179        1.1967634471        1.3796682066
       -0.1299737283       -1.7261167781        0.1518650186
       -1.7190217133       -0.2060569691       -0.3250487478
       -0.9375937990        1.1739854771        0.0503468321
        0.0305353769        0.8141094987        0.9384136383
       -0.0078879904       -0.9904643528       -1.5381236412
       -0.5018095703        1.0063373905        0.1417304189
        0.9021362705        0.0599708637       -0.4630350880
       -0.7511840404       -0.3488860150        1.7124358099
        1.4813730720       -0.8696042388        1.1524383235
        1.2387734168       -1.4319814060        1.4292772295
        1.2729918941        0.2392220917        0.5210399779
        0.4898334870        0.2162275182       -0.9822913094
       -0.1736100025       -1.3344645399        1.4774107323
       -0.3522513811        0.2945041561        0.4934417501
        0.2933038128       -0.2862649983        0.1792178684
        0.1405827029        1.2756953641       -0.1393014369
       -0.1531585344        0.1842379439        1.2870883689
       -1.2203701687       -1.6823048117       -0.1684717965
       -0.4197201961        0.2850339899        0.2183908439
       -0.0096243082       -0.1232644955        0.7507920011
        0.3452855109       -1.6956638459       -1.0191724695
        0.2561864193        1.0570285393        1.5002209416
       -0.9905508019       -0.5870737971       -0.5924471960
       -0.4544756753        0.3683605489        1.4780707942
       -1.4793203629       -1.2162798764       -1.6629613258
        0.8631564521        1.6056054949       -0.0770655473
        1.5655769128        1.2039508601        1.3480707862
