        1.0420038749       -1.5386401761        0.5390413356
       -1.6408215168       -0.4068832186       -1.4277490708
       -0.1331154044       -1.5958539786       -1.7203586069
        1.3956257191        1.4287888383        0.0876820358
        0.2268093137       -1.6769478487        1.6427347721
        1.3664525559        0.5534413309        0.0427733869
       -0.9144326021       -0.4574379105       -0.3467443515
        0.8494244423        0.5972374858       -0.4114824562
       -0.1947014026        1.4081400367        0.5756126244
        1.7192918378        1.6544807453       -1.5160249904
       -0.1326375145        1.4607288017        0.3808233507
        0.4257248164       -0.1312580866        0.2157097573
       -0.5317519699        0.6181142406       -1.1617297988
       -0.3038616829        1.0209871870       -0.3496660140
       -1.3977554843        1.3710400921        0.5142215772
        0.7890745885        1.2295522952        0.5016085541
       -0.2297491042        1.0558801345       -0.4151545964
       -0.8026490454       -0.5899158839       -1.1133997868
       -1.1341640571        1.3760589982       -0.2372470226
        1.6601075312       -1.3646335766       -0.9108170574
        0.6857668940       -1.1960575296       -0.9175230172
       -1.0821670717       -1.3174773241        0.3311554191
        0.5780676015        0.1062856113       -1.4388176122
        0.7138449475       -1.4484942614       -0.6785690297
        0.1667084126        0.0436392173        0.9422974960
       -0.1557841128       -1.2228518619        0.8631002808
        1.0801060760        1.5528689895       -1.0256013539
        0.8598649337        0.2220117828        1.3501228517
       -0.9470995227       -1.5311448226        0.4202724402
        1.5867773213       -1.0800300991       -0.1734124302
        1.4297290518       -1.4805005747       -1.0822641979
       -1.5636978181        1.6857036108       -0.6609771360
        0.3832065578       -1.2665229290       -1.0167306037
        1.2893578720        1.4503564685        0.1741020603
        0.7877148888       -1.2332565651        1.1651468356
       -1.0883632957        1.0812000936        0.5145940205
       -0.7418995482       -1.2818890830       -0.6408447903
        0.5786344554       -1.1518963307        0.8133783475
       -0.0146719855        1.4723594981       -0.2704743140
       -0.3547557480        0.5275383530       -0.7718628116
        1.7010655836        1.5974873404        0.4535564918
       -1.1214552821        1.3421699268       -0.0937422966
       -1.7084123773        1.6491897128       -0.3563678717
       -0.1352753088        1.0697246079        1.1049132442
       -0.7864698272       -0.1220387055        1.2029289271
       -0.6535929491        0.3622733171       -1.4618734818
       -1.0325376173        0.0564354287       -0.6722370570
       -0.8091959634        0.5526446493        1.6058878951
       -0.0431273587       -0.6818917148       -0.5484086603
        1.4016479366        1.6441040455        0.1626580445
       -0.9604764800        0.6394555194        0.8553153294
       -0.3797574575        0.6175790663        0.4649601672
       -0.8442805195        0.8700439241        1.6112519816
       -0.7369612148       -0.5602048509        0.0652606024
        1.1952030022        1.5886527074       -0.5295330810
       -0.9452170953       -1.5274583275       -1.1819495017
       -0.8624752279        1.3840751549       -1.2852669570
       -1.1629989746       -1.3708403567       -0.4819983876
        0.3944267692       -0.0936162604        1.5202387879
       -0.3553112844       -0.5655253337       -1.4832418203
       -0.7063558932       -0.5854424840        1.4018096368
       -0.0524539640        1.6638812337        0.6559251533
       -0.8871646109       -1.1597814909       -0.1311091331
        1.0421899458        1.1294512525       -0.5896496743
        0.9667647328        0.7087830024       -0.6672969798
       -0.0055074659       -0.5491505144        1.3137599945
       -1.6858116416       -1.3059073705       -0.3825730265
        1.2604500022        0.6597390349       -0.3312548875
       -1.2825240081       -1.7119628205       -0.9504877254
        1.5006905951        0.6514632129        0.9481559293
        0.1805332159        1.3627127043       -1.0429764182
       -0.2472616609       -0.8829860531        0.2537124254
       -1.6231269091        0.0522705402       -1.1700508794
       -0.0170283668        1.3978135123       -1.3847797965
        1.5894489874       -0.8404442159        0.0259668203
