        1.4162903096        0.0676723243        1.0995765563
        0.3038913590        0.6066892820        0.0625826774
        1.0636496114        0.7044419185       -1.2787067197
        0.2770652357       -0.9157005859       -0.1326720009
        1.5858283728        1.3502348636        1.1434248593
       -1.4694172735        1.2435371743       -1.2941506604
       -1.6267032378       -1.0019657497       -1.0404046237
        0.2663520388       -1.3113702898        0.8828458830
       -1.7150653242       -0.4188009835       -1.3280591051
        0.9454084249       -0.3547113797        0.1470830282
       -1.6883929824        0.0847202265       -1.5934133533
        1.2042448844       -0.1505577268        0.6007316335
        0.8237294426       -0.3133642626        0.2196349297
       -0.2647959283       -1.4082359596       -0.8308409691
        1.5843646364       -1.3596437821       -1.3440982758
        0.7005733433       -0.2806133755       -1.2775212362
       -1.6295356798        0.7288144342       -0.5819553065
        1.4557544284       -0.7439961433       -0.0850294284
       -0.3989358540        0.0416406195        0.1208850695
        0.1053659035       -0.6731412097       -1.5625491875
       -1.7122857079        1.6084271824        0.9013635352
       -0.8530894832        0.7057764797       -1.0133497357
        0.9594292987        0.3922735172       -1.3951268605
        0.0547908059       -1.5182864151        1.5747641900
       -1.6226857704       -0.2496736683        1.7001254491
        0.1664116284        0.2715634939       -1.4795382230
       -0.7976062042        0.7556306660        0.4880827691
       -1.2598312726       -1.3657995464       -0.8967418723
       -1.5859856724        0.4241375102       -0.0895053753
       -0.4098499107       -1.7134378454        1.3254010116
        1.1453096143       -0.7939876398        0.1622437041
        0.4045230723       -1.4601753607       -0.9794281330
        0.2144757792        0.2038622524        1.6702948614
        0.7484118217        0.5819639172        1.2173813433
        1.3703259365       -1.4376102713       -0.0152505263
       -1.4714448844        1.5554986829       -1.2382875210
       -1.5831447504        1.5389413093       -0.7408019028
       -1.2672806609       -0.6763750599       -1.2383342186
       -0.3607086249       -0.3527421194       -1.1982095378
        0.6844221607       -0.8939112498       -1.5001878215
        0.3577640032        0.3163789331       -1.2121949799
        0.2347914034       -0.1549988373        1.7204779891
       -1.6217317439        1.3458692510        0.7488925249
        0.5273780514       -1.5554051248       -1.3604384006
       -0.1493133669       -0.8644456981        0.2871242585
       -0.5942684240        1.6186334068       -0.5590457497
       -0.7037001612       -0.2520325967       -0.6419901303
        0.8321597574        1.5440971657       -0.6456951390
        0.8731544546       -1.4353598592       -1.3879246940
        0.8915744838        0.1838407347       -0.4337532891
       -1.4826733661       -0.1674129316       -1.0112384404
        0.0279243180        0.7654800812        1.1724764788
        0.1929366476       -1.6923536397       -1.4589366837
       -1.0160433368        1.2101494200        0.0643510797
        1.2407187372        0.9750527934        0.4713583495
       -1.5379838356        0.2319275237       -0.6859780969
        1.5308227386       -1.4619099895        0.7367296223
       -0.9345971742       -0.9931236691        1.5155895894
        1.0537203962        1.4492950823        0.7816847074
       -1.1319067845        0.0463913803       -0.9524431486
       -0.3266281804       -1.4850132293        1.3912428689
        1.6465623375       -0.2966741633        0.6550715825
       -0.0670053938       -0.3085263494       -0.5177303944
        0.3507398647        0.4099448512       -1.2806175601
       -0.0610441094       -0.3726309856        1.3041874289
       -1.2880241642       -0.4630984860        0.7621209707
        0.3781768763       -0.8759977963        1.4715014945
       -1.6935886711       -1.6632690727        0.7380219719
        0.3285181974        1.6820638923       -0.6511343329
       -1.5987375801        0.8500535553        0.8632914636
       -1.6970089180       -1.0126018502        0.9612311921
        0.4663276969       -1.2601099079        0.2854359239
        0.8950434091       -0.2562777077        0.2867452530
        0.2409411703       -1.5531286225       -0.0763619091
        0.5400756734       -1.3811263279       -0.8586292022
