       -0.3135987312        0.2631416011        1.6588263555
       -1.3195224775        0.8779256565        1.4394112403
       -1.3761527789       -0.4888660089        1.1775383368
        1.6481942975        1.4709825883        0.8359562610
       -1.1009636544        0.5175947264        0.6472927254
       -1.4105827430        1.6877306911        1.5212705319
       -0.0357390214       -0.6609768859        0.6474250253
        1.5571103727        1.6104527625        0.6539816251
        1.3346886105        0.8067296414        0.3959005165
       -1.6943369163        1.7087821413        0.2041453592
        0.8047590551       -0.2276506734       -1.3650427889
       -0.4792716987       -1.0831842187       -0.6392215943
        0.4742991159       -1.2182273777        0.8554114136
        1.2623429920        0.2113614773       -1.1211668021
       -0.9952547877       -0.1440405447        0.3353576765
        1.7074166990        0.2816865438        0.4708442358
        0.2568290179        1.5160851476       -0.1252519307
       -0.3550944647       -1.0368725940        1.2069628110
       -0.2874574084       -1.4237255752       -0.9336690766
       -1.1012577480       -1.1349795104        0.9366265354
        0.4780203250       -1.0884048959        1.0044411712
       -1.2190588232        0.2546907161        1.0995440265
       -1.2231761656        0.8324348632       -1.0427308579
        1.6560553145       -0.2688841865       -0.3835154935
       -1.6403360921       -0.0653203145       -1.6104413773
        1.6257005893       -1.5461849388       -0.4390225948
       -0.3073701888        0.9600499494        1.0755944667
        0.6159081371       -0.4379462099        1.7290547603
       -0.1163099589       -0.4615793332       -1.4176023777
        0.9482061466        0.2689424355       -0.7736772856
        0.5292266133       -1.6301275093        1.2390000442
       -0.7348072692       -1.6623084115       -0.5029370387
        0.3108773107       -1.7184502362       -0.1031653248
        1.1589340370        1.0433241989       -0.5370947183
        1.6152945811       -0.9456631040        1.6332764815
        0.4477461482       -0.7325471576        0.3062742806
        0.0916658959       -1.7313687478       -0.8965065939
       -1.7037499046        0.0898629104       -0.4728124735
       -1.6023907051       -1.0681685974        1.2695495784
       -0.4548679711       -0.4643524648       -0.5078562585
        0.0062430208        0.7403218093        1.0645834580
        1.5824221937       -1.4546241952        1.0497250299
       -0.8204868124        1.6861476032       -0.6606952277
        1.7131255577       -1.0877310645        0.0266249192
        0.9392201970        0.0590515091        0.5294307073
        1.6050855240        0.6666746111       -0.4372094968
        1.0034025039       -0.5805186749        0.8994821371
       -1.1351514957        0.3462973847        0.5744143700
        0.4978789730       -1.3801091357        1.4582145271
       -0.5401924456       -0.4838044912        1.7281749315
        1.2109206453       -0.0418706779        1.2557027273
       -1.5751965728        0.2490629042       -1.1113767312
       -1.2382222132       -0.1325651702        1.2408045815
        1.4618723527        0.9160585323       -1.6328822049
        1.6353259080       -1.0914495894        0.9178154412
        0.0752835031       -1.6835938657        0.8927468269
        1.0529492063       -1.0555926772        1.3654805337
        0.3693367313        1.5217671563        0.1301717780
        1.1250904824        1.2886979068       -0.9255906043
       -0.0223687600       -1.6642564806        1.3679797000
        0.3618109516        1.4583287248        0.8790663814
        0.3923980662       -0.7547777404       -1.4317786041
       -1.5685365508       -1.1841247725       -0.7920205603
        1.5968805607        1.6119499014       -0.5121738121
       -1.0559697759        1.0567508057       -0.6151774005
       -1.6817539097        1.3633958561       -0.4380300297
       -1.7063302694       -0.7181288084        0.9806611867
        0.9584734848       -1.5811307265        1.5546746447
        0.1872530516       -0.6967399626        0.2370820994
       -0.3212718869       -0.1250931599        1.1784855980
       -1.4450929361       -0.2229192166        1.3173702934
       -0.6608554810        0.5698972020        0.8783720750
        0.9170879098       -0.8153520471        0.2650278160
        0.0213077787       -1.1778409443       -0.3017302158
        0.4971812162       -1.2016196996        0.0796288278
