        1.1195122604        0.2200348489        0.5334648299
        0.6811732522       -1.6760689167       -0.9536514622
        0.3780474526       -1.3574129691        0.0287207319
        1.1002586160       -0.3769881247       -0.6328808916
        0.1980027368        0.8484168803        0.3177228906
       -0.1975569604        0.1891352418       -0.2668145688
       -1.2492742768       -0.5995741582       -0.7354186575
       -1.1696552107       -1.1680647008       -1.3428651108
        0.3682532134        1.7241374584        0.5789399585
        0.3840507420       -1.2779938497       -0.2971915532
        1.7129678903        1.6514831624        0.2591066187
       -0.9689280747        0.9745937153       -1.5348193212
        1.0978946661       -1.5221505655        0.3848126727
        0.8136410099        1.6591330442        0.4292103018
       -0.7902182734        0.3815404421        1.3028477768
        0.2181036931        1.4779796268        0.4235703530
       -1.3865719290       -1.0221787293       -0.8129698837
        0.3762755386       -0.7221536347       -1.2105677189
       -1.4087236443        1.1992170579        0.6492616245
       -1.3687323844        0.9759204014       -1.0068276062
       -0.2269620322        0.7162499089        0.3274842129
        0.8733994229        1.4563967237        1.4841597892
        1.4464562911       -0.4742508295        1.4269157782
        0.1641257782       -1.6784631752       -0.4303010400
       -0.3941273105        0.2679397386        0.8812113146
       -0.1439852783       -0.0324592382        0.6721380676
        0.1359899564        0.9513459500       -1.4226615806
       -0.3649025314       -0.0689132532       -0.5483127697
        0.3360944349       -0.7238691532       -1.6385446806
       -1.0216745265        0.9183078491       -0.8811444549
       -0.6690950598        0.5827527576        0.1727891679
       -1.6949002633        1.3103309530       -1.1028456317
       -0.9118943133       -1.4835134757       -0.3604490355
        0.6467850302        1.5162380274       -0.4175549653
        1.3660217910        1.6136349564       -0.3072994286
        1.4273243098       -1.3592431014        1.1503909279
        0.0688753760       -1.1178285958       -0.0888319085
        0.1651350629        1.4810450889        0.2307987197
       -1.2151069009        0.5873936277       -1.3372641506
       -0.7597271526       -0.5749967339        0.6796091343
       -0.9824241803        1.4383601973       -1.2437615950
        0.7829041740        0.1670721630       -0.4574335245
        1.0370678934        1.4692113179        1.1398424735
       -0.0557009835        0.4713478289       -1.7304854927
       -1.1093975938        1.2628679683       -1.4569858707
        0.4017909246        1.0476950832       -1.4956086475
       -0.3340364250        0.1940111822       -0.7009314414
        1.1924402976       -0.9534877199        0.0299099497
       -0.8589940301       -1.7125290147       -0.3110456165
        0.7628292305       -1.6596446205        1.6547627326
       -1.4045665294       -1.5391300821        0.5785055641
        1.6125181119        1.5837995859       -1.6754568428
       -1.0162726080       -0.3828857594       -1.2568207462
        0.8505198858        0.4624518208       -1.1538258992
       -0.4143391286        1.2472673328        1.6663050732
        0.9913410829       -0.4287924707       -0.4586601339
        0.8548579694        0.6626051632        1.3475286175
        1.0263191373        1.4042634186       -1.4372452498
       -1.3836955413       -0.8591891020        0.7142718426
        0.7159428670        1.4081520914       -1.1732195346
        1.6723544859        1.5248901060        0.2788721362
       -1.5119811117       -0.1219772933       -1.4438376942
        0.1402858380        0.7053684804        0.0699655174
       -0.3021157075       -1.6746214774        0.0745072674
       -0.7049020208        0.9723230573       -1.4453361123
       -1.6264518268        1.0433060628       -0.6003502633
        0.7451701593        1.7170658448       -1.1826411191
       -0.6985793428       -0.1875409315       -1.2691200152
        1.5431898255        0.3657787388        1.1585224244
       -0.6343249708        1.5070518826        1.5800026419
        1.3281307864        0.8411302858       -1.2935078118
        1.4566629526       -1.4599608412       -0.1724372996
       -1.0362376544        1.7029603624       -1.5804122801
        1.4483954317       -1.2487029514       -1.2767236334
       -0.0677507612        1.4049876173       -1.4463797593
