        0.2256283276        1.6917404350        1.2773614669
        1.5679291888        1.5764653083       -1.1674918704
        0.9606305502       -0.0858990043        0.1339576690
       -0.2645663070       -0.0989407970        1.6717147845
       -1.5460515534        1.2352922916       -0.2622422054
        0.4978199466       -1.4913795755       -1.3767456118
       -1.3086784019        1.6247649505       -0.3515735960
       -0.1291992234       -0.2395064567        0.9847683230
        1.2310937733        0.5685117524       -1.2656080976
       -0.8599714772       -1.0559668240        0.8986995700
       -0.4733366868        0.5403642050       -0.4763119461
       -0.2310250777        0.9916815062        1.3982048031
       -0.6558862341        0.7648895002        0.8258076871
       -0.6122011589       -0.9732410423       -1.0418358401
       -1.6928596363        1.1965655861       -0.8372313908
       -1.1085637738       -1.1940271311       -1.1631483297
        0.3692454332        0.6227609163       -0.1672249395
       -1.3699584551       -0.0885096067        1.0544411429
       -1.5391721888        0.8599274380       -0.8830798548
       -0.8525735338        0.9685358919       -1.2253415319
        1.7020034114       -1.4813665358        0.1639546349
       -0.8178174207        0.5068460414        0.4194302079
        0.8006164274       -0.1241179599        0.4026809192
        0.0999742153        1.3405516072        1.0438853344
        0.1236856157       -0.1402281036        1.6478104543
        0.3304681716       -0.7421070088       -1.0938656198
       -0.9798023717       -1.6791026411        1.3577688589
        1.2932931424       -1.4802290274        1.2236705576
        0.4458029022        1.1725694093        0.1841300551
        1.7236976860        0.1949608888        1.3660149208
       -1.5657960473        0.3231741069        0.2167364103
        1.3909733540       -0.2323062033       -0.2385615958
        1.7176973711       -1.4527313408       -0.2424155693
       -0.4831449970       -0.0832828949       -0.1461250883
       -0.0947992968        1.3798840633       -1.0267410335
       -0.1529560681       -0.4488609860       -0.7394428935
       -0.2239213182       -0.2018263179       -1.5991024290
       -0.3278392751       -0.8290585265       -1.2246396875
       -0.0461491220        0.8067253651        0.1773531980
       -1.0674608539       -0.7998044487       -1.3579459077
       -0.9963475536        1.2095532044       -0.4949734044
       -1.6141933948       -1.6749177374       -0.3692373290
       -1.0526878619       -0.9386789929       -0.6613789038
        1.0954625159        1.1728508482       -1.1418581733
       -1.4312414215        0.1011883184        1.6374199157
       -0.3637792683       -0.7886494500        1.6124289108
       -1.3643174045        0.4257687427       -0.3324697939
       -1.1717327422        0.3297022178       -0.9117421643
        0.2251962883       -1.1326390859        1.4091632990
       -1.2608178417       -1.4954301405       -1.2574098512
        0.9483233640        0.3355453847       -0.2551765264
       -0.2615796528       -1.4081693806        0.1392473820
        1.5454895855       -0.7450709409       -1.3890475779
        0.3200355843        1.2937653317       -0.8590786500
        0.1054843194        1.1965854336        1.0195820883
       -0.8597910538       -0.7945317394       -0.9320004026
       -0.1940792501       -0.4242753639        1.5349898192
       -1.6306041459        1.1222255397       -0.0873712966
       -1.6371533319        0.6095533165        1.3896219296
        0.1394893193       -1.3031285188       -1.6499702716
        1.0791550580        0.3422943287       -1.4515149487
       -0.9634386909        0.4311272978       -1.5827412145
       -0.2536554330       -0.3605448422       -1.6452698540
       -0.3471082245        0.5755339101       -0.6769977335
       -1.0560030074       -1.1785272707        0.1480909128
       -0.6738423766       -0.9452841067        1.1192184943
        1.4141148889       -1.7250896766        1.2267170335
        0.4470743558       -1.7100302404       -1.6086976038
        1.4299323554       -1.3715559496       -1.1206442310
        1.1424606945       -0.9195411948       -1.5528923133
       -0.4007850628       -0.8996310905       -1.6990702056
        1.1865551385        1.2526394090       -0.0675205286
       -0.1722442908       -0.9440846473        0.4758284458
        1.4078063061        1.6830908050       -1.5625945188
       -1.6833316857       -1.3619413063       -0.1466296251
