        1.2507827654       -0.9597449577        0.7170699305
        1.3880232091        0.9412502131        1.6451802157
       -0.0773205394       -1.7267639320        0.8474040386
        1.3979368740        0.0147165602        1.5878869779
       -0.4881999107        0.5955648096        1.2457988071
        0.1775937190        1.4212073195        1.2808275532
        1.4637000621       -0.4248793643        0.0295092578
        1.1071571539       -1.5763847098        1.5636057748
       -1.1635906396       -1.3108836133       -1.6672290041
       -1.5237389235       -0.2177980933        0.9002930543
        1.3900124041        1.3669916742       -0.2820795993
        0.2865854402       -0.5112759505       -1.6142624193
        0.4456282666        1.1103893313       -0.5997949365
       -1.5959131729        1.2464741548       -1.4340468829
        0.0000930330       -0.3250721748       -1.6309728775
        1.3455168068        1.4432857631        1.1930774842
        1.2350251416        1.6037023699        1.0228527075
       -0.8486657506       -1.1183136963       -1.2508616491
       -0.3346167758        0.5424086616       -0.0646316539
        1.4101183740        1.5123292231        0.3504632377
        1.1980907606       -0.7489360786        0.0261095134
        0.2941521636       -0.5536967392        1.2284540207
        0.3597381706        0.8533194755        0.6231538153
       -0.1498403531        0.5219257204       -1.3954486412
        0.4009652620        0.1061103305        1.6809113789
        0.0371838168        0.0645523701        1.3576757735
        1.2928159493        1.2723273267        0.5053063845
        1.3382179432       -0.8314202778       -1.5483731853
        0.5810993918        0.9602798514        1.5402480687
        1.1765967957       -1.3373788854       -0.9828164825
        0.1848032525       -1.6427271227       -1.2530758020
        1.6622232932        0.6678792711       -0.9433675478
       -1.2379566650       -1.2459669097        0.6957125402
       -0.1049595044        0.0350596619        0.4193856944
       -1.3601203074        0.9626997194       -1.4910734918
        0.1706771161        0.3090046878        1.3288739551
       -0.0959147170        0.9797611942       -1.4937759730
        0.3218609709       -0.0041930733       -0.7220162811
        1.2621154936       -1.2927566873        1.4977118063
        1.2628906953        1.1269504925       -1.2050716632
       -1.0507044207       -0.7244605327        0.4312505224
       -0.5759665736        1.3214510491       -1.1909502677
        0.8401172458       -0.6160075830       -0.0145513709
       -0.5119531839       -1.4041576623       -1.5702898755
       -1.5626826859        1.6531752393       -0.4715874014
        0.4186693208       -0.6238977890       -1.7091005813
        0.7534663853       -1.5841081248       -0.6428086743
        0.4465945591       -0.5163128732        0.3731237080
        1.0662369399       -0.1796778610        0.1740370073
       -1.4093848419        0.8507982775        1.2330583009
        1.5918950506       -1.1610929654       -1.1767928839
        0.5358740112       -1.7115958536       -0.7934447097
       -1.2313979730        0.4034318986       -1.0944449898
       -0.2296932765        1.6643105162        0.8475491739
       -1.2550702041       -0.3407030414       -0.9926377830
        0.1723662700       -0.8151221339       -1.6266454840
       -0.6582080742        0.9709501286        1.1282688226
        1.7233410913       -0.0137750868       -0.5228777966
       -0.8916997699       -0.8266684040       -1.3795106408
        0.9848950254        0.0426327216       -1.4926875625
        0.7641835972        0.5769240086        0.8105444505
       -1.0088852918        1.3122423484        1.3863242039
       -1.3217257871        0.9725812707        0.2015730211
       -1.0778346437       -1.0172346758       -1.2741467513
        0.3413913664       -0.0360465327        0.7061825077
        1.3659816313        1.0383540826       -0.9221048866
        0.6383586046        0.4423073463       -1.4456992287
       -0.2649122069       -1.1841064767        0.3837075683
        0.6604311507       -0.9795027646        0.4917358538
       -0.1805114520       -0.5408828322        0.7972739576
       -0.1024975152        0.8847747207       -0.8793075299
       -0.9867266869        1.6341002536       -0.4140342692
        1.2124208926       -1.0501860759        1.2944473672
       -1.6778723313       -0.2032300745       -1.3406323428
       -0.5268711273       -1.4908801556        0.6970410651
