        0.7634650605        0.9444514158        1.4224257570
        0.2882257044       -0.6799137340       -0.9995963539
        0.5248887943        0.1750731905        0.7611012299
        1.1110041620       -0.3877478691       -1.4408642965
       -1.2878572908       -1.1537046297       -1.2608474614
       -1.0116286198        0.6973188067        0.8813445226
        1.1392454320        1.1005900141        0.5404104138
        0.7814207594       -1.3285237354        1.7271305812
        0.2461167017       -1.3052162306        0.6613904520
       -1.3773477216        1.3573171060        1.3953555897
       -1.4920048833        1.5272196906        0.3460769226
        1.4328407518        1.2083490542       -0.2265386698
       -1.6885441361        1.0502800372       -1.0052449151
        1.6292227001       -0.3127559698        1.4141516014
        0.0543546822       -1.0988944965       -0.6314861844
        0.7505954951        1.3194641672        0.5055181020
        0.3346752990        1.4384494274       -0.1087051825
        0.4815801113       -1.4546561571       -1.1985222498
        0.6190472049        0.2588853871       -1.4474343027
        1.4865536944       -1.6643641759        0.4447826597
       -0.6899699919        1.3863416899        1.5480105060
        0.1874401629        0.9294799643        1.5079376347
        0.7228621429       -1.4189796876       -0.3703378200
       -0.6862575807       -1.2234777133        1.4070934490
       -0.0827401180        1.4700097756       -0.9032023879
       -0.7277105848       -0.5796142125       -1.2124272434
       -0.5223271898        0.9281608954        0.4702907529
        1.2328810843       -0.9836819693       -1.2952434424
        0.9764320857       -0.0691241319       -0.9171882736
        0.5446163911       -0.4021284557        0.4342406431
       -0.7137404010        1.2112177764        0.3489729158
        1.2231676517        0.9419895104        1.4190293259
        0.0688733597       -1.4264515318        1.2160786440
        1.7219461551       -0.7419869797        0.8065670024
       -0.8132732542        0.6769127845       -0.4292561186
        1.4725372550       -0.1446805445       -0.3481619324
        1.3798819292       -0.7195868345        0.0080422010
        0.1534218420       -1.6552466104        0.5396710245
        1.3917070668       -0.0866309169        0.0390018638
       -0.5160853490        1.4447139436       -0.4847292867
        0.6968164977       -1.5271977799       -1.3105951027
       -0.9442816388        0.7891191068        0.0653090228
        1.4553887262       -0.7326841177       -1.0831421475
        0.6763829996       -1.2027754618        0.2158831621
        0.2639837254       -0.1107034512        0.7218766529
        1.0168536734        1.4339140798        1.2252681537
        1.1453836636       -0.1966096427        1.0504016035
       -0.8981788684       -0.4711077725        0.6592763903
        1.0379197688       -0.7739858519       -0.4714659125
        1.2516263383        0.4160865590        1.0733205841
        0.3465903733       -1.0956669438        1.2348693776
       -0.4702035730        0.0426369269        1.4482062960
        0.8625978072        1.0279599548        0.2898613535
        1.6081377523       -1.5084161877        1.2692975028
       -1.4803278749        0.8322815173       -1.5437027068
        1.4498401481       -1.7029780001       -0.7396964015
       -1.0022425945        0.4637617967        0.5832761821
       -1.3202571791        0.9726081046        1.6441360090
        0.4505583491        1.3975587444       -0.2847783655
        0.1906458790        1.3699070311       -0.8990158533
       -0.6786478844        0.2590848387        0.0697305809
       -0.9214159099       -0.1774807167       -0.6047746846
       -1.5880244251        0.5810083066       -1.3032344622
        0.0529060976        1.4389442452       -0.2958436920
        0.6517983389       -1.4052417577        1.2349576528
        0.1131391680        1.2853742168       -1.3089653639
        1.5849129800        1.0955275996       -0.8543646082
       -1.4745130194       -0.2617908203        0.4888190241
       -0.1018721493        1.1184429555       -1.4095251362
       -1.5529848696        0.1952548227        0.7284860752
       -1.2676922783       -1.6176809466       -0.3383186050
        1.2970491363        1.5303584793       -0.3900452062
       -0.7641682180        1.1019812192       -1.5476255063
       -0.7661587357       -1.3313780720       -0.2195310445
        0.9889660461        1.1097038631        1.6251771244
