       -1.4595869251        0.7473210948        0.8280099240
       -0.2413062998        1.1384060258       -0.6272704770
       -0.6432938312        1.4960912510        1.0953469874
        0.4743496107       -0.2880234154        1.6553028155
       -0.9960852364        0.1960449971        0.1446529654
        1.6790197069       -0.3773907684        0.9568554669
        1.2166567816        0.9445677653        1.0883356650
        0.2892478988        1.4901885720        1.3700346691
        1.2608350180        1.2009931675        0.1727640777
        0.7124575155       -0.6160552823       -1.1079693133
        0.5676308783        1.0666054522       -1.2736913979
        0.0363235597       -0.6169443945       -1.4969037797
       -0.4316323459       -0.7483229981       -0.3782808420
       -1.3670412963        0.8081836267        0.1585975751
        1.6813640594       -1.1258208690        1.3082048463
       -0.2710252192        1.1304944350        0.2218012638
        0.4405033074        1.2548688717        0.7287011706
       -1.4552302199        1.0671595836        0.7845304397
        0.0807112198        0.3006812327       -0.6826618078
        1.5229454696        0.7985378119       -0.9899371133
       -0.0365877948       -0.9283047934       -1.0548626180
        1.4551560755        0.7539366147        0.6840347074
       -1.6248375818       -1.4808605214       -0.7819328986
       -1.1396485210       -0.2211201267        0.4834217917
       -0.3924538584       -0.1023267058        0.2507582219
        0.9873430485        0.8553002776        0.2812215005
       -0.5622854747       -0.5747790947        0.8143143993
        0.3885228982       -0.6068154214       -0.4833731665
        1.5101344226        1.3124159129        0.6150629286
        0.3459003416        0.9427666059       -0.2279451767
       -0.9004951836       -1.3182306925       -1.6105437799
       -1.2485002882        1.2323534383       -0.3225224605
        0.3382135875       -0.0561340068        1.1632550265
        1.5517664306        1.3090254405       -1.6231489489
       -1.5996820925       -0.9611151087       -0.2349848429
       -1.1668191746        1.1642654566        0.5210929005
        0.0374061001        0.2069938338       -1.4143618090
        1.2266086882        1.6459301886       -0.5136408845
       -1.2377896190       -0.9642937780       -0.8951148919
        0.0705262947        0.1625728906       -0.8136013761
        0.7435103702       -1.1322055158       -0.9343605360
        0.6126834752       -0.4641645131       -0.3123268051
        0.3973257306       -0.4506248023        1.5372008152
        0.7594950617       -0.7345222461        1.2278789996
       -1.1199747485        0.0416805227       -1.4029348114
       -0.3144139136        0.4642557225        1.3766226727
       -0.3809496579        1.6819320780        0.5125785917
       -1.0991448912        1.1157949309       -1.0249063313
        0.8906821857       -1.2086127005       -1.1626659538
       -0.2052742439        0.2950120674        0.0728055087
       -1.4807414361       -1.3892523866       -0.7153130748
        1.2078230277        0.2461624992       -0.8965665156
        0.7760190813       -1.6549966173       -0.6679316193
        0.2112377543        1.0143194270       -0.2627679560
        1.6298575848       -0.2743005632        0.4289619863
        1.5890904135        0.3259685702        0.3217151646
       -0.5844797226        0.2775573919        0.8547129793
       -1.1233708376       -1.6902840220       -1.1398656214
       -1.5388325236       -0.3558002322        0.1881626985
       -0.3054011575        0.9503953271       -0.8976620479
        0.8414829252       -0.8878101082       -0.3505985395
        1.1341660219        0.2009916493       -1.0228585243
        0.5675753071        0.2101182095       -1.3953738677
       -0.0488356545       -1.1249208974        0.6985850629
       -0.4359215348       -0.3808730777       -0.0396889661
       -0.2016341204        0.4937877613        0.5496848773
       -1.1873010205       -0.9732827619       -0.8361932493
        0.8225616484       -0.0728068105        0.6618868765
       -0.4755522173       -0.9236892264       -0.9919315848
       -0.0806599055       -1.5409232067        1.2787779251
       -0.4312182459        1.6586117441        0.7686431438
       -0.2134162013        1.1024467448        1.5191585429
       -0.3958499927       -0.8944533879        0.8522730572
        0.4886062001       -0.6570998420       -1.2395675918
       -0.8435053307        1.3269276362        0.7257267775
