        0.6984793146        1.6280289027        0.3164357593
        0.1155685178       -1.0009279131        1.6646003399
        1.4647441269       -0.6191674130       -0.5195636271
       -0.2912652553        0.3033729787       -1.4156383148
       -0.6660731981        0.6942913250       -1.5407960332
       -1.2924577479       -0.4935912053        0.2713846917
        1.5920271213        0.9398277026        0.8390897975
        0.2245513588        0.4541619810       -0.2697775573
       -1.0593139927        0.2978243377       -1.0456370411
        0.1184996766       -1.1832634943        0.8532687032
       -1.5491898243       -0.6886971430       -0.8057937090
       -1.6040418593        1.4282727776       -0.4799311444
        0.2086109952       -0.7192047335       -1.2436204828
       -1.3693867151        0.7359814836        1.6624474880
       -0.0931905671        0.4053975908        0.3576088458
       -0.6149796928        1.6899173277        0.8499795125
       -0.3397914732       -0.3679248318       -0.4068425136
        0.3344614990        0.9155232693        0.2420878329
       -0.2343646438       -0.8969864776       -1.4927603616
        0.4789531957       -0.6342558253       -0.3397874776
       -0.9425084295       -1.6269479867       -1.6188699080
        0.0698845915       -0.9179926933       -1.0781711149
       -0.2830327079        1.4624643371        0.2198810174
        0.3245051709       -0.4314339203        1.5851328227
        1.6845567078        1.4954275628        1.0686580259
        0.8181030761        1.5938294132       -0.9251830729
       -1.3748270978        1.0255033775       -1.2792655630
       -0.6755696788       -1.5734888618       -0.4547772634
       -0.6561633805       -1.0359355147       -1.1612602130
       -1.4234203335        1.5033380115       -1.3960635155
       -0.1219972812       -0.3705688898        1.3079231074
       -0.1854580219        1.5318863767       -1.5468740301
       -0.3934781514        1.2111293706        1.0438587425
        0.3398512982        0.5975107026       -0.6568906780
       -1.1256261390        1.0145817087       -0.5068504983
       -0.2173075938       -0.5519007239        0.6938627458
        1.7297311081        0.8002445712        1.0624083389
        0.0159466345       -1.6333025540       -0.1063801518
       -0.3493941344        1.6818716320       -0.1113826075
        1.2241874522        0.1473389543        1.5616067382
        1.6190174951       -1.6267172233       -0.9510382305
       -0.2292022963       -1.1180950280        1.3733161783
        0.3902402895       -0.4104540127        1.6133430244
       -1.5464255937        0.3088538163       -0.7452182732
        0.5788404029       -1.4742750052       -1.6974735160
        0.3794652125       -0.4041418682        0.6908890158
        0.1830196258       -0.9420224370        0.2607528159
        0.3944827937       -1.6496730615        1.3344682742
        1.3671078641       -1.3118677434       -1.1798922985
        0.8267911398       -1.3926113325        0.0836841837
       -1.1452073310        0.0548189060        0.8675505424
       -0.0682033158       -0.7346884581       -0.2181775972
        0.3840333254       -0.3776756206        0.6141826643
        1.5727340222        0.1030742219       -1.6878944286
       -1.3599960924       -0.4189713234        1.4267621097
        0.9035188665       -0.9135353776        1.6967908449
       -1.5312318702        0.3176399757        1.4792336298
        0.7470106799       -0.4547748857        1.2792622497
       -1.0835797116        0.5182678448       -0.5552207942
        0.9281271252        1.1042445167       -0.4985329746
        0.0943308516       -0.4145387414       -0.1598974143
       -0.6031442200       -0.1517168829        1.3551995131
        0.4456161942       -1.6507491850       -0.8442786741
        0.8596916595       -0.1096757917       -1.2901623240
       -0.4227945706       -0.9892504643       -0.9395980652
       -1.6188615215        0.5760683875        1.0793969227
        1.3159483314        1.5179315061       -0.0760794928
       -0.8907334741       -1.1880838086        1.3536365002
       -1.4912300123       -1.6187136084       -1.0428616834
        0.5531302821        0.9778604405        1.2023607778
       -1.1399174390       -1.6977021823       -0.0143038281
        1.4168329961       -0.1909721878        0.1298576562
       -1.5933404412       -0.5051892445       -1.2179328115
        0.1336099432        0.8688311874       -0.3268626442
        0.8444682244       -1.2389233623       -0.6096923543
