       -0.8075172188       -0.4848993621        1.2330174330
        0.4082322379        1.7016487282        1.0945623411
       -1.2260769965        1.2793432256       -0.7337303150
        1.1750079377        0.0289207464        0.5879308603
        1.3538548072       -0.3045775128       -0.4544726072
        0.1918453545        0.3355831118        0.3963463929
        0.8242388106       -1.4736497813        1.1547728974
       -0.0914847918       -1.7279387933       -0.8805086878
       -0.0674163031       -1.6212077112       -1.0932632519
        1.6747251125       -0.0735797796       -0.9728923938
        1.5653524647       -1.5344115800       -0.8428386679
        0.9079288070       -1.0298164645       -0.6260644958
        1.0681352756        1.2644275357        0.7393706235
        0.6946734276       -0.5841364795        0.1996795393
        0.6468242463       -1.6748153008        0.9853020213
       -0.7004487637        0.8695753692       -0.8155531988
       -1.0149373419        0.4474780916       -1.4457649302
        1.4257667959        1.3810993875        0.6689634601
       -0.3178341653       -1.2049696025        1.0967587353
        1.6716669836        0.7314999424        1.6777405186
        1.0423828771        1.7196867436        0.2787927459
       -0.0127588931        0.2228997868        1.6922756964
       -0.9428555134        1.5828708995       -0.9891956028
       -0.9674060184        0.4674304365        1.3000310205
        1.0092175432       -1.2598043629        0.2683576826
       -1.6665059958       -0.7328271349       -1.6887777401
       -0.4836306718       -0.7860675157        1.2473240655
       -1.4250837570        1.5324754994       -0.4791170090
       -0.7616844616        1.6888238328       -1.7047133354
        1.2778406812       -0.7864768587       -0.5242770769
        0.3241808510        0.1345614758        0.5176490475
       -0.1138643604        1.5606427653       -0.1879536200
       -0.7516903805       -1.5983120238       -1.1868454833
       -0.8779878253       -1.4042386011        0.2428670480
        0.6252371588       -1.6957158812       -0.1332719475
       -0.2580641348       -0.0022512501       -1.6607326245
       -1.0469584797        1.5166846878       -0.0816351701
        1.5363394386       -0.1397494475        1.4050368491
       -1.5342131786        1.5497871399       -1.1157693181
        0.6924168003        1.3671484980       -0.8192834654
        0.7487664484       -1.4561606613        0.6952000235
       -0.2508375250       -0.3263878514        0.0229516450
        0.4762220514       -1.3539855537        0.3786215025
        0.0393307406        1.4684809039        0.7202106420
        0.2845465230       -0.0630738222       -0.1080683653
       -0.8803958048        1.5318368433       -0.8172145495
       -0.5012760139       -0.5634693032       -0.1941254282
       -1.5528863481        0.1067166908        0.3256316940
        1.5178181666       -0.8073492146       -0.2322234837
       -1.5509184507        0.9781598573        1.2515297266
        1.3721231165        0.1856758660       -1.7233716660
       -0.1564942937        0.3947600853        0.3034655463
       -0.1150621227       -1.5093329129       -0.0146169256
       -1.6342935689        0.9760502122        1.3332353624
        0.4705295994       -0.9654555522       -0.7103053201
       -0.2286906054        0.9056168359        1.5611562419
        1.1878593218        0.0272686259       -0.6935442654
        1.4055331171        1.2185190323       -1.5866117513
       -0.5603355183       -1.1801660670        0.2379711552
        0.2744320081       -0.0133482595        0.6833393993
        0.9009027844       -0.3031523617        1.0861850633
       -0.0650758333        0.4462859912       -0.1193735611
        1.6595096429        1.1496772498        1.4598804283
       -0.3886710742        1.0782521586        1.1439865820
       -0.2990056771        1.4987173632        1.0230284771
       -0.0024389598       -0.0213821667        0.3052976111
        0.8224080282       -0.6116515635        1.2663014959
       -1.3752478357       -0.5595000932       -1.6799985138
        1.3884293727       -0.3220266538        1.6683692111
       -1.1795890135       -0.7110825204       -1.5813000308
       -1.3043989302       -0.3285961455        1.7032982274
       -0.4349784032        1.0624301577        0.3928650548
        0.2578607457        1.1570468075        0.5776212944
       -0.0666360314        0.8024575852       -0.9807744085
       -0.9464683981       -0.5966066902       -0.9374431082
