       -1.2296702353       -0.2374086179        0.5447612441
        0.4011600968       -1.1871230426       -0.5967890510
        0.4454631451        1.1560039767        0.4775098536
       -0.4838878190        1.2882180376        0.1570847231
       -1.4427448768       -0.9324900730       -0.3776744285
        0.1816601262        0.9772692707       -0.8153319883
       -0.5472462345        1.2601316944        0.5289380623
       -1.1535550100       -0.7833515861        0.4446205224
       -1.2884482799        0.8687861158        0.7012627556
       -0.0760309595       -0.1245587792       -1.1420266727
       -0.8510441927       -0.2241775782        0.4999402429
        1.1900003691        1.0080185306        0.2354048114
        1.2483263365        1.2761604541       -1.0020317851
       -1.3399608133       -0.1156835542       -1.2617567519
       -1.3865226521       -1.4890367523        1.6588752179
       -0.2601196652       -0.1629899281       -1.5706283680
       -0.7649497688       -1.0402501244        1.5273973959
       -0.1349751838        1.3714820536        0.7896192284
        1.2494382079        1.3138401316       -0.0214502524
       -1.1784096323        0.8843588850       -0.2746484665
       -0.7652072241        0.9471430908       -1.1696078065
        0.8860000735       -0.9044105774        1.6259886063
       -0.5019249503        0.7776869359       -0.2478234191
        1.1782613435       -1.1306883422        0.0493135638
        0.4981620185        0.7326560691        1.6306773112
       -0.5323602240        0.3961875689        1.5785548235
       -0.3639813927       -0.3071357766       -0.2450300673
        0.7653044745        0.7211665688        0.5944592454
       -1.4148556574        1.2898105541       -1.3180631400
        0.7047690387       -1.1769360237       -0.0689395596
        0.7237071917        1.6197827940       -1.5864397902
        0.3667271920       -0.9550050112       -1.5176243561
       -1.4673133775       -1.4678040012        0.8308012030
        0.1534824042       -0.5195909304        1.2065148956
       -1.5142470902       -0.5177909872        0.9701514918
        0.8927810182       -0.9373993465        1.5598095696
        1.1032229805        0.5964801056       -0.7435284304
        0.9754891235        0.5824926181        0.1048480555
       -1.6572386074        0.5184199648        1.6318133484
        0.6074798581       -0.7068936242       -1.0464539655
        1.0870058866       -1.4069050263        0.8037217814
       -0.6898650066        0.2965880464        0.4022683597
       -0.1965367485        0.1681850103       -0.2130606842
        1.4461300194        0.4586431673       -1.5909982181
       -0.6015875417        0.6699355274        1.2620811217
       -0.1901794098       -1.0801136673       -0.0869275108
       -1.0556236325       -0.4662389749       -0.0581789763
       -0.2805972526        0.2630063154        1.3423508229
        0.2426352894       -1.3300675089       -1.6486897621
       -0.5932810999        0.4995390541        0.6835952479
       -1.2294320646       -1.0966728104       -0.6851745935
       -1.3118143886        0.0450401462        1.1073971974
        0.8602077380       -0.1800126450        1.5276643620
        1.0211945379       -0.5078986894        1.1834496813
       -0.0490849572       -0.6326810529       -0.7444752851
       -1.3095752989        0.8696143158       -0.1366702643
       -0.5476804353        0.1687398466        0.9703046523
        1.2447008407        0.3014246579       -0.0632732883
       -0.1947645199       -0.0226248490       -0.3348806818
       -0.1034220091        0.5362812362       -0.0610822237
        0.5741455182       -1.0738188152       -1.3557254105
        0.9403508222       -0.0435694089        1.0308537285
        1.1212484926       -0.8741268349       -0.3177618549
        1.3215023198       -0.5969001934        0.7953398854
       -0.5146908677        0.1106294068       -0.6906793647
       -1.0886204784        1.6343794986       -0.5066838573
       -0.1153276451        0.8255050425        0.7809463731
       -0.2518123621       -0.8678528660        1.7102544981
        0.4178511237       -0.8035393626       -1.2305343638
       -0.7773521100       -0.0275046932       -1.0586969278
        0.0596643089        0.5630913624        1.5864371866
       -0.7470843759       -0.4082770546       -0.3136662410
        1.3052184050        1.3287825667       -0.3107957637
        0.5816257489        0.5137889265       -1.3233751185
        1.6526728754        0.3867316690        1.1445307767
