        0.9255320941       -1.3564269985        1.0871517462
       -0.0322565944        0.1410068364       -0.6790242911
        0.2604410121       -1.2993619091        0.2674411752
        1.4068211452       -0.5555864884        0.3629763423
        1.0655147253       -1.0551610992       -1.1642971701
        0.3674862708       -0.7483272438       -1.1444487087
        0.6269673291        1.5501575169        1.7273715990
        1.1742674144       -1.5200656025       -0.1440016238
        0.4563945038       -0.0108604671        0.0068307482
       -1.6105401924        0.7012840485       -0.6093769452
        1.3759501431       -1.1436261029       -0.2872975600
        1.1014499422        1.2944165780        1.4758442286
        1.6016527676        0.9628051144       -0.7011725027
       -0.4025511841       -0.0898535464        0.3673954098
       -0.3572136997        0.2177000912        1.1677548715
        1.3325771620        0.5475693283        0.3475598339
       -0.2968326147       -1.3283038218       -1.5146376519
       -1.3766215677        0.6490165804        1.4090412988
        0.3964497974        1.1584674548        0.4524686943
        0.9590546921       -0.0859719293        0.7941266550
       -0.2158341029        1.6073078747        1.6643383454
        1.0469129839        1.0169786223       -0.6075082857
       -1.4810785171       -0.4343198398        0.1797500794
        0.4890324677       -0.6146326880        0.6417101126
        0.5942188099       -1.0155124920        0.4823362139
        0.7147687204       -1.3107457160       -0.7514440572
       -0.3998416989       -0.5594293331       -0.3865178819
        0.5207857779       -0.0692339548       -0.2900014317
       -1.3526655491        1.4899601461        0.0305822632
       -1.6785269974        1.1717370992        0.8307954411
       -0.0630903597        0.4251215435        1.3090581397
        0.9382994939       -0.1805701801       -0.3445814726
        0.0551878651       -1.3368095715       -0.6293043064
       -0.9382123737       -1.2404431378       -0.1514266398
        1.5777513652        0.5970901389       -0.0897960572
        1.2388675137        1.2074197484       -1.1688811414
       -1.1202903898       -1.6471717127        0.4046080567
       -1.0685064140        1.1459710684        0.2161387720
       -0.6164344120       -0.0045694074       -0.3706564875
       -0.4306689973        1.4585684779       -0.8152471409
       -1.3923512140       -0.2112636833       -0.0621158791
       -1.6778599798       -0.6638458453       -0.2304007152
       -1.4238497805        1.4735341770        0.4461154174
       -0.8367839255        1.5459250703       -1.2869944689
        0.5443345183       -0.6655533273       -0.4934438036
        0.8264670103       -1.1982535802        1.3792353318
       -0.4845272220        0.0896042969        1.7185379903
       -0.2084140085        1.5902220598        1.2258220706
       -0.4650836208       -1.3227571891        1.6005437772
       -1.4441095529        1.6202510022       -1.6572186501
       -1.4277577992       -1.4968667882       -0.8046311073
       -0.5836324122        1.0201478631       -1.6842980121
       -1.6474902624        1.1468129894        1.4235514623
        0.2557965900       -0.7570174787        1.1719504604
        1.2053360258       -1.6533392365        0.2245262090
        0.9683673828        0.6538768415        0.3230640323
       -0.2174502836       -0.2507402520       -1.0556432187
       -0.4910769678        1.3506089604       -0.6482966821
        0.0212572629        1.0240892810        0.4683516203
        0.2231831033       -0.9945466732        0.6465725159
       -0.9597875451       -0.5877951730       -1.4186134240
        0.4176842712        0.6141805043       -0.7003245003
        1.0012153059        0.0834902973        0.7755993258
       -0.9047840273        0.6634110847        1.0067913276
       -0.6117032052       -0.9929980862       -0.3555825317
       -1.2867222150        0.7009437316        0.2047588768
       -0.9204294440       -1.4437928872        0.7227472225
       -0.6721223980       -0.6496971496        0.8444986281
        1.4958651591        0.0163403579        0.5578244086
        1.1805631198       -1.1800002663        1.0851330492
       -1.6895709198        0.9089350076       -0.0597121840
        1.3181987370        0.0462904891       -0.2772303637
        0.9328952509       -1.3800347364       -0.5730861967
       -0.1393987406       -0.8729645058        0.4112181082
       -1.3917949452        1.2616927829       -0.2827297246
