        0.9565550693        1.1128007064        0.2766296380
        0.3722233396       -0.2784390226       -1.6450374646
        0.3685092669       -0.8783816535       -0.2051206866
       -0.7688905850       -0.3782252386       -1.1496777853
       -0.7896441153        0.4691292207       -1.3819044267
        1.7222103548       -1.2398174042       -0.5753584518
       -0.2308598174        1.0406325722       -0.0745458430
        1.2079687437        1.2789734680        0.1055042992
       -0.4657381854        0.1242709832       -0.2098483479
       -0.9249966633        0.1269091211        0.9825834043
        1.3388315221        1.0586603718       -0.7210146036
       -0.2671419003       -0.6512299799        1.1448480473
        0.5464400565       -1.2142800333       -1.0226446356
       -0.6822732189       -0.2353131310       -1.6233414431
       -0.8891393978       -0.1565124701        0.9068775269
        0.4899575165        0.4690784387       -1.1059085677
        1.3223885736       -0.6649936920        0.2480768481
        0.6846473008        0.0306382377        1.1065388680
        1.0962523952        1.0821360905       -1.3571704818
       -0.4939563977       -1.1628177979       -1.1772615066
       -0.6527087585       -1.5966775442        1.5146404425
       -1.1555993988        0.7337113611        0.3521108238
       -0.1692092888       -0.3792848084        0.3595356462
       -0.0743539683       -1.0627002096       -0.8584360772
       -0.2912064321       -1.3507590495        0.9913751676
        1.5106439051       -1.2847815678        1.5938025438
       -1.0398969624        0.6873964279       -0.7914693018
        0.2928771387        1.0357269428       -0.6428180254
        1.2838244619       -0.4092699035        0.7001064805
        1.1060078442        0.9277938962       -0.6928036792
       -0.7149046190        1.0513633261       -0.8045272142
        0.3045700055       -1.0341049759        1.1573770796
       -0.9084635507       -1.1208522561       -1.5784424132
        1.5665705715        0.2208133639        1.7118415026
        1.5263945926       -0.8309341094        0.4145903605
       -0.8635695213       -1.3223447522       -1.5943040882
        0.5587165196       -0.8424854882        0.7625922341
        0.1568520240       -1.2519589591       -1.4439980426
       -0.8436637740       -0.4342334874       -0.2863265218
       -0.1023257396        0.5728223826        1.5587889737
        0.7891189825        0.6998801096       -0.1538125941
        0.8735385703        1.2130237025        1.1357773519
        1.4426897185        0.6903847452        1.1676294886
        1.1643617843        0.7376879477       -0.2724343813
        1.1787266448        0.3016565391       -1.7159664056
       -0.3374131941       -1.6540470800        0.3437887301
        1.0277130508        0.1519282133       -1.2040833568
        0.2526580045        0.3687523995       -0.8998776897
       -1.4252071235       -0.5654984434       -1.3002844834
       -0.2882975018        1.0077632547        0.0233215912
        1.2410565812        0.3238691021        0.3747550389
        0.7712018689       -0.6735001160       -0.1189168027
        0.2131654016        0.5225014383        1.3639702045
        0.7142844958       -1.5033110857       -1.0388700610
        1.5562212104       -0.4134980270       -0.0643069292
       -0.3384178122        0.7135211375        0.4590043916
        0.4873569186       -1.2138811303        0.1840791038
       -1.3553546061       -1.6467769537       -0.0068551931
       -0.5700341943       -1.2169752313        1.0630666813
       -0.4592830801        0.5048351034       -1.6057447859
        0.8620474650        0.3464654033       -1.2286049421
       -0.0659808991       -0.8109544564        1.1624940765
        1.4842246970        0.7184854999       -0.7861782258
        1.2647323548        0.6137443355        0.2666825723
       -0.8935627481       -1.0784327078       -1.5057724717
       -0.0674877730        1.1530582000        0.6291759796
        0.3944508882        0.9630171109        0.7898352626
        1.0782220840       -0.4284541298        1.1403634235
        1.3286661510       -1.5925896457        1.3770893742
        1.1322907761       -0.1464772986       -1.6739051925
       -0.4306133890        0.2458812846       -0.7544127593
       -0.1107810122       -1.3280384333       -1.6262386123
       -1.1352415647        0.8065441980        0.4719116309
        0.5615273332        1.2929887185       -0.1951633116
        1.2950486011        0.1093459373       -0.8744181169
