       -0.9247802097        0.5778845407        0.7424374519
       -0.5560423467       -1.7072359465        0.2387760427
        1.6792790108       -1.0476322627       -0.8354533729
        0.4242100915        0.4938407870        0.4522361388
       -0.4408018725       -0.4022234478        0.9765283054
       -0.6847680266       -0.3608744998        1.6359319377
       -0.1678903973        0.6429625477       -1.4413597256
        0.3998423893       -1.2979049606       -1.3414548292
       -1.4580029144        1.1597870190       -1.6781936169
        1.4010245468       -0.4210659167       -1.0315759076
        1.5089092585        0.7945314845        0.9699236127
       -1.1506580231       -1.4609920690       -0.6611436883
       -1.0662717458        1.1803363537        0.9960113452
        0.5335570185        1.1562832153       -1.6780415307
        1.4236747255       -0.9968532630        0.0120606862
        1.3716113208        1.1512563679        0.9040613142
       -1.1222078327        1.0862506116        1.4052853743
       -0.9641019855        0.8414640052       -1.7173806667
        1.0088240118       -1.5927584355       -0.2060964383
       -0.3130229198       -1.7255002198       -1.0364887896
        0.1404856476       -0.0625760266        1.6064764356
        0.4730712047        1.0862568914       -0.6928251351
        0.7434418151       -0.4703141234        0.0419377973
       -1.3750214778        1.5655771241        0.8565892333
        1.2254722267        0.3047377935        1.5208804622
       -0.0083498881       -1.6315209018       -0.0315519077
       -1.6670518504       -0.4865871772        0.8159369662
        1.6915961885        0.1323044097        1.6452842073
       -1.4305776156        0.7985168739        0.0759697101
       -0.9257041390       -0.6594811505        0.8707132404
        0.3864731055        0.0406400164       -0.0835259516
        0.6732258619        1.7122096777        0.0298230005
        0.1878970100        0.6113259483        0.9941406484
        0.6999358502       -0.1239848406        1.2512521076
        0.7751852064        0.8469036717       -1.4026601492
       -1.0291109487       -0.2853653509       -0.7667334777
       -0.4500167627        0.9641901187       -0.1447601009
        0.9333263772       -0.9333866167       -0.8595151156
       -1.7267452491        1.1511853222        0.4108303226
       -1.1836822561        0.2629559610        0.0515894015
        0.5914696328       -1.2811468982        0.6087378858
        0.8336898503       -1.2976362152       -0.4657199299
        0.8359292416        1.3551178339       -1.4665164796
       -1.0595644374       -0.7192498922       -0.5668128876
        0.5104133173       -0.1110691938        1.4873475419
       -1.4722399804        1.1320839108       -0.6299433191
       -0.9611217514        0.1712764691       -1.1415169805
        0.8130290940        1.2564287424        0.9643082523
        0.8928815061       -0.1620546861        0.2389918849
       -1.3008881273        0.6118997112        1.5147877603
       -1.6212644745       -0.2672510586        1.2816993633
       -0.3934748639       -1.3058468196        1.0032434927
        0.6197213557        1.7308216301        1.5759571856
        1.0376679110       -1.3976479359        0.1314154330
        0.6936151595       -0.8967318856        1.0988171194
       -0.8014151851       -0.0248264568       -1.2756261606
       -1.0026846640       -1.3758837367        0.9121567160
       -0.8692402335       -0.5507251546       -0.9579369007
        1.6492462455       -0.0091961048        1.7234026019
       -0.6050507486       -0.8594769045        0.0402941166
        1.3826398122       -0.3655729268       -0.2403171933
       -0.8462868521       -1.1451821134        0.8880506647
        0.2311481619        0.0757022988       -0.5272066775
        0.7332103215       -1.3131636887        0.0777174664
       -0.0197529055        1.5144100373       -1.6062267490
       -0.1090828846       -1.2040938855       -1.5901748138
        0.0088850334       -0.9701915692        0.0754004962
       -0.4097454384       -0.5413216852       -0.6163389666
        0.1299124257       -1.4958230847        0.0312811347
       -0.5177793971        0.5666730336       -0.1958056602
        0.3743870928       -1.1628278862       -1.1218238541
        0.1949882760        1.1996107796        0.0581089033
        0.7099986073        1.2583357888        0.8798693993
        0.6115761495       -1.3733867610        0.5092416790
       -0.4674447237       -0.8834719408        0.0424279856
