        0.1739094306       -0.8059635876       -0.9066230510
        0.9693871544       -0.5503365802       -0.7133732035
       -0.4077407995        0.3075805432        1.5378952378
       -0.5024955192        1.0665801443        0.7421716891
       -0.8493826388        1.0288419984        0.8910801757
        1.2048108027       -0.1823800438        1.3488891140
        0.5711217466       -0.0112546131        1.4729469287
        0.0375461186        0.5582352663       -0.1439193897
       -1.0360415436        0.8200073577       -0.3555914005
       -0.1672309515        0.0630454446       -1.7238429325
       -1.1927017808        0.0075477897        0.3992600577
       -1.5581049750        0.1354250414        1.0172172495
       -1.2447429280       -1.1627830485        1.6674355694
        0.7805111157        1.0027253157       -1.1650142825
        0.1501380471       -0.4166189313       -0.0499774827
       -0.9102555961       -1.0477948355       -0.4103066336
        0.4003708757       -0.5236849651        1.2826795639
       -0.6305541074        1.5812205341        1.5195239951
       -0.5143707581        1.4911518771       -1.1930709818
       -1.2927170341        1.3811905776        1.2885951912
       -0.9855873832        1.4259429591       -1.1561985405
       -0.9761350111        1.0933278130        0.4685336552
        1.3693064215        0.2790265177       -1.2641922879
        0.7251138519        1.0732305361        0.2994206885
       -0.8581985986        0.2085099120        0.0841169649
        1.5666158560        1.3683003855       -1.3325563837
       -1.3160587415       -0.8326186967        1.2139406794
       -0.7949037069        0.8932812560       -0.6847370810
       -1.0140743248       -1.1094333917       -1.5368269814
        0.7089958313        1.6340240008        1.5041820006
       -1.4985158308       -0.7104553366        0.6948767425
        0.8970099095       -0.4127982780        1.1683404116
        1.0119801348       -0.3562230462       -0.1462256343
       -1.6589608282        0.3989610248       -1.6947591140
        0.8024200339       -0.2267038946        1.6983700178
        0.2753196249       -1.0731459017        1.3068662830
       -0.0078817445       -1.7161303770       -1.2169228556
        0.7752793597       -0.7664989075        0.1032368722
       -1.5861907359       -0.0483826304        0.4744993756
       -0.3888039628        1.1391091688       -1.5661912176
        0.5337553312       -0.6015543441        0.5667736700
        1.1177417805       -0.3526226695        1.3887525472
        0.4429600089       -0.1447659742       -1.0818270338
       -1.3974038193        1.1480894435        1.6377591196
       -1.3280577662       -0.4826030671       -1.1460439804
       -1.3667225675        0.2887713735       -1.4601709553
        0.0159858248        0.2455095364        0.5333556264
       -0.2066504439        1.3199086080       -1.2144162175
        0.1490304505       -0.8575146611       -1.6014651062
        0.5486579243        0.4335481321        1.2400364451
       -0.0383304375       -1.1973325303       -1.4359164828
       -0.9869665062       -0.4027689153        0.0660892606
        1.6365648835       -0.2135134469        1.2572168762
       -0.1011252656        1.2615543129       -0.6793489964
       -1.5261693992        0.9369419251       -1.0418980121
       -0.5337084916        0.1741116276        0.9476254878
       -1.1828483006       -0.8717402693       -0.8931986944
        1.3170936665       -0.9758132304        0.3477813848
        0.5259219610        1.0938231776       -1.6478673128
        0.5490876262       -0.6230073993       -1.2823946392
       -0.8226489041       -1.1976532126        0.2526961043
        0.7791720201        0.2093131300        1.2461422083
        1.4019789605        1.5549378668        0.6183314669
       -1.3438572629       -1.6529756410        1.3845713568
        0.0949987306       -1.2595193075        0.4385597244
        0.0603214302       -0.3234358143        0.4467688608
       -1.2757832973       -0.8102968544        0.0748442581
        0.6991199678        1.3433671940        0.6539698333
       -0.0556455946       -0.1396596011       -0.2574726165
       -0.1233799982       -1.6020424808        0.8901214986
       -0.0462708480        1.2332707814       -1.1292745731
       -1.7153805348        0.5666370744       -1.2509735062
        0.6414524524       -0.8779423908        0.7839313013
        0.6849740386       -0.0776303349       -1.5367495107
       -1.3960609249       -1.4790162761       -1.0305849815
