       -1.0756440469        0.1623197633        0.5102144126
        0.4431132097        0.3168038215       -1.0501033804
        1.3960458488        0.3020806033       -0.2427636242
        0.4240671114       -0.4147570984        1.6389184548
       -1.7038927605       -1.4242700716       -0.7649331829
       -0.9509114539        0.7968334125        0.7369947834
       -0.9560518360        0.7875619848        0.2220079033
       -0.3830828784        1.0604825918        0.0013855439
        1.5221354702        0.4024262594        1.5912372792
       -0.6340114878       -0.0370502410        0.1404194058
        0.9823421849        1.3028341058       -0.4819094817
       -1.2335744164       -1.0764974467        0.5834705636
        1.6041855170        0.6738223016        0.4493912517
        0.1976456646       -1.4597671017       -0.0878327604
        0.3894622649       -0.2545065551        1.2909656484
       -1.3042687887        0.3101489647       -1.4188190521
        0.0795513701        0.1465069457        1.5002841202
        1.6517886847        0.7281112332       -0.1298243651
        0.9757530263       -1.5380394810        0.2596146704
        1.4334548082        1.0788058964        0.0722005985
       -1.4619005190       -0.7517725050        0.8348902242
       -0.9729266640        1.1772461176       -0.0105115605
       -0.1233466490        0.0383408759       -0.3503537245
        0.7837101907       -0.2027318498        1.6541942301
        0.3828478564       -1.5543633555        1.0398944589
       -0.2378725304       -1.3946353769       -0.5524973508
        0.7832436247        1.6576817238        0.4408399674
        0.4259138586       -0.5160218478       -0.9358769433
        1.3617900396       -0.7033052054       -0.5053953646
       -0.7852070876       -0.4979164598        0.9091517450
       -0.9618745310        1.2516327955       -1.5252516481
        1.3312486725       -1.2967150701        1.2016489322
       -0.5748746321        0.8242297643       -0.1127096451
       -1.1125590336       -1.6038109814       -0.5385365440
       -1.6228786711       -0.2520617567        1.1344616172
        0.2858250806        1.1135226016        0.1709314516
        0.7107336928        1.6872240235        0.5525778864
        1.6051032972       -1.4522633310        0.5776980682
       -1.5973036247       -0.5351675468        0.1943304966
        0.6021070819       -1.5456964379       -1.2220198453
       -0.1426372752        1.1336930551       -1.4268681725
        0.9030848802        0.6142928421        0.6533515442
        0.9729069907       -0.4638905316        0.1709357634
        1.1771367689       -0.6346122748       -0.4757143901
       -0.9014539736        1.3969837492        0.5138253519
       -0.0798941276       -0.8468102185       -0.0388453610
       -0.0610043497       -0.3676860691        1.3938188138
       -1.4240728365        0.0403700854       -0.8371385103
        0.0739718447        0.3870190069        1.2908242523
       -0.1463668627        1.3889418797        0.4232762885
        0.0643621649       -1.5408793546       -0.3227171953
        1.7109346367        1.0881691691        1.1018995819
       -0.8056647773       -0.9543839684       -0.6959142694
       -1.2269225777        0.8752284405        0.5209940756
       -0.9141043415       -1.2925099704        0.5225844999
        0.8728480531        1.5800961403        0.9054977974
        1.0222976695       -0.3358928524        1.4401202631
       -1.5666611679        1.7052933426       -0.0105595792
        0.2575178817        1.1046681614        0.3653009279
       -0.1836522926        1.3049752692        1.4920240340
        1.6147800092       -0.1870803404       -1.6084093706
       -1.6285393756       -1.3055100531        0.4811112869
       -0.1708048992       -0.4647930777        1.0030991043
        0.6857041364        0.2817842507       -0.6424800362
        0.5390390208       -0.1877195563        0.7939886593
       -0.1852260165       -0.6628993262        0.1661562734
        1.2435310849        0.9352016424        1.1449854332
       -0.5572339744       -1.2747726495       -1.7276295914
        0.8381821169       -0.7981804316        1.2246325512
       -1.1807220696        1.4202934592       -0.0935395415
        0.9946517472        0.6074107449        1.0845709813
       -0.5627320771       -0.8406098730       -0.2663469688
       -1.1115553383        1.7310397548       -0.9944246826
        0.4011868178        1.4993592456       -1.4043060754
       -1.1744296259        0.4733311926        0.3645702896
