       -0.3381614812       -0.6656689558        1.1107352957
       -1.4925281997        0.0444131495        1.2501007056
        0.5609443725        0.9243307425       -1.5262818322
        1.6699559931       -0.4898488695        1.1500772804
       -0.6822993285        0.0232499068       -0.8200587284
        0.0845104980       -0.5784550838        1.6111556442
        1.2795899183        0.9332783633        1.2914961028
        1.0714680539       -1.3616577350       -0.8131038531
        1.6386404970        1.5777719499       -1.3124488378
        1.6395046449        0.1118524271       -1.1156025431
       -0.0964275322        0.6662637615       -1.6787162090
        0.7990897511       -0.0205152023        0.1876282162
       -1.7271519112       -1.5259548185        0.1142791734
       -1.3850587898        1.3701509154       -1.5975302359
        0.1399812061        0.5391340710       -1.2689542017
        0.5420226182        0.1573392651        0.8192401602
        1.4857242571        0.9249295245       -1.7007152736
        0.0797731485        1.0229927615        0.4782742460
       -0.8345476813        1.6903200570       -1.2211022265
       -0.0954393645        1.3231479330       -1.6221161483
       -0.4263941811       -0.1894142997       -1.5454827637
        1.5097758164       -0.1164292975       -0.4965602331
       -0.0847012081        1.1458875099        0.1725596514
        1.7282948830        0.6340043079       -0.1703506718
        0.3630775271        1.1603768693        1.7215207634
       -0.0118288615       -1.4933753069       -1.2284682385
        0.1338339880        1.4227810805       -1.2356117157
       -0.8284242305        1.1229285181        0.6376691407
       -1.3538828138       -0.8634940074        1.1382571175
       -1.5458464028       -0.6670475658        0.7570099826
        1.1349605307       -0.4787671877       -1.5030476797
       -0.2444965157       -1.0948993544        0.9293640632
        0.3902090921       -0.8670695440        0.0862768709
       -1.6400879008        0.6998541677       -0.6785573283
        0.9490991480       -0.7099121775       -0.7056266761
        1.0999679196       -0.6904989622       -0.7494946089
        0.0147321766       -1.1077600445        1.7302566280
       -0.6251489417        1.1030260841       -1.2824195584
       -1.7112689625        1.4231140949        0.1703516848
       -1.1016512632        1.4625100361       -0.6841341469
        1.6524772711       -0.8588837700       -0.0698999949
       -0.2580650752        0.9541891255        1.6163851273
       -1.1034348722        0.3677005015       -1.1280041633
        1.3682285478       -1.4736012835        0.9409518690
        1.2228099472       -1.6191767724        0.4679276352
        0.6649797548       -1.3430589487        1.3017906766
        0.9397994831       -0.6083062756       -0.3480923337
        0.2578148724       -0.4380514985       -0.4756473836
       -0.6814161186        1.5687655495       -0.7481002341
       -0.4877983864       -0.2407662572        1.0508248256
       -1.1007973908       -0.8231500001       -0.3238911822
        1.5329503794        1.1010431188        0.4797758144
        0.0211820361        1.4828470000       -0.0149527371
       -1.5354617843        0.7990922320        0.9600564583
        0.6895235009       -0.7959856456        0.4680796842
       -0.8124101177        0.2723906454        1.2586771671
       -1.2397079861       -0.8364478204       -1.6320445069
       -0.8541632193        0.8768730230        1.4162279892
        0.5175186769       -1.4727576655       -1.0934531668
       -1.0365025848       -1.4032070104        0.2296918909
       -1.0154395332       -1.5997747537       -0.3311220505
        0.4083800783        1.1106812908        1.3951146203
        1.4224105890       -0.2380368873        0.0404851784
        1.3117189384       -0.4707775084        0.7680594733
        1.6429922177        0.9651968806        0.8262834139
       -0.7676795662       -0.1403121864        0.9750578730
       -1.6907872941        1.3166264536        0.9700778684
        1.6583520434        1.3880477556        1.3144572562
        0.7978384452       -0.2388014328        1.1544734935
       -0.5703361663        1.4015766861       -0.2666044838
       -0.6678477560        0.0008701414        0.8028586820
        1.7259308072        0.3924821392        1.6554467684
        1.1620239907       -0.8280015553        1.3580901380
       -1.7279282323        0.9110872610        1.5071043906
       -0.3494949643       -0.2534175962       -1.7259609173
