        0.7227527313        0.6146715297        0.8333840972
       -1.5202355472       -1.0001210302       -1.1193301916
        0.9533410070        0.3935808800        0.8271088281
       -0.5763067260        0.7093520937        0.3260248528
       -0.3318481269        0.1554296748        1.1429615227
       -1.5853609083       -0.3590274606        0.3994738900
       -1.0676293742        0.2904829092       -0.2217070492
       -1.4101997871        0.2221277694       -0.3532873126
       -1.6963257193       -1.2131179107        0.8293819042
       -0.1678687947       -0.4512601080        0.3739269163
       -0.5900722141       -1.5921173129        1.7104113154
        0.9633102415        1.7267752415        0.4079694820
        1.0548502085        0.7088379268        1.4692992673
        0.8597305045       -0.3351379871       -0.1041022170
       -0.1292582241       -0.0349229293        0.2912149153
        1.1241212654        1.0860987577        1.1648244789
        1.5667901287       -0.8557202461       -1.4776905128
       -1.4725936764        1.3487196516       -0.1232347677
       -0.3264999101       -0.3590274171       -0.8206186234
        1.5807427861        0.0732633317        1.3108560132
       -1.6697133896       -0.2746456306       -0.2296948767
        0.6680102401        0.9630206452        1.2859874344
       -1.2992097246        0.5964974238       -0.7090549094
       -1.3571204096       -1.6226336221       -0.2912100680
        0.0947708337       -0.7525765956       -1.4835123368
       -1.1497845257        1.2270794128        1.4158835879
        1.2052386253        1.3665089611       -1.1198455748
        0.7694923448       -1.6206693656        1.0509344566
       -1.6861338902       -0.7805012677        0.6925430478
       -0.6733404547       -1.3874215364        1.2115809025
       -1.7072837781        0.1211131196        0.5287384269
        1.3236917761       -1.1647799058       -0.8176496262
       -1.3435489692       -1.5409076774       -0.4672602272
       -1.5164993654       -0.3094896528       -0.3987237768
       -1.5486741830       -1.4688597029       -1.5257913229
        0.1068624890        1.6861086388        1.0608324034
       -0.1242775130       -0.1857545174        1.1593881208
       -1.0587860257        0.3792225671       -0.3208084874
        1.5271845218        0.1895770161        1.5881756208
       -1.2101146916        1.6783390441       -1.0838350376
        1.6531069068        1.0741303754        1.6949168186
       -0.8326074421        1.6728295352       -0.0103370120
       -0.3470310168       -1.6027100194       -0.0687974489
       -0.0074449563        0.1544669553       -0.6570387330
        1.5362570674        0.7059640862        1.4509042379
       -0.0775991843        1.5140086807       -0.8000412192
       -0.5290794778        1.4880314632        1.4461891604
        1.0475959228        1.3372452515       -1.3169486651
        0.5972902357        1.2687288648       -0.4116587146
       -0.4197221625       -1.6937645875       -0.9370906092
       -1.3999701018        1.5306403359       -0.8535763549
       -1.4998139634        1.6332166598        0.1100626416
       -1.3465675353        1.1592580729       -1.4178189216
        0.6150795790        1.0535314976        1.6882203180
        0.7632650266       -0.1461602490        0.2645617097
        0.9968203865        1.2775744668        1.6805254242
        1.6922532598       -0.2268760734       -0.4306371386
        0.8856514830        0.3869539249       -1.4065246658
        0.5579566391        1.0190870447       -0.7958751952
        0.0492970409        0.7312160823       -1.2130087491
        0.5903647978       -0.1268250077       -0.1391672546
        0.8212027617        1.4262773850       -1.0838354360
        1.4757026808        0.8859707974       -0.9775837780
        0.2723945862       -0.7154574035       -0.7847140135
       -0.7932827466       -0.8689355677        0.0835437861
        0.6239939474        0.9436233948        0.5673602940
       -0.8658121922        0.4523229815        1.5647136618
        1.5429472237       -1.2373883108       -1.0430698311
       -1.0472849498        0.3937583659       -0.0165967453
        1.3496985521       -0.5374454913        0.8941703101
        0.9853717185       -1.1254113227       -1.6616514870
       -0.1001648028       -0.0590014740        0.8995821733
       -1.4640956373        0.4514429478        0.6784426209
        1.6306853638        0.8697122663        1.3491102230
       -0.9047118847       -1.5106948144       -1.5136549477
