       -0.3370537684       -1.0565454325        0.8874578254
        0.3426244298       -0.1836630132       -0.0125928037
       -0.6645014696        0.6300186830       -1.0864147427
       -0.9178839415        0.7300967084       -0.7453607339
       -1.4193506147        1.6876686691       -1.2679754512
       -1.2309118126       -1.7280907455        0.0607285310
       -1.2455566472       -0.9932181999        1.2961486791
        0.8511914492        1.1519080482       -0.7649841778
       -1.0346319992        0.5797073786       -1.2220588081
       -0.0964252900        0.8111670498        1.0538449161
        1.6561194206       -1.1751396084       -0.4839115041
       -0.3742054080        0.8259624752        0.0906295836
       -0.8976175974        0.6099427490       -0.4949608481
        0.3486741830        0.6560234894        1.0311038619
       -0.9932983095        1.2032444974       -1.3759319651
       -0.3199894175       -0.5045097157        0.4477008718
       -0.0929668288        0.7922947128        1.0955508588
        0.0199467982        1.2231999056       -0.7167002391
       -1.1377734672        1.0781855312       -0.0940637161
        0.4441342072        1.3065618059       -0.9754710390
       -1.2985397082       -1.4989955823       -0.7177471865
       -0.6882555929        0.6500010896        0.3017403880
       -0.3097240876        1.1786395907        1.6889718539
       -0.8590050185       -0.7720188853        0.6471914664
       -0.0084238987        1.6099033736        0.2897275857
       -0.9595945573       -1.1222729647       -0.8764575099
        1.2879739355        1.2858833653       -0.4619640828
        1.6625662039       -0.5253375275       -1.3475866745
       -0.8996028387        1.1286344071       -0.1948058169
       -0.4486546111        1.7127306810       -0.5928784207
        1.5382412312       -1.1935019532        0.4394481203
       -0.4517161615        0.8624326179       -0.5753604294
       -1.2949803235       -1.0052479622       -0.6479857220
       -0.1429942264        0.6690864685        0.6547564251
        0.2681461587        1.4251256346       -1.0753372760
       -0.7402805930       -1.2081816452        0.7825580741
       -0.0331923219       -1.3183546994       -0.8198664713
        0.0679046540        1.7013137749        1.1038515660
        1.3049263052        1.3172145794        0.6524631143
       -0.0637124510       -1.1461688245       -0.1930585220
       -0.5191767610       -0.5340346568       -0.3303911881
       -1.0929395677       -1.1426510400       -0.4783250134
        0.0701909559       -0.3775303466       -1.5592554914
        0.5832967394        1.5840879788        0.2161502556
        1.0119880471       -1.2613013614       -0.5934801369
        1.1570742721       -0.7518528130        1.3899748802
       -1.3981514676        0.2096481511       -1.7273866572
        0.4873982687       -0.7789239030        0.5651329267
        0.9318077648       -1.3642073283        1.4978545171
       -1.3012285813        0.4507134113       -0.0971583107
        0.7402814512       -1.7304609317        1.4928536229
       -0.8499277885       -1.3478679456        1.2187192000
       -1.1786208498        0.9713489284       -1.2300415140
        0.0607744284       -1.5345593833        1.2262076704
       -0.3071553128        0.9513951478        0.0478160814
        1.6684706992        1.0816239319        0.4480881588
       -0.2192563065       -0.0104694522        0.7633749996
       -1.4721104245        0.3399151285        0.4798435355
       -0.6268157559       -0.4741577360       -0.8494732740
       -1.3750258251       -1.0371670425       -0.8752692083
        0.7004416145       -0.9887643394        0.9808650065
        1.1329529222        1.7287482281       -1.6139850536
        0.0844668943        1.3328215125        1.1998591870
       -0.6465697171        0.4387357375       -0.0735553960
       -0.2323317467       -0.5593981148        1.4919578938
        1.6150012037       -0.3102992989        0.5641467689
        1.6080020682        0.0099308436       -0.4034790139
       -1.1030312154       -0.8479363497       -0.1957625679
        0.4433243400       -1.2952713893       -0.0266951115
       -1.2116909174        0.6351975713       -1.5851731356
       -0.9151552716       -0.2614218918        0.6308103689
       -1.6557831655       -0.8668052830        0.3949927892
       -1.1682395139        1.1987417489       -1.6015970544
       -1.6193878382       -0.9350905677       -0.8581044082
        0.0375793710       -0.7972774710       -1.6479023896
