       -0.1263210711        0.4160488947        1.3002647165
        1.0286632317       -1.1097936739        0.4175224227
       -0.8194583430        0.4028752668       -0.4843137188
        0.5123461652       -0.9461766080       -1.1940480079
       -0.9705144937       -0.4174645915       -1.5602271006
        0.4458991139       -1.4100277631        0.7995297236
        0.6438232516        0.5632440970       -0.3051072365
       -1.4873872483       -1.3550195414        1.0174097163
       -1.3131020425        1.5804725938       -1.7042926878
        1.3746130978        0.6316509995       -1.0669332660
       -0.8242116283        0.7781235306       -0.8094146576
       -0.3688733222       -0.0845183166       -0.5882259637
       -0.7546166049       -0.7652648552       -1.5541649105
       -0.2176855281        1.7066604576        1.4977046555
        0.6090509188        0.3747655756        0.9385812360
       -1.5791814572        0.5405624532       -0.5493654920
        0.5641272439        1.1840685866       -0.7290793840
        0.0404680311       -0.4961158392       -0.7839226792
        1.1822828242        1.2721572239       -1.2550510986
       -1.5216185287        1.6906054721       -0.2502526076
       -1.1053862804        0.4853617534        1.4447225817
       -0.5762149133        1.5642105430        1.3237472538
       -0.7496021187        0.7112942008       -1.1160556317
        1.5363042586        0.9286433068        0.4931172529
       -0.7477654727        0.9381677280        1.2170386003
        0.8699323429        1.1502920579       -1.5645341482
        0.1918287251       -1.3391303808        0.7624820385
        1.0879656251       -0.5174499735       -0.2065362269
        0.2322379403       -1.4679996926        1.0809382604
        0.2716991974       -0.0059346771        1.6278954414
       -1.0132211024        0.9482931313        0.1766060352
        1.4601933370        0.0663600400        0.1069591362
       -0.1372547365        0.3547160674       -0.6230431407
       -0.1275272361        1.1762472922       -0.3918962927
       -1.5234730317        1.5774516484       -0.0388824994
        0.7259763076       -0.8055483778       -0.2245475810
        0.3164712491        0.2894225408        1.7205184133
        0.9179140193       -0.8799832889        1.6196124218
        0.1430816853       -1.6293413434       -1.7045796370
        0.4912873964       -0.7522828440        0.3531359766
       -0.4396779868       -1.3438203019       -1.6905279757
       -1.3509789841       -1.3949895358        1.5797874143
       -0.7684037843        0.2609861053       -1.5673101318
       -0.1881705059       -1.1169980181       -1.1424736202
       -1.3767539015       -0.8518080527        1.6124608550
        0.7940341454       -0.1422396627        0.0145519403
        0.2513188621        0.9626545768        0.2177239908
       -0.0790018134        0.6873644708       -0.2442255862
        0.8408276912        0.5949017795        0.6194381812
       -1.5067163840        0.7148282147        0.6992165553
       -1.3747762965        1.2911588814       -0.1924968348
        1.1169469797       -1.4190373333        0.7328476568
       -0.3074428330        1.4999656108       -0.6166912172
       -0.7391792342        1.4541918236       -1.1130151936
        1.0959671236        0.7741637895        1.6545666121
       -0.7527031222       -0.2161001560        0.4990399342
        1.2823008472       -1.4309965178        0.2051437846
       -0.3915809949        0.5791597173       -0.7994595893
        1.3748028901       -1.5338196021       -1.4831713376
       -1.3352206409        1.2479148143       -0.9088212793
        1.1958082446        0.2174102642        0.9301868610
       -1.0325589876       -1.7276717868       -0.5493969845
       -0.2976366295       -0.9784734564        1.0679942344
        0.6134025007        1.7228774982       -0.9486843253
       -0.6128930101       -0.5074378386        0.2254020454
        1.6442793344       -0.9557769366       -0.7037847585
        0.7222787676        1.0704804733       -0.0691144936
        0.1599834634       -0.6030485439        1.3965794455
        0.0353685718        0.5612345866       -1.1332531955
       -1.6437851070       -1.1954719346       -1.0200301698
       -0.8833943379       -0.6683667590        0.8414199418
       -0.8127507201       -0.0232883985        0.1121071740
       -0.2860054830        0.1104227448       -1.2956310828
       -1.4166738011       -0.0605097287       -0.2715248086
       -0.3288552558        0.5244479911       -0.5322317601
