       -1.1779203361       -1.6392680470       -0.2718806919
       -0.3487584399       -0.9240674027        1.4667068058
       -1.5967061590        0.6764389612       -0.8253626318
        1.4366784652       -1.4547758990        0.7550235411
        1.1708240566       -1.1242680895        0.2440585209
       -0.5186722436       -1.2332959247       -0.3231669705
       -1.2067837393        1.4309353539       -0.8906897721
       -0.0845919223        0.9341790995       -1.6980798408
        0.3952484152       -1.0582029133        0.3941921296
       -1.5626103546       -0.7893341085       -1.5213556679
        0.0258718411        0.4671023049       -0.7876117376
       -1.6487695685        1.0226280481        1.1005298117
       -0.9872367566       -1.4378847512       -1.4399205373
       -1.0844211116        0.5585684210       -1.6068854527
       -1.5213190006       -0.3204978482       -1.5270205520
        0.0706762629       -0.2744219391       -0.3309041210
       -0.0993503642        1.2024589510       -0.8562505133
       -1.6925206082        1.0086010655        1.7089051706
       -1.3992275508        0.0336409583        0.5681401946
        0.1368383992       -1.6447351572       -0.1686813928
        1.4396059380       -1.1993467300        0.8944488405
        0.1587660422       -1.3045220225       -1.6948248833
       -0.8025105142        1.5052160061        0.9187512155
       -0.9475037731        0.1868077897       -0.2207894755
        1.6682000907        0.9123509862       -0.0614329370
        1.4848035573        1.5530400569        0.9684189197
        0.4480705470       -1.4902806687       -1.2270256385
       -1.5133207332       -0.5681229732        1.1794580493
        0.7027118790       -0.5305875406        0.0703688693
        0.3857683882       -0.9561457441       -0.2010906451
        1.4174775724       -0.9230046630       -1.1858225597
       -0.8229916648       -1.1386689108       -1.3243263027
       -0.7558852693        1.5619919509       -0.6923391522
        1.6085389153        0.8645442294        1.1053222823
       -1.2683248354       -1.3787594420       -1.6762021715
       -1.3030992491        1.3789465582        0.5547989110
       -1.1889238197        1.7015497550       -0.8837757872
       -1.1578022906        0.9596876944       -0.2268054584
       -0.7445242345       -1.5114126802       -1.4342386931
       -1.2379756511       -0.2342657577       -0.3632064862
       -0.9995482852        1.3561435239        0.2504470020
        0.1440755279        1.2327034709       -0.2946486639
       -0.2541965306        1.1387024810       -1.6033486482
       -1.6224691958       -0.1371435408       -1.1431697349
        1.0106335577       -1.3930475674       -1.0165228011
       -0.9121611052       -0.7446176297       -0.6643682681
        0.4406605297       -1.4075633993       -1.2624680007
       -0.6772947048       -0.0677312927       -0.2352271641
       -0.9888259937        0.3600946137        1.0265665688
       -0.2904260733       -0.6289247574        1.4334240738
       -1.3461775124       -0.2718385158       -0.7993954138
       -1.0992929414        0.0510981600       -1.2108389613
        0.0142581016       -0.5317627615       -1.1882999137
        0.7493866669        1.3458318110        1.4220531329
       -1.0305710782       -1.3643693382       -0.3000358660
        1.0291514019        0.0147924032        1.5146122617
       -0.1728354896       -1.2681957601        0.0454344599
        0.0580360107        1.5980400200       -0.0557716921
       -1.1917691714        1.0504349301       -0.0319436969
       -0.5825254689       -1.6526564718        1.1149981088
        1.5610738674        0.1904115765        0.5435139596
        0.3793006878        1.3972249445        0.2180547792
        1.6099625888        0.8763240502        1.2279856141
        0.0031594114        1.0787944467       -1.6551265346
       -1.2988372361       -0.9543907660        0.3246504852
       -1.0750144128        1.5351814940        0.9867888364
       -0.0199447851       -0.9756970550       -1.1611789597
       -0.2585915630       -0.7881690082        0.6882480323
        1.2991283712        0.6965900187       -1.0681746094
        1.5611636637        0.8137245022        1.4167091780
       -1.4654243526       -0.4219076425       -1.0437985804
       -0.2196199795       -0.2560068637       -1.0302018481
        1.2194953921       -0.2078088661        0.3753899849
        0.4297821418       -1.3742064374        1.1665393570
        1.2109521814        1.6589718618        0.6139593083
