       -0.3445676048        1.3739623950        0.7056423183
       -0.7960480402        0.9055720176       -1.3135969442
       -0.3971117870       -0.9042478577       -0.6763867823
       -1.0290563114        1.1488511549        0.7080562630
        0.0019566435        0.0762851644       -0.7665309129
        1.7083933717       -1.4413885614        1.0660086204
        1.1125647618       -0.9256718400       -1.7047469927
       -0.7590516259       -0.7781473915        0.4864821210
       -1.6316985878       -1.0801969467        1.1284007063
       -0.8045021434        1.0251956178        1.7081971610
       -1.3396121535        1.6512548461       -0.4037257195
        1.7221591211        0.9695255791       -0.9708890018
       -0.8789200621       -0.8180222647       -1.1480122471
       -0.1610427704        1.5354571579       -0.9549564085
        0.5191069219        0.0213146941       -0.0911472042
        0.4071598826        1.3343227018       -0.6799589023
       -0.0982476391       -0.0795189339       -0.0791376040
        0.1493101617       -1.1045424091        0.3112652640
       -0.6322070682        0.6805161229       -0.4862606200
        0.4846066171       -0.8286936824       -1.4419315544
       -1.6650662671        1.4335966011       -0.7695751644
        0.5374760417        0.1389505542        0.6587365767
        1.2098565749       -1.3534864789        0.7568959753
       -0.1598008349        0.6418529056       -0.8189746781
       -0.4718237396       -0.2170262421       -1.1285801441
        0.1168826587       -0.3569931456       -0.3175889760
        1.5122052872       -0.2630252564        0.0710078803
        1.2978740020       -1.0938808830       -0.4792888701
       -1.3851796722       -0.8687286427        0.3295216153
        0.6685014414        0.4660096327       -0.6129942998
        1.7089353453        0.4626692809       -0.5076320347
       -1.3155520916        0.8766061520       -0.8255218058
        1.6339627789        1.0575376701        0.4041589541
        1.2049009894       -0.4905568179        0.5522682554
        0.0219449476       -0.0175485925        1.4463175921
       -1.6856126273       -0.3809081222        1.4796725473
       -0.3455015676        0.3493791649       -0.4575362707
        0.9149138199       -0.1480198139       -0.1098556682
        0.6103615157       -0.1904987242        1.1411125236
       -0.4118773749        0.2252955680        0.3012293327
        1.3644754010        1.4221870346        0.3633864725
        0.2795468547        0.3853726662        0.6301371554
        1.4116429194        0.1257649862       -1.3717844159
        1.6443419210        1.3364255428       -0.9116199012
        0.2954282451        0.9565331376        1.5932716039
        0.4093553477       -0.4431515998        1.0221974880
        0.0692259539       -0.8821645878        0.9102310851
       -0.7588469480       -0.5440525875        0.3106716649
        0.7811141949        0.8301663151       -1.2722237062
       -1.1824803997       -0.2265938732       -0.6684178668
        0.3963460623       -0.7169104790       -0.0598617521
       -0.1853140271       -0.1494158696       -0.7952829479
        0.7838432358        1.6354407138       -1.2748543916
       -0.7942387411       -0.3398786176        0.0244022411
        0.5940375768       -0.2304656440        0.8947227494
       -0.0836342841        0.7419510044       -0.3671132628
        1.3129203706       -1.0092696721        1.6313412511
       -1.4720047472       -1.0171786981        0.4619158819
       -0.2697659752        0.8215931524       -0.0363630564
        1.3223165713       -1.1838720629       -1.5869987335
        0.0733302269       -0.0746204020       -0.4048733952
       -0.6418989886        0.0748214586       -0.1792632932
        1.6476282759        0.3685069473       -1.5069990794
       -0.3174251272       -1.3203286442        0.5061318922
       -1.4515097223        1.2839359834        0.4934833213
        1.6183410747        0.8814925744        0.6070745269
       -0.1403124654        0.1319987260        0.6985390912
       -1.5013481325       -0.6674388663        1.3774815877
       -1.2115812090        0.6299491762        1.4508021514
       -0.5704727037        0.6083699994       -0.5378394292
       -0.9690032903        0.4486978986        0.2174660774
        0.0553680675       -1.1533873172       -1.0560856109
       -0.2476252484        1.2231123998       -0.8839956186
        0.3570888104       -0.8847566072        1.6347123372
        1.4775545738       -1.6261722204       -1.0105397061
