        0.8978656499       -0.6182785137        0.3918123132
        0.5583008516       -0.2615853229        0.8198302992
       -0.5463678397        0.2383451681       -0.8888618901
        1.5000751579       -0.2331431786       -1.7136972364
        0.7176708144       -0.1084467078       -1.5303227621
       -1.2174528809       -1.1007131532        1.4818700482
       -0.4000425070       -1.3083862666       -1.3833406582
        1.4884378639        0.8785346801        0.5291002077
       -0.5195717184        0.0690703786       -0.3759693436
        1.5312845443        1.0247682565       -1.4588879342
        1.2435991963        1.5301209829       -1.7107045105
       -1.3296959979       -1.5666865613       -0.9728881368
        1.0981337159       -0.7470317809       -0.0676230861
       -0.3954112703       -1.6017876097       -0.3703276575
        1.4192794351       -0.6646592193       -1.1451213448
       -0.4338106364       -0.7491875396        1.0621791177
        0.2326975796       -0.1417387861        1.1022218450
       -0.5409024668        1.4346225314       -0.0572355608
        0.4941316625        1.4818909636       -1.1923772384
       -0.7712918459       -0.3158783662        0.3068196352
       -1.2002646134        0.2949366019       -0.1657572365
       -1.3836524103       -1.3082062997       -0.6678544406
        1.5536443928        1.0830755782       -0.5319177802
        0.9041364555        0.8002096960       -1.5686241421
        0.0257438902        0.4143932029        1.3657726432
       -0.5384760754        0.8981452337       -1.4278963240
       -0.0225025891       -0.4564015869       -0.9997608222
        0.0316230985       -0.4826093614       -1.4345744127
       -0.3790077798       -0.3351393147       -1.3847973389
       -0.9403509416        0.8936635747        1.3767965598
       -1.1157364077        1.5288080146        0.9447814379
       -0.8171368707       -0.1299437182        0.3581805648
        1.7104458599        0.1148646021        1.5684796407
        0.7894351820        0.6424716271        1.4035115310
        1.5435176554       -1.5231032887        0.4159025674
       -1.6778884897       -0.6027453638        1.4114372655
        1.5363662983       -0.2979673920       -1.5800540691
        1.1529773596       -0.5001770973        0.1844551895
       -0.5899792899        1.5658037918       -1.4448760132
       -0.2325752020       -0.6788309903       -1.2467070797
       -0.7441746181        0.1557703918        0.9719225089
        0.5279181843       -1.2204958290       -0.8278465301
        1.1566878706        1.6521476297        0.9794026832
       -0.2966646331       -0.7207596583        1.6795562362
        1.6618624883       -0.3157097668       -1.2588709550
        0.0597704378       -0.4923873567       -0.5933347193
       -1.6016097479        1.6382657098        0.8696235201
        0.6777245696       -1.2811181899       -1.5919294967
       -1.0226244557       -0.7449131686        0.8885242074
        1.2115202419       -0.6139391703       -0.8515039208
       -0.0277195643        0.4991146271        0.5507312005
        1.1566052203       -1.6931000717        0.5728746470
        1.0570205689       -0.1284818336       -0.0852235292
       -1.6024755702       -0.1780669681       -0.5325995561
       -0.3479654329        1.0098772599        0.8188459045
        0.9139634180        0.9073571187        1.2861976646
        0.9757834284       -0.0518253994       -0.1621658705
        0.9658694021        1.1300701869        1.4316197898
       -0.3156413666        0.7177886593        0.0314125763
        1.1618250038        0.2773189922        1.5281256355
        1.2786187720       -0.5795237580        0.9350345060
       -0.6026510266       -1.0620314498        0.2122625491
       -0.6623992900       -0.5280014863        0.5868733955
       -1.3503882273       -1.0908063230       -0.7557607656
        1.5855226730        1.2948933566       -1.6778038424
       -0.4160116289        1.2838601259        1.6954611262
        1.6229873052        0.9803631072        0.9979411105
        0.9489159985        0.9530452358        0.4563681329
        0.5831499072       -0.8353557740       -1.5040847243
       -1.5407199579        0.7261852716       -1.3133446557
        0.1793523491        1.0207542524       -0.2926499628
       -1.4949986529        1.3731201014       -1.4743271744
        0.6365391220        1.4413507923        1.6836289103
        1.3601742107        1.1672361992        1.0869601360
        1.6701691930       -0.5284208547       -1.4541603053
