       -0.0033504441        0.6744877901       -0.2893693538
        1.4602570463        0.2230266844       -0.4635692847
        0.1520105313       -0.4444363195        0.9911198562
        1.1671973364       -0.4805805777       -0.6938642654
        1.0020006185       -1.6106717035       -0.5165705108
        0.8677428947       -0.1218131460        1.5758027670
        1.6748683734        1.6992758127       -0.1518350730
       -0.7125979099        0.2870306649       -0.9672182876
       -0.1553478085        1.7241571947        1.1508183182
        1.3948023664        0.2515369417        0.1460070725
       -1.1132448794       -0.2110789223        1.6301692547
        0.6749894071        0.4069406158        1.0995727106
       -0.3858247353       -0.6197656659       -1.6659925451
       -0.9619276245        1.3569233713        0.2418976583
       -1.2813523375       -0.3633925458       -1.3211243790
       -0.3273697571        1.1638996640       -0.9856997113
        0.8087656131       -0.0294910395        1.6264433144
       -0.0917278872       -0.4738304819        0.0665054657
       -1.0381391889       -0.0093970259       -0.1996666167
       -1.2387304358        0.8919100130       -1.1474603611
        1.6733386257        0.3007035515        0.6089039139
        0.1679387418        0.6310042472       -0.7465977881
        0.6999604386       -0.1453821405        0.1883712398
       -1.0929753494       -1.3967403069       -0.1201674925
        0.7632867454        1.4128602809       -0.4357754527
        0.9176376956        1.2606957125        1.3774088483
        1.4537346103        1.5078842976        0.8390814287
        1.6359899092        1.2023077617        0.0229810517
        0.5563591768        0.4941671506       -0.6963824469
       -1.4483727354       -1.1101426709        0.6437955515
        0.2532365228        1.0818303552       -1.3691647124
       -1.5816115346        0.4757073263       -1.2346471105
       -0.2334483509        1.3143416567        1.7272571319
       -0.9354444507       -1.4991623379       -0.2519277470
       -1.5853853742       -0.5491916355        0.7539153073
       -0.5585144339       -0.9939490397        1.1184260179
        1.3865057517        0.2976402574        0.5599753555
        1.6586056805        0.2770735561        1.1830111412
        1.3394886837       -0.4100897961       -0.0838045369
        1.1707196731        0.9890868639       -0.4582891004
       -0.3560259901        1.1455383694        0.9194807940
       -1.2253264188       -1.2260404470        1.4130895392
        0.0838977352        0.3699836756       -1.2459974989
       -0.0847873507       -0.4134032462        0.4635218306
        1.5669862878       -1.2337873567       -1.2516152821
       -0.9616993776        1.0226861664        0.3563989948
       -0.0083188957        1.5910628710       -1.4698322316
       -0.5858159436        1.5289063539       -0.9587554479
        1.2475053293        1.5423479723        1.3955969656
       -0.6407298378       -0.2491047335       -0.8317743206
       -0.8852882263        0.3661648354        0.9579636217
       -0.9663687383       -0.0954433859       -0.6497177989
       -0.7453110828       -0.2635461016        0.7353194891
       -1.4035225259        1.6970823768        0.8844706453
       -1.4715160124        1.1979002489       -1.5761813579
        1.4831130644       -1.2752400414        0.2166965135
        0.8381047334        0.1798789353        0.9920488409
       -1.3850065384       -1.0183649204       -0.3766905613
        1.5933063000       -0.8950307140       -1.5481894744
        1.3383085686       -1.6519978019       -0.6291388881
       -0.3526115633        0.6172668673       -1.0750205006
        1.5398893576       -0.5800978902        0.3383824370
       -0.2379392384        0.8463464722       -1.3306940023
       -0.7843654940       -1.3999091815       -0.6151859790
        1.2226477373       -0.9208227350       -1.7232961084
       -1.6290784068        0.5469286768        1.7170603199
        0.4668637665        1.1934992932        1.2606845627
        1.4185618436        0.5403256197       -1.0504615559
       -0.7977583548        0.9125727082        0.3891644386
       -0.0102605850       -1.5532655035       -0.0840904634
       -0.3170786612        0.7554286239        0.9439261636
       -0.8202152844        1.1690107780       -0.3531250333
       -0.8612342232        1.2511078869       -1.6425114822
       -1.4954162549        0.4628697212       -1.0770477712
        1.4531496042       -0.2647101518       -0.7040060223
