        0.3539554836       -1.2552390132       -1.2354718762
        0.2209413616       -0.4232589122        0.0087738103
       -0.6466399885        1.0392993048        1.6681543707
       -1.3101364618       -0.7507421628        1.5030720359
       -0.2482062814       -0.1728529643        0.0832584161
        0.4530961797       -0.9370536789       -1.4129968797
       -1.4654478667       -1.1265014996        0.5603413351
       -0.2985039681       -0.4970413429        1.3436971338
       -0.8246276317       -1.5613722099       -0.0198119949
       -1.1915206865       -0.1554669455        1.6392463815
        0.9391965248        1.6961366659        0.1242949715
        1.5521807951       -1.6336477425       -0.4264424030
       -1.3349516907       -0.8350683877        0.7353498379
       -0.7160461424        1.5453525593       -1.6388713523
       -1.4388761177        1.6687253412        0.0738901639
        0.8137879502        0.8767520810        0.1723128958
        1.7236058152        0.9120778839        1.4165531478
       -1.0934465467        0.9001340464       -0.1314016039
       -1.3205435088        1.5047920484        1.6300734399
       -1.1198069540       -0.9353698707        0.8554982628
        1.2790008375       -1.4949396893        1.2661919617
       -0.8602112174       -0.3659343414       -0.2975342381
        0.3378680861       -0.3223439034        0.1837038569
       -0.7616454617       -1.6003864695       -0.8898364610
       -0.8069004798        0.7384264433       -1.4781098409
        1.5902106052        0.5742573366        0.8211649136
        0.3814596227        0.9961831756       -0.6335282423
        1.0921426150        1.0673401748       -1.2789157433
       -0.3815893754        1.0536485488        0.0527127340
        0.6433474232       -1.4851484376        1.1810639287
        0.3508034546       -0.7400133108       -1.5194135092
       -1.1428538694        0.9917564153       -0.6754471511
       -0.1172116468       -1.2993772464       -0.9367988965
        0.4984733771        1.0609023925        1.5813397243
        0.8391941827        1.4264477459       -0.4372131747
        0.8863763738       -0.6682880237        0.9891553576
       -0.2336491994        0.8475270986       -1.0556631082
        1.6421168507       -0.8823006639       -1.2531509336
       -0.8670937275        0.4639998335        0.0300782523
       -0.3792751960        0.2312159556       -1.0003343898
       -1.1321535708       -1.2545014096        0.7524661968
       -0.1293672131        0.5104447017       -0.3095916861
        1.5835406643        1.3491374731        1.6907693758
        0.2051076996        0.0021050421       -0.2268420241
        1.2454602162        1.1256811231        0.1588610763
        1.0008702368       -1.4880246398       -1.6820595240
        0.5559557475       -0.5312472138        1.1283327304
       -0.4262340037        1.4419783971        0.5986124486
        0.7622974243       -0.1247643024       -0.0653058353
       -0.9547272131       -0.7356273134       -0.4945479740
        1.6850375239       -1.5946185117        1.0976706551
        1.3949612372        1.4985356236       -0.0812773156
       -1.6589589328       -0.0290162450       -0.6924683904
       -1.1359787004       -0.3298499840        0.0737827751
       -0.0513732109        0.1702986720        0.0472402247
       -0.5483546296        0.0136241750       -0.7360365676
        0.8618456277       -1.1378958820        1.6306114839
        1.2683740623        1.5196284271       -1.1162060934
       -0.8208507950        1.6443430308        1.4774212239
        1.1422239949        1.6687041758        0.6857524326
        0.9250206904        1.3959579753        0.5444061754
       -1.1718067221       -0.9425396494        0.4311158803
       -0.8442361770        0.0727978594       -0.4264312210
        1.1793324857       -1.0131671282       -1.5916060286
       -0.5184750973       -1.7300172894        1.0651899474
        0.6871872639       -1.0465601461       -0.4042067276
       -0.1098522049        0.6889291807        1.4962691015
        0.3750610920        0.2918578672        0.4760208916
        0.5250379172        0.1218838594        0.3641537167
        0.0595343497        1.7129790368        1.2236166317
        0.3381319970        1.4619524656        0.1570598539
        1.0584651482       -1.0067614756       -1.5829374253
       -0.3992036783       -0.1289031038       -1.4109564139
        0.2415599498       -0.5315521022        0.5486073633
        1.2295824150       -1.2205000279       -1.2260971909
