        0.2906620776        0.0349477726       -1.7009910940
        0.7742612642       -1.6207009855       -0.8904638722
       -0.1123304267       -0.8495818032       -0.2518738921
        0.1054913848       -1.6273589798        1.5239788896
        0.6286567040        0.2759947419       -1.1073232127
       -0.6895718116        1.1455479802       -0.1302728644
       -1.4266045180        0.0445371935       -0.0636740996
        0.6733129288       -0.9827191353       -0.0021021353
        0.2567947379       -0.6646306223        1.1420910079
        0.5365202650        0.2115649068       -1.5300605272
        1.0332911438       -0.1838109924        0.2395902668
       -1.5559631051        0.6736270781       -0.3214523361
       -1.3642501496        1.5827262950       -0.2241939963
        1.4316072883        0.3232985187        0.6931258698
        0.6056382550        0.9140611669        0.6672917888
        0.9558758454       -0.1113361325       -0.4047600670
       -0.6263232787        0.9980559034        0.9662226222
        0.3987033889        1.6031306783        0.6662104357
       -0.6115065621        1.1943903411       -0.7187155712
       -0.5688145228       -1.3552890643       -0.6261245015
        0.4584712885        0.5277693341       -0.4172347718
       -0.3657753303       -0.7352334707        0.1805802039
       -1.3450379909        1.3649535152       -1.4972304901
        1.5075374945        1.0660057201       -0.3503962571
       -0.6184803139        1.4928345787       -0.9344800568
        0.9828567857        0.4304077770       -1.3951844045
       -0.1971943279        1.4353327704       -1.5856621092
       -0.4072386002        0.8193364347       -0.0541456199
       -1.5646784866       -0.0902850501       -1.2072544026
        1.2505674555        1.5889177088       -0.3604534925
       -0.1443297102       -0.4279094173       -1.6445047051
        0.2368077921        0.0245840405        0.7434563765
        0.5718764023       -1.0979580318        1.2808395030
       -1.1388345824        0.3497155910        1.4693849486
       -0.3986233598        0.5289744635       -1.1231406518
        1.5747618155       -1.2314028413        0.2825099351
       -0.8292946147        1.5692452816       -0.8521982708
       -0.6345419131        0.7835383280       -0.8783092900
       -0.8893437854       -0.2614471239        1.0223722269
        0.3974687511        1.2854931214       -0.9105031340
       -1.6609636394        1.5890637329        1.2229395548
       -1.1812662305       -0.3203466477        1.3790282406
        0.9001773194       -0.1371465912        0.8762078265
        0.7029052055       -0.6574361777        0.9703117208
        0.7890806811       -0.2028284308        1.1412815924
        0.8547722477       -0.9420856801       -0.7751797380
        1.4302144717       -0.3188815692       -0.3928593961
       -0.4773347067        0.7894631547       -0.5290369307
       -1.0234506377        1.3491071871       -0.2101910360
        0.7744572588        1.5937524700       -1.3386920875
        0.3724164758        1.3355266972        0.3798660093
        1.2547345636       -0.0579244262        1.4061036311
       -1.1268227109       -0.1232775406        0.0687411679
        1.5903106221       -0.1404765595       -0.6852439051
        0.2197402004       -1.0901569575       -0.2972523218
       -0.1266934838        1.6246254352       -0.5929429220
        0.2135185604       -0.9613117824        0.8251513030
       -1.6771306788        0.0403180356        1.2435579946
       -1.6118231586       -1.0815850046       -0.4309547576
        1.0851116531        1.6733808518       -0.5453859776
       -0.2892513040        1.4315993373       -0.9532692725
       -0.0090634872       -0.6371966837        1.5519523546
        1.5541709290        0.9136946017        0.4412268384
        0.2949252731        0.0021047937       -0.5415409858
       -0.0232361390       -0.8555666711        1.5191848477
        0.1027107377        1.5374808765       -1.5448051190
        0.0478450010       -0.0980291659       -1.1954789920
        1.1638419506       -1.6745473975       -0.6923578786
        1.0307594623       -0.9762666641        0.4593569632
        1.0720068077        1.2485707822       -1.4844060205
        1.5484536773        1.3361774290        1.6375313905
        1.7075129251       -0.2422829920       -1.0219376712
       -0.7984484946       -0.6260499441        1.7071433450
       -1.7308483398        0.6754080947        1.4980252442
       -0.6906312782       -0.2771445292        1.1573172079
