        1.5643630081       -1.0113057453        1.5114201859
        1.3309634704       -1.6651843104        1.7154984830
        0.6652602855        1.0413483183        0.2078808925
       -0.8536555919       -0.8016065292        0.6377534412
        1.2998268072        0.2055314766        0.7463645922
       -0.4786122529       -0.8177596863        0.7916896026
        1.0376229475       -0.3921841500       -1.7058203562
        0.6582163123        0.3388162732       -0.2821810632
        0.2229102236       -0.2620174218       -0.4379482215
       -0.4979514382        0.2337644907        0.6201737861
        0.3128478373       -1.4773081941        0.5774329652
        1.5615594841       -1.1892895445        0.1819207496
       -0.6348006282        1.4681618589        0.8935018762
       -1.4243689319       -1.6038306677       -1.4968795462
       -1.6004181943        0.5204498567       -1.0903960751
        1.2537110222       -0.2757563599       -0.2209367030
        1.5367427325       -0.6846249690        0.6005587255
       -1.4073642205        0.3441630818        0.3837519640
       -0.0837876703       -1.7273513627        0.6732974044
       -1.1105013239        0.2333054708        1.0964132065
        0.3308199544        1.6699819059       -1.6989985260
        0.0592586648        0.9193568129       -1.4098920370
       -0.4140812716       -0.1026030408        1.2346062910
       -0.1979808954        1.0412842429       -1.4413378472
       -0.2161930043        1.1169500107        0.5660561107
        0.0193497632       -0.1659293347        1.6777555172
        0.1596299901       -1.0089739605       -0.5230556552
        0.5885641045        0.4012203734        1.2820177114
       -0.4935685380       -0.6513948659        1.2383139081
        1.1127998902        0.2498299743        1.3150195966
       -0.4726494796        0.1431336868       -0.1281890386
       -0.5894631647       -1.0479487025        0.1980335728
        1.2470981672        1.0848683511       -1.6485250810
        1.6865935377        0.2232102017       -0.8763177237
       -0.7097551343        1.5613526866       -0.8581710485
        0.1996797232       -0.5423662694       -0.6116388910
       -0.9659776249       -0.3195201979       -0.3065375899
        1.5723371533        0.0406551715       -1.2950282567
       -1.2596875827       -0.1940164715       -1.2999762317
        1.0198698295        0.6121767914       -1.4324081544
        0.4735359770       -0.0952092367        1.1844885116
        1.5237494731        0.9517575319       -0.1725274734
        0.7980913225       -0.6973580712       -0.8184629534
        0.8634489100        0.1338013743        0.8641644609
       -1.3599003002        0.5194028641       -0.0392356275
       -1.2538842061       -1.1152172159       -1.0356277501
        1.6387534703       -0.4762517888        0.4671209233
        1.7156274921       -0.5178449131       -1.5961970491
       -0.7007818588        0.5977504703        0.9545084786
       -0.4997626263        0.9394287899       -1.6868034566
       -0.4458456622        0.1019240395       -1.0324197660
       -0.5128340967       -0.2045593753        0.9359564012
       -1.6929682284        0.4136518940        1.0223750111
        0.0678671946       -1.6406185326        0.6594033008
       -1.7008866636        0.5651057476        0.0965655295
       -1.6298893596        0.1110089027        0.2981119756
        1.1750177776        1.5623751745        0.9493158968
        1.0559440696        0.5335234838       -1.2808964244
       -1.5540849976       -0.3954897217        0.2867703835
       -1.5277995832       -0.7797207573        0.4974701850
       -0.3345326640       -0.0703582487       -0.6305849304
        1.0583285269        1.3640203461        1.0880858896
        1.6576784266        1.3653328094       -0.2126169177
        1.5318771433       -1.1679746093       -0.1803773277
       -1.5526187238        1.6822023784        0.8788207372
        0.9145940910       -0.2933188549       -1.3606858515
       -0.3789353985       -1.0892370157        0.2446484470
       -1.2524343019       -0.2535624863        1.1645302127
        1.5003316759       -1.3812313212        0.0851600603
        1.3588877327       -0.5891566035       -1.0533593510
        0.3731784678        0.9302090862       -0.3933959334
        0.6111657693       -1.4241437064        0.1694206159
        0.8907193063        0.4948086861        0.3418727520
       -0.2473033337        1.6504305740        1.3638166876
       -1.3841232833        1.6449836485        1.1538075389
