       -0.6810001329       -0.9353237119       -1.4593920096
       -0.1774975429        0.1236040252       -1.2518147304
       -0.4163840223       -0.7522436957       -1.2557543464
       -0.2070388102        0.3195984009       -0.2546211287
       -1.0481173890        1.3020313089       -1.2787330083
       -0.5732275396       -1.0521460158       -1.0996751423
        0.5103051833       -0.0017375380       -0.9241927791
        1.3078408798       -1.2580007032        1.6584408074
       -1.6335737029       -0.6293184017        1.2530541849
       -0.3792508043        1.7208402296       -0.4377235621
        1.0111010480        1.7227869453        0.4580468146
       -1.1427092035       -0.6043844020        1.6179133102
        0.9961770394        1.0887555463       -0.1212966659
       -0.5686667276        1.6047498045       -0.4652116847
        1.1590249383       -1.6341890949        0.9319224915
       -1.5452104905       -0.6097127326       -0.1963271377
        1.0455876222       -0.3354392525        1.0083205300
        0.3721909308       -1.4899890044        1.1569180677
       -0.4773059581        0.8353380461        0.0170947264
        1.7030372733        1.3297357640        0.5513464038
        0.6884094518       -0.2093674559       -1.1673885498
        1.2171788414       -0.9286745735        0.1614174398
       -1.3312809764        0.8206578733       -0.4763500765
       -1.5273082239        0.5266948592       -1.5146347112
        0.1324670132       -1.1048680436        0.8509070745
       -0.9845591284       -1.6561349951        0.7781035459
        1.3043268086       -0.0836808091       -0.5342291884
        0.5281442504        0.7176912636        0.7230046665
       -1.6424470357        0.5222616819       -0.0940841782
       -0.5266001413        0.2110517028        1.2014109970
        1.3837340960       -1.6794208699       -0.3921536737
       -0.7545422475        0.3773544850        1.6703285510
        0.6193575101        0.0018980139       -0.4769031820
       -0.4160616979       -1.2216168386        0.0071878285
       -1.3071845650        1.5315496247        1.6186365991
       -0.2100225641       -0.5290353983       -0.5185411068
       -1.2206177002        1.7297226522        0.3071674982
       -0.1253343213        0.4713024202        1.2585791085
        1.5067950919        0.7443955674        0.8184420396
       -0.3814046177        0.5592810974        1.0527353999
        0.4844593993        0.6917430512        0.9853625529
       -1.4107651731        0.2352437290        0.2347300557
        0.8834021663        0.6026988646       -0.5320555146
       -0.5119224286        0.1117359292        1.2722045555
        0.6004405371        0.7916776367       -0.8813961772
       -1.5592927701        1.4920776631        0.6761015446
       -1.7049872104       -0.3057347719       -0.3201552617
        0.2775841774        0.2006858188       -0.9128988540
       -0.6175558361        1.3808718649       -1.3417984917
        1.3096145439        1.6225593680        0.0703117721
        0.7078618767       -1.2385475137        0.9481553001
       -1.1084159462       -0.1336882026       -0.5036932590
        0.4026858843       -0.1677557891        1.4054318307
        1.6655030505        0.7786999841       -0.6290864333
       -1.4418535337        0.3912505663       -1.1959120023
        1.3302056918        1.1758226151       -1.0442474023
        0.9856521798       -0.6714852033        0.0160666490
        0.3940368963       -1.3782621707        0.9473836215
       -0.5447628410       -0.0845697890        1.1346143470
       -0.5468273452        0.8130286133        0.3332758816
       -0.1288083698       -0.9754517238       -0.2656053051
       -0.7876058450        0.1075029244       -0.7370593315
        1.4472650968       -0.1744432983        0.4896552574
        1.0452917478        1.1986195131       -0.5849855240
        0.2434553835       -0.9591651942       -0.8610099542
       -0.2342744313       -0.3118593454       -0.3243064517
       -1.5866930643       -0.8124985429       -0.6772988763
        0.1495985562        1.2394981914        0.7563290858
       -0.7841718593       -0.9398792911       -1.6946820241
       -0.4814579514       -0.6161358743       -1.6299817304
        1.3901663243       -1.0417157369       -1.0695266937
       -1.6917177968       -1.1626460707       -0.2085003512
       -0.3099038318       -0.8960987462        0.7760892930
        0.6506238357        0.1872174747        1.1900384608
        0.6958440238        1.6225402286       -1.2953819607
