4.299598121636293291e-01 -1.140830309246692181e-01 -1.901310402282339537e-02
-1.425657723497461837e-01 -2.808234568664033648e-01 8.969135944309498260e-03
-6.404786899385719878e-02 1.069504836462591840e-01 5.601984273110166546e-05
1.974233976996757900e-01 3.191557936540783680e-01 -1.165273332698252284e-03
1.185356356406986195e-01 -1.667279227924252719e-02 -1.871758290679930575e-02
-4.172264518470811256e-01 -8.681198138002546583e-02 -5.628259640688360911e-03
-1.044535396663819234e-02 5.391152261034969362e-01 -5.532288983659379650e-04
0.000000000000000000e+00 0.000000000000000000e+00 0.000000000000000000e+00
0.000000000000000000e+00 0.000000000000000000e+00 0.000000000000000000e+00
0.000000000000000000e+00 0.000000000000000000e+00 0.000000000000000000e+00
0.000000000000000000e+00 0.000000000000000000e+00 0.000000000000000000e+00
0.000000000000000000e+00 0.000000000000000000e+00 0.000000000000000000e+00
0.000000000000000000e+00 0.000000000000000000e+00 0.000000000000000000e+00
-1.215724102176773177e-03 -1.154858897649780822e-03 1.993052503938056959e-04
-1.591287939086173013e-03 -2.212300951224574312e-03 -5.275592853567927015e-04
-5.683142987493367861e-03 -5.989184356413726484e-03 -2.258462723549703802e-03
-1.421308299762964050e-03 -3.533129425756702333e-03 2.764053952411748790e-04
-3.300097625819532580e-03 -7.422969887696613013e-03 -4.105572267074090098e-04
-1.101650586174677052e-02 -1.238705594936889351e-02 -4.517747337582029947e-03
0.000000000000000000e+00 0.000000000000000000e+00 0.000000000000000000e+00
0.000000000000000000e+00 0.000000000000000000e+00 0.000000000000000000e+00
0.000000000000000000e+00 0.000000000000000000e+00 0.000000000000000000e+00
0.000000000000000000e+00 0.000000000000000000e+00 0.000000000000000000e+00
0.000000000000000000e+00 0.000000000000000000e+00 0.000000000000000000e+00
0.000000000000000000e+00 0.000000000000000000e+00 0.000000000000000000e+00
-3.527877655526036674e-03 -3.544987121581599700e-03 -2.799371146737436589e-03
-2.414408751302328775e-03 -3.098314459219392997e-03 -5.323530718350860495e-03
-2.828137418238245351e-03 -4.393432791924714240e-03 -2.649933026403391342e-03
-1.062597983051913504e-02 -8.262587954727378808e-03 -8.841477063836419154e-03
-1.360282946187183969e-02 -7.254892766156692541e-03 -4.870989491596899520e-03
-1.204790696315791165e-02 -6.117768332741332742e-03 -4.864950065850684111e-03
0.000000000000000000e+00 0.000000000000000000e+00 0.000000000000000000e+00
0.000000000000000000e+00 0.000000000000000000e+00 0.000000000000000000e+00
0.000000000000000000e+00 0.000000000000000000e+00 0.000000000000000000e+00
0.000000000000000000e+00 0.000000000000000000e+00 0.000000000000000000e+00
0.000000000000000000e+00 0.000000000000000000e+00 0.000000000000000000e+00
0.000000000000000000e+00 0.000000000000000000e+00 0.000000000000000000e+00
2.915222593681118888e-03 -1.062458640594913769e-03 6.907742559425770383e-04
2.039128667502929960e-03 -5.193107013058441673e-04 1.730843788342625476e-03
2.541436975285084679e-03 -1.547592099007444148e-03 8.798099627524882515e-04
4.637535137383416196e-03 -2.031883859069158211e-03 3.236044302800101385e-03
5.782118008439253790e-03 -1.836178010573471077e-03 1.802903853280372155e-03
7.854960817614194471e-03 -6.582806332722259540e-03 2.369555369691070043e-03
0.000000000000000000e+00 0.000000000000000000e+00 0.000000000000000000e+00
0.000000000000000000e+00 0.000000000000000000e+00 0.000000000000000000e+00
0.000000000000000000e+00 0.000000000000000000e+00 0.000000000000000000e+00
0.000000000000000000e+00 0.000000000000000000e+00 0.000000000000000000e+00
0.000000000000000000e+00 0.000000000000000000e+00 0.000000000000000000e+00
0.000000000000000000e+00 0.000000000000000000e+00 0.000000000000000000e+00
-2.115599634962388525e-05 -6.510059492471883050e-04 2.685190598313083057e-04
-4.052927437944983994e-04 -7.811045141955615849e-04 5.809945952586510060e-04
-4.173939302173068351e-04 -2.379184376955200894e-03 6.278269282271092735e-04
9.158899350768265422e-04 -2.669205740760999430e-03 1.181369068846884829e-03
3.974708235541142554e-03 -4.241427057898178310e-03 7.111883210217009432e-04
1.904609455134969025e-03 -5.924806708240175183e-03 7.377811995869452402e-04
0.000000000000000000e+00 0.000000000000000000e+00 0.000000000000000000e+00
0.000000000000000000e+00 0.000000000000000000e+00 0.000000000000000000e+00
0.000000000000000000e+00 0.000000000000000000e+00 0.000000000000000000e+00
0.000000000000000000e+00 0.000000000000000000e+00 0.000000000000000000e+00
0.000000000000000000e+00 0.000000000000000000e+00 0.000000000000000000e+00
0.000000000000000000e+00 0.000000000000000000e+00 0.000000000000000000e+00
-1.060347307028105363e-04 -6.196258996527230370e-04 5.488274187405933020e-04
6.987794915206444564e-04 -2.521942258114686091e-04 1.018542083465757628e-03
-3.960980792607697587e-03 -4.892582000431734864e-03 -1.925152388272336227e-03
8.710052500541730055e-04 -2.015767627413629203e-03 1.021136509248167035e-03
-1.202905911962998597e-03 -7.292100775119531204e-03 -6.496174523720398225e-05
-8.794682562409507701e-03 -8.324952513754535488e-03 -4.927934921950097129e-03
0.000000000000000000e+00 0.000000000000000000e+00 0.000000000000000000e+00
0.000000000000000000e+00 0.000000000000000000e+00 0.000000000000000000e+00
0.000000000000000000e+00 0.000000000000000000e+00 0.000000000000000000e+00
0.000000000000000000e+00 0.000000000000000000e+00 0.000000000000000000e+00
0.000000000000000000e+00 0.000000000000000000e+00 0.000000000000000000e+00
0.000000000000000000e+00 0.000000000000000000e+00 0.000000000000000000e+00
-2.925950583921599953e-03 -3.402732519320599437e-03 -5.679206476783583112e-03
-1.028848760509896553e-03 -1.485229671247802804e-03 -8.568085102523600310e-03
-9.743157689278653805e-03 -7.081462267679654657e-03 -1.874855104931775693e-02
-1.064708098771296324e-02 -6.287655139295526135e-03 -1.720479902277984030e-02
-3.243920468829631504e-02 -1.984064804267386684e-02 -2.434228978569325311e-02
-3.423188701584752719e-02 -3.647734338491212536e-02 -5.122039303474574395e-02
0.000000000000000000e+00 0.000000000000000000e+00 0.000000000000000000e+00
0.000000000000000000e+00 0.000000000000000000e+00 0.000000000000000000e+00
0.000000000000000000e+00 0.000000000000000000e+00 0.000000000000000000e+00
0.000000000000000000e+00 0.000000000000000000e+00 0.000000000000000000e+00
0.000000000000000000e+00 0.000000000000000000e+00 0.000000000000000000e+00
0.000000000000000000e+00 0.000000000000000000e+00 0.000000000000000000e+00
1.362201870701328912e-03 8.922188270095186618e-04 -2.620602553552055410e-03
3.601298727687509381e-03 2.517411909636523872e-03 4.065855095932364646e-03
4.273504996002767259e-03 -3.940609672980101633e-03 5.585266930557497567e-03
2.000322246627974244e-03 -3.723788750697942188e-04 -3.709381995963092257e-03
1.184078612564555717e-02 -1.368089687868901359e-02 1.591794137690791949e-02
1.012038139122556184e-02 -1.244034380581408861e-02 5.847480632996003222e-03
0.000000000000000000e+00 0.000000000000000000e+00 0.000000000000000000e+00
0.000000000000000000e+00 0.000000000000000000e+00 0.000000000000000000e+00
0.000000000000000000e+00 0.000000000000000000e+00 0.000000000000000000e+00
0.000000000000000000e+00 0.000000000000000000e+00 0.000000000000000000e+00
0.000000000000000000e+00 0.000000000000000000e+00 0.000000000000000000e+00
0.000000000000000000e+00 0.000000000000000000e+00 0.000000000000000000e+00
-9.283208572474179715e-06 -9.855829534607327136e-04 1.148996648243024582e-03
-5.342166529104232188e-04 -1.527925610770671959e-03 3.417851175576093123e-04
6.163655539642272580e-04 -2.474470891766355953e-03 8.820013107739977775e-04
7.610089691972073828e-06 -3.464586243249622236e-03 1.922302374972628767e-03
5.565612000817205841e-03 -6.633416536647154284e-03 1.396026860738070743e-03
3.945681967054616435e-03 -4.977397542086291378e-03 4.454479604292444004e-04
0.000000000000000000e+00 0.000000000000000000e+00 0.000000000000000000e+00
0.000000000000000000e+00 0.000000000000000000e+00 0.000000000000000000e+00
0.000000000000000000e+00 0.000000000000000000e+00 0.000000000000000000e+00
0.000000000000000000e+00 0.000000000000000000e+00 0.000000000000000000e+00
0.000000000000000000e+00 0.000000000000000000e+00 0.000000000000000000e+00
0.000000000000000000e+00 0.000000000000000000e+00 0.000000000000000000e+00
-1.575181386574509913e-04 -2.551668222302586053e-03 6.813019473409835875e-04
-2.326073297037766678e-04 -1.479087573339069386e-03 1.075402957840399052e-03
6.023945412373093306e-04 1.786728030864163236e-03 2.690516395308028934e-03
-1.070445768593035517e-03 -2.741059184423070682e-03 1.097287107180507050e-03
1.648021480880799538e-03 2.052561363268885514e-03 1.231083326811523160e-03
-5.829346292946514276e-03 2.185356167062553825e-02 1.045569073522640419e-02
0.000000000000000000e+00 0.000000000000000000e+00 0.000000000000000000e+00
0.000000000000000000e+00 0.000000000000000000e+00 0.000000000000000000e+00
0.000000000000000000e+00 0.000000000000000000e+00 0.000000000000000000e+00
0.000000000000000000e+00 0.000000000000000000e+00 0.000000000000000000e+00
0.000000000000000000e+00 0.000000000000000000e+00 0.000000000000000000e+00
0.000000000000000000e+00 0.000000000000000000e+00 0.000000000000000000e+00
3.899034557490208951e-03 2.958356141780706951e-04 1.912413940041855732e-03
2.747159658535119984e-03 -2.041076514490585293e-03 1.354755113658494747e-03
-4.188253860596874434e-03 -1.305205193699202114e-03 -1.915170285206658357e-02
3.751105773462448841e-03 5.519950937795993669e-03 1.664574412663392955e-02
-4.325835074660457774e-02 -2.214221882703089166e-03 -2.595021461727419626e-02
-4.104014984248343517e-02 7.938699808546148887e-03 -7.269951971717873891e-03
0.000000000000000000e+00 0.000000000000000000e+00 0.000000000000000000e+00
0.000000000000000000e+00 0.000000000000000000e+00 0.000000000000000000e+00
0.000000000000000000e+00 0.000000000000000000e+00 0.000000000000000000e+00
0.000000000000000000e+00 0.000000000000000000e+00 0.000000000000000000e+00
0.000000000000000000e+00 0.000000000000000000e+00 0.000000000000000000e+00
0.000000000000000000e+00 0.000000000000000000e+00 0.000000000000000000e+00
1.173294321616347342e-03 1.916397522667426939e-03 -3.943150966823801007e-03
1.692994800003671347e-03 9.753119834007741972e-04 4.266866580657677557e-03
9.263973697933598067e-03 5.472513305545832806e-04 1.677003006048977812e-02
5.445181942562844941e-03 -5.707410056518182496e-04 -2.083543526950764040e-03
7.785488850736975788e-03 -1.966262315902069999e-02 -3.248694235547298567e-03
2.096449826859501236e-02 -2.555391676956903294e-02 6.357310235510457708e-02
0.000000000000000000e+00 0.000000000000000000e+00 0.000000000000000000e+00
0.000000000000000000e+00 0.000000000000000000e+00 0.000000000000000000e+00
0.000000000000000000e+00 0.000000000000000000e+00 0.000000000000000000e+00
0.000000000000000000e+00 0.000000000000000000e+00 0.000000000000000000e+00
0.000000000000000000e+00 0.000000000000000000e+00 0.000000000000000000e+00
0.000000000000000000e+00 0.000000000000000000e+00 0.000000000000000000e+00
1.416078327084847573e-03 -1.145885485083006881e-03 5.452717280881598516e-03
-1.839453277866344254e-04 -5.566300495508064855e-03 5.108048523184098057e-03
1.225756695059941181e-03 -6.262782283686996361e-03 1.577910292769081624e-03
2.496420961548422978e-03 -1.381816764477768016e-02 1.956855394967155562e-02
6.269871911656561651e-03 -1.055948222105435562e-02 2.508335337795245326e-03
1.890311553065154209e-03 -2.885818118375933251e-03 9.792354699459525531e-04
0.000000000000000000e+00 0.000000000000000000e+00 0.000000000000000000e+00
0.000000000000000000e+00 0.000000000000000000e+00 0.000000000000000000e+00
0.000000000000000000e+00 0.000000000000000000e+00 0.000000000000000000e+00
0.000000000000000000e+00 0.000000000000000000e+00 0.000000000000000000e+00
0.000000000000000000e+00 0.000000000000000000e+00 0.000000000000000000e+00
0.000000000000000000e+00 0.000000000000000000e+00 0.000000000000000000e+00
-1.296564145908075819e-03 -2.400399352900488021e-03 4.125924834664848736e-04
-2.089754332509467967e-03 -7.957742191106506992e-04 8.848365651736717075e-04
-3.638789163769289708e-03 3.857663944865335603e-04 4.139199649198549609e-03
-3.429582806357360254e-03 -8.510365297310191427e-04 7.988007738034300868e-04
-4.052026565201800531e-03 7.674899868452269951e-03 2.136677526705544651e-03
-1.393315314562780689e-02 1.881235979930370728e-02 8.410242809365557279e-03
0.000000000000000000e+00 0.000000000000000000e+00 0.000000000000000000e+00
0.000000000000000000e+00 0.000000000000000000e+00 0.000000000000000000e+00
0.000000000000000000e+00 0.000000000000000000e+00 0.000000000000000000e+00
0.000000000000000000e+00 0.000000000000000000e+00 0.000000000000000000e+00
0.000000000000000000e+00 0.000000000000000000e+00 0.000000000000000000e+00
0.000000000000000000e+00 0.000000000000000000e+00 0.000000000000000000e+00
5.901040014311779167e-04 7.209264783130930063e-04 7.612663775553772660e-03
-9.946927042348084180e-04 -2.574166480535727765e-04 7.304849178808635844e-03
-4.218813382519885635e-03 -1.693171702224158855e-03 1.878428950557023761e-02
-1.021514854586645649e-02 1.169024623977218263e-02 2.881109747606798790e-02
-2.857452412857373197e-02 5.567015860774762737e-02 1.265217055536999036e-01
7.927333318279427068e-03 1.798916236549870373e-02 -1.620976662793962783e-02
0.000000000000000000e+00 0.000000000000000000e+00 0.000000000000000000e+00
0.000000000000000000e+00 0.000000000000000000e+00 0.000000000000000000e+00
0.000000000000000000e+00 0.000000000000000000e+00 0.000000000000000000e+00
0.000000000000000000e+00 0.000000000000000000e+00 0.000000000000000000e+00
0.000000000000000000e+00 0.000000000000000000e+00 0.000000000000000000e+00
0.000000000000000000e+00 0.000000000000000000e+00 0.000000000000000000e+00
-3.689748006945944977e-04 -3.595634641973632570e-03 1.935002378356006747e-04
-1.588989396308882265e-03 2.025643692415766365e-03 -1.286111495813509979e-03
1.920834724631069078e-03 -1.379915438511694625e-03 1.559569371688069098e-02
5.012706239715779798e-03 1.843462249160490556e-03 -1.468547474102930780e-02
2.841647319360443569e-02 -2.102099083842460386e-02 4.189079028033737724e-03
2.262073965793805902e-02 -1.671980847282494506e-02 1.772174603820683833e-03
0.000000000000000000e+00 0.000000000000000000e+00 0.000000000000000000e+00
0.000000000000000000e+00 0.000000000000000000e+00 0.000000000000000000e+00
0.000000000000000000e+00 0.000000000000000000e+00 0.000000000000000000e+00
0.000000000000000000e+00 0.000000000000000000e+00 0.000000000000000000e+00
0.000000000000000000e+00 0.000000000000000000e+00 0.000000000000000000e+00
0.000000000000000000e+00 0.000000000000000000e+00 0.000000000000000000e+00
3.310828934669395924e-05 -9.718730776776217644e-04 5.498169222934837057e-03
-1.074530325473033595e-05 -5.511947309233591321e-04 -2.040385820162980853e-04
-6.845740948910351018e-04 -5.093388761522852498e-03 8.567125838183555636e-04
4.143385264755749739e-03 -1.585888520654960042e-03 1.899684285555831593e-04
7.781244994731778379e-03 -6.599705082558602297e-03 2.627181309674923859e-04
-9.919896698979246540e-04 1.088108151604349908e-03 2.190798056594241649e-04
0.000000000000000000e+00 0.000000000000000000e+00 0.000000000000000000e+00
0.000000000000000000e+00 0.000000000000000000e+00 0.000000000000000000e+00
0.000000000000000000e+00 0.000000000000000000e+00 0.000000000000000000e+00
0.000000000000000000e+00 0.000000000000000000e+00 0.000000000000000000e+00
0.000000000000000000e+00 0.000000000000000000e+00 0.000000000000000000e+00
0.000000000000000000e+00 0.000000000000000000e+00 0.000000000000000000e+00
-1.532317565386063975e-03 -1.168968202105998108e-04 1.506123199831324935e-04
-3.731253355483224367e-03 1.228438720294005963e-03 8.749716878649347121e-04
-8.055604808119145449e-03 4.084363559022326402e-03 3.351324224438521297e-03
-4.585367480240174799e-03 1.665784073799743241e-03 6.219935438908917895e-04
-6.953611198559674078e-03 6.386778210371350621e-03 8.611118203316006246e-04
-8.882882262014543673e-03 3.717277455709625152e-03 1.765555407257428551e-03
0.000000000000000000e+00 0.000000000000000000e+00 0.000000000000000000e+00
0.000000000000000000e+00 0.000000000000000000e+00 0.000000000000000000e+00
0.000000000000000000e+00 0.000000000000000000e+00 0.000000000000000000e+00
0.000000000000000000e+00 0.000000000000000000e+00 0.000000000000000000e+00
0.000000000000000000e+00 0.000000000000000000e+00 0.000000000000000000e+00
0.000000000000000000e+00 0.000000000000000000e+00 0.000000000000000000e+00
-4.875852831196771098e-03 2.919997357485617628e-03 6.964893801750574563e-03
7.426514065528330537e-04 2.110509414663133091e-04 6.231893310580128036e-05
3.784234775431047533e-03 2.370038410327613126e-03 -9.124295927730050266e-04
-7.181855982830748220e-03 3.469283680525086459e-03 5.734111442059193139e-03
-6.804472001601227608e-03 1.450786415333361716e-02 2.308151723952795928e-02
1.137226904267477773e-02 -5.631373983802034043e-03 -4.221030122138730301e-03
0.000000000000000000e+00 0.000000000000000000e+00 0.000000000000000000e+00
0.000000000000000000e+00 0.000000000000000000e+00 0.000000000000000000e+00
0.000000000000000000e+00 0.000000000000000000e+00 0.000000000000000000e+00
0.000000000000000000e+00 0.000000000000000000e+00 0.000000000000000000e+00
0.000000000000000000e+00 0.000000000000000000e+00 0.000000000000000000e+00
0.000000000000000000e+00 0.000000000000000000e+00 0.000000000000000000e+00
1.058738037156472384e-03 -9.559773217299806546e-04 -6.114931812412146769e-03
8.093687742123092596e-04 3.238566610667327375e-04 -5.663508379890988716e-03
5.711249626825494127e-03 3.087246692142591592e-03 -1.079830270459855579e-02
1.300007747707935223e-02 -6.369159449079816841e-03 -2.095631473594396221e-02
4.581741325098992457e-02 -8.848000813006710527e-03 -4.556833731065648707e-02
1.092107286937593451e-02 -2.667338730469216365e-03 1.938541530953513149e-03
0.000000000000000000e+00 0.000000000000000000e+00 0.000000000000000000e+00
0.000000000000000000e+00 0.000000000000000000e+00 0.000000000000000000e+00
0.000000000000000000e+00 0.000000000000000000e+00 0.000000000000000000e+00
0.000000000000000000e+00 0.000000000000000000e+00 0.000000000000000000e+00
0.000000000000000000e+00 0.000000000000000000e+00 0.000000000000000000e+00
0.000000000000000000e+00 0.000000000000000000e+00 0.000000000000000000e+00
1.099830951617942858e-03 1.906459836637706051e-03 -2.677871369200122802e-03
-3.108842815303438376e-04 6.560968059549599982e-04 1.025957647417463853e-04
-8.796826474996386619e-04 -3.166408612818127194e-04 4.038064177376636771e-04
2.336298983993346980e-03 1.045565082561298546e-03 1.987596966941057120e-04
4.015996255428017254e-03 -2.456988174886753310e-03 7.616111112696956429e-04
-2.268498984637620872e-03 1.616895627822411601e-03 1.388533047010276811e-04
0.000000000000000000e+00 0.000000000000000000e+00 0.000000000000000000e+00
0.000000000000000000e+00 0.000000000000000000e+00 0.000000000000000000e+00
0.000000000000000000e+00 0.000000000000000000e+00 0.000000000000000000e+00
0.000000000000000000e+00 0.000000000000000000e+00 0.000000000000000000e+00
0.000000000000000000e+00 0.000000000000000000e+00 0.000000000000000000e+00
0.000000000000000000e+00 0.000000000000000000e+00 0.000000000000000000e+00
-2.224625688133764420e-03 6.118978464860584665e-04 1.660402655756338611e-04
-3.574161603483812580e-03 -1.714340732809945932e-04 6.144159929889819662e-05
-6.598684213910639695e-03 8.564384596427701904e-04 8.643240555259601053e-04
-4.044645672360972811e-03 -2.678061030637874209e-04 2.056431371356783652e-04
-5.177312329550453653e-03 5.307680993313918915e-04 4.491520036080492691e-04
-5.297006182459370466e-03 -3.310828722355381708e-03 -4.727868172160564321e-04
0.000000000000000000e+00 0.000000000000000000e+00 0.000000000000000000e+00
0.000000000000000000e+00 0.000000000000000000e+00 0.000000000000000000e+00
0.000000000000000000e+00 0.000000000000000000e+00 0.000000000000000000e+00
0.000000000000000000e+00 0.000000000000000000e+00 0.000000000000000000e+00
0.000000000000000000e+00 0.000000000000000000e+00 0.000000000000000000e+00
0.000000000000000000e+00 0.000000000000000000e+00 0.000000000000000000e+00
-3.852517800610330383e-03 4.764596753549488715e-04 1.098423710578738709e-03
1.538349425762571953e-03 -1.776965559952875008e-03 -1.089466006311436922e-03
5.445766689510072624e-03 -2.119767021589918487e-03 -2.820634778845026482e-03
-3.507246196068420502e-03 -3.064518519651157624e-03 -1.632569050330414046e-03
4.623352736495011414e-04 -3.035639113584685626e-03 -3.039174314784313588e-03
2.756733732637714311e-03 3.039767887584392779e-04 1.084570817578073363e-03
0.000000000000000000e+00 0.000000000000000000e+00 0.000000000000000000e+00
0.000000000000000000e+00 0.000000000000000000e+00 0.000000000000000000e+00
0.000000000000000000e+00 0.000000000000000000e+00 0.000000000000000000e+00
0.000000000000000000e+00 0.000000000000000000e+00 0.000000000000000000e+00
0.000000000000000000e+00 0.000000000000000000e+00 0.000000000000000000e+00
0.000000000000000000e+00 0.000000000000000000e+00 0.000000000000000000e+00
5.104299251226671053e-03 -2.518411460470449878e-03 -6.746244757531096210e-03
1.390660291452400785e-03 -6.938234596861962136e-04 -2.115629337712839411e-03
2.550124992065920266e-03 2.557006105675736513e-03 -8.239209678476265564e-03
1.074135919653440227e-02 -4.244674952276637249e-03 -9.577050501224931497e-03
2.006021743706431354e-02 2.197592409702213076e-03 -3.148164664328995110e-02
6.031946861207001381e-03 1.234872651572365646e-03 -7.332969256123650012e-04
0.000000000000000000e+00 0.000000000000000000e+00 0.000000000000000000e+00
0.000000000000000000e+00 0.000000000000000000e+00 0.000000000000000000e+00
0.000000000000000000e+00 0.000000000000000000e+00 0.000000000000000000e+00
0.000000000000000000e+00 0.000000000000000000e+00 0.000000000000000000e+00
0.000000000000000000e+00 0.000000000000000000e+00 0.000000000000000000e+00
0.000000000000000000e+00 0.000000000000000000e+00 0.000000000000000000e+00
3.356014503189763232e-04 1.245730517167015607e-03 -1.767697441341981989e-03
-7.359250011063900570e-04 2.466629513573066041e-04 5.587415531323081000e-05
-1.377914868386174215e-03 8.696294808821430434e-04 2.336280154793692716e-04
1.075223812663281221e-03 5.046504652965608717e-04 -1.907609927221021640e-04
2.326633911571063685e-03 7.727790444204327407e-04 2.839535093507088376e-04
-1.255423241894282902e-03 -6.514648337869607345e-04 3.216451594939822179e-04
0.000000000000000000e+00 0.000000000000000000e+00 0.000000000000000000e+00
0.000000000000000000e+00 0.000000000000000000e+00 0.000000000000000000e+00
0.000000000000000000e+00 0.000000000000000000e+00 0.000000000000000000e+00
0.000000000000000000e+00 0.000000000000000000e+00 0.000000000000000000e+00
0.000000000000000000e+00 0.000000000000000000e+00 0.000000000000000000e+00
0.000000000000000000e+00 0.000000000000000000e+00 0.000000000000000000e+00
-2.107678825381027830e-03 -4.161169300579991605e-04 5.057370410176889196e-05
-2.904004694217231404e-03 -2.133797739496626905e-03 -7.591238012052896160e-04
-5.225809047531313617e-03 -3.383461095510278439e-03 -9.538009584311968022e-04
-3.070669089704684482e-03 -3.127911384900967148e-03 -1.653807647905980308e-04
-3.499320082443131089e-03 -3.805267002600808655e-03 -1.410084885904770800e-04
-6.962459288822890786e-03 -6.242936403279616443e-03 -1.925715725343427401e-03
0.000000000000000000e+00 0.000000000000000000e+00 0.000000000000000000e+00
0.000000000000000000e+00 0.000000000000000000e+00 0.000000000000000000e+00
0.000000000000000000e+00 0.000000000000000000e+00 0.000000000000000000e+00
0.000000000000000000e+00 0.000000000000000000e+00 0.000000000000000000e+00
0.000000000000000000e+00 0.000000000000000000e+00 0.000000000000000000e+00
0.000000000000000000e+00 0.000000000000000000e+00 0.000000000000000000e+00
-2.757353477944558644e-03 -2.115732641800217948e-03 -1.246062421718267116e-03
7.116201102900315768e-05 -2.522221267979821765e-03 -1.124693394106403071e-03
1.677492926579884696e-03 -3.673484980005433005e-03 -6.827335963823456724e-04
-5.761794947193126654e-03 -5.232190924071828016e-03 -2.844477215482323160e-03
-5.096072055540635561e-03 -3.308471748961619181e-03 -1.536217574627606877e-03
-2.956957997643780596e-03 -2.150770040326674491e-03 -4.673056719419979186e-04
0.000000000000000000e+00 0.000000000000000000e+00 0.000000000000000000e+00
0.000000000000000000e+00 0.000000000000000000e+00 0.000000000000000000e+00
0.000000000000000000e+00 0.000000000000000000e+00 0.000000000000000000e+00
0.000000000000000000e+00 0.000000000000000000e+00 0.000000000000000000e+00
0.000000000000000000e+00 0.000000000000000000e+00 0.000000000000000000e+00
0.000000000000000000e+00 0.000000000000000000e+00 0.000000000000000000e+00
4.659862645411566931e-03 -2.212555112780810896e-03 -2.302204184533096238e-03
1.201463884765177192e-03 -9.449929669779560081e-04 5.051301549197123771e-04
1.703003640076314676e-03 -1.455547143352581502e-03 1.880907134387513509e-04
5.335258090090960574e-03 -1.850901963776596573e-03 4.618222721263991843e-04
7.418197092438230320e-03 -4.873069027578596363e-04 1.718748347937725212e-04
5.287648198972289861e-03 -1.354756678578480878e-03 1.731926801705475883e-04
0.000000000000000000e+00 0.000000000000000000e+00 0.000000000000000000e+00
0.000000000000000000e+00 0.000000000000000000e+00 0.000000000000000000e+00
0.000000000000000000e+00 0.000000000000000000e+00 0.000000000000000000e+00
0.000000000000000000e+00 0.000000000000000000e+00 0.000000000000000000e+00
0.000000000000000000e+00 0.000000000000000000e+00 0.000000000000000000e+00
0.000000000000000000e+00 0.000000000000000000e+00 0.000000000000000000e+00
-3.906904612743984808e-05 -5.798051822924427199e-04 2.047184313338583882e-04
-7.818705118719705303e-04 -5.219220136370919657e-04 2.784152712348390694e-04
-1.245616503654632060e-03 -7.038493474900148336e-04 2.894083509675810656e-04
5.290437163847188902e-04 -1.251808421288745947e-03 2.862066430394144176e-04
2.579207148717108967e-03 -7.911052773386064623e-04 3.342939509994263358e-04
1.483540097155193330e-04 -4.025594903320853409e-03 4.983931565878083362e-04
0.000000000000000000e+00 0.000000000000000000e+00 0.000000000000000000e+00
0.000000000000000000e+00 0.000000000000000000e+00 0.000000000000000000e+00
0.000000000000000000e+00 0.000000000000000000e+00 0.000000000000000000e+00
