-1.126930793465382996e-01 4.615263355827027847e-01 -2.287646167831647315e-02
1.557663603915567518e-01 1.786755732515931394e-01 -1.606453807706322012e-02
1.774890555133841474e-02 6.962000067055691167e-03 -4.356969739410911438e-03
9.486903213926879685e-02 3.448786042633067233e-04 -4.327858601122493327e-03
2.458946425728618379e-02 -9.222262964236324634e-03 -5.415558546251047871e-03
-6.267902561487428414e-01 -5.205030592860330207e-01 -2.129944065377544458e-03
9.601659451584983185e-03 1.886349095505032020e-02 4.797965300431761455e-03
0.000000000000000000e+00 0.000000000000000000e+00 0.000000000000000000e+00
0.000000000000000000e+00 0.000000000000000000e+00 0.000000000000000000e+00
0.000000000000000000e+00 0.000000000000000000e+00 0.000000000000000000e+00
0.000000000000000000e+00 0.000000000000000000e+00 0.000000000000000000e+00
0.000000000000000000e+00 0.000000000000000000e+00 0.000000000000000000e+00
0.000000000000000000e+00 0.000000000000000000e+00 0.000000000000000000e+00
9.659386064963676206e-04 -9.381968276052069953e-04 2.412219739178179609e-04
9.099669739530530897e-04 1.641108652078840152e-04 3.805383000335113087e-04
1.232248357967223812e-03 2.197631946596113566e-05 7.065052748955430277e-04
1.138534155353025006e-03 -2.358924240603822926e-04 2.025387928766796402e-04
1.130433211865560601e-03 -1.413731279053647479e-03 3.453816125379381968e-04
1.035846888333400752e-04 9.343292708606193257e-04 1.317738663731547744e-03
0.000000000000000000e+00 0.000000000000000000e+00 0.000000000000000000e+00
0.000000000000000000e+00 0.000000000000000000e+00 0.000000000000000000e+00
0.000000000000000000e+00 0.000000000000000000e+00 0.000000000000000000e+00
0.000000000000000000e+00 0.000000000000000000e+00 0.000000000000000000e+00
0.000000000000000000e+00 0.000000000000000000e+00 0.000000000000000000e+00
0.000000000000000000e+00 0.000000000000000000e+00 0.000000000000000000e+00
1.039753624438206035e-03 -7.257624178176869643e-05 8.640183875483961867e-04
7.176387208596256154e-04 -1.841606935420732165e-03 -8.310717210580150990e-03
-1.065822490211445171e-02 -6.681799384247419024e-03 -2.703740257586536092e-02
2.713727800691973641e-04 3.202901094068718712e-03 2.997609831274966000e-03
-1.204547102281598378e-02 -1.068565821208975440e-02 -3.428605443344931013e-03
-4.476936615972602201e-02 -3.405405159637949625e-02 -1.171444842104845258e-01
0.000000000000000000e+00 0.000000000000000000e+00 0.000000000000000000e+00
0.000000000000000000e+00 0.000000000000000000e+00 0.000000000000000000e+00
0.000000000000000000e+00 0.000000000000000000e+00 0.000000000000000000e+00
0.000000000000000000e+00 0.000000000000000000e+00 0.000000000000000000e+00
0.000000000000000000e+00 0.000000000000000000e+00 0.000000000000000000e+00
0.000000000000000000e+00 0.000000000000000000e+00 0.000000000000000000e+00
6.055205153542736821e-03 3.700715185917836936e-03 1.898749756806292904e-03
1.856119357567701834e-03 2.548692586462248527e-03 4.605570540143487900e-03
3.369600930693890817e-04 -1.276299444903035473e-03 5.309033330036036155e-03
1.706155852965791225e-02 1.293898614123682733e-02 1.201241252740150103e-02
1.783545845288592169e-02 -9.933409468624235586e-03 2.033946549659321201e-02
7.840773781745457097e-03 -6.957408182556238350e-03 3.732344194519185334e-03
0.000000000000000000e+00 0.000000000000000000e+00 0.000000000000000000e+00
0.000000000000000000e+00 0.000000000000000000e+00 0.000000000000000000e+00
0.000000000000000000e+00 0.000000000000000000e+00 0.000000000000000000e+00
0.000000000000000000e+00 0.000000000000000000e+00 0.000000000000000000e+00
0.000000000000000000e+00 0.000000000000000000e+00 0.000000000000000000e+00
0.000000000000000000e+00 0.000000000000000000e+00 0.000000000000000000e+00
-1.154273094893774085e-04 -5.059618766792013233e-04 9.446497135069341876e-04
1.055406472936901065e-03 -2.180923380795442030e-03 3.980958867351239703e-04
2.049695926488656443e-03 -2.338968507795539855e-03 2.226448147630649904e-04
3.053963998196784161e-03 -4.813249521814804387e-03 1.546542315965075427e-03
3.965555053144422838e-03 -4.058507060814033757e-03 2.934309228452160580e-04
1.556189440918525789e-03 -4.001923240143481818e-04 -7.791187618277603847e-05
0.000000000000000000e+00 0.000000000000000000e+00 0.000000000000000000e+00
0.000000000000000000e+00 0.000000000000000000e+00 0.000000000000000000e+00
0.000000000000000000e+00 0.000000000000000000e+00 0.000000000000000000e+00
0.000000000000000000e+00 0.000000000000000000e+00 0.000000000000000000e+00
0.000000000000000000e+00 0.000000000000000000e+00 0.000000000000000000e+00
0.000000000000000000e+00 0.000000000000000000e+00 0.000000000000000000e+00
3.042476705856710334e-04 -8.426609083480922314e-04 6.151943641157875654e-06
-3.414688315982465134e-05 3.408363251891124144e-04 3.822795790143456286e-05
7.358984944950077876e-04 2.365743941555927855e-03 1.202480910187293936e-03
-1.451706969393507071e-04 1.085362043603174328e-03 -2.768043459987866027e-04
7.421890866273352745e-04 2.642378318093893154e-03 1.851458455643676868e-04
-5.669430025250624984e-04 7.213742045994974740e-03 2.903359944193536178e-03
0.000000000000000000e+00 0.000000000000000000e+00 0.000000000000000000e+00
0.000000000000000000e+00 0.000000000000000000e+00 0.000000000000000000e+00
0.000000000000000000e+00 0.000000000000000000e+00 0.000000000000000000e+00
0.000000000000000000e+00 0.000000000000000000e+00 0.000000000000000000e+00
0.000000000000000000e+00 0.000000000000000000e+00 0.000000000000000000e+00
0.000000000000000000e+00 0.000000000000000000e+00 0.000000000000000000e+00
1.740181310640533845e-03 1.497809331768742373e-03 3.245716749230578239e-03
4.847288809826790640e-03 -1.512051290277120633e-03 -3.483569971036247666e-03
4.389894124818482894e-03 -5.664530025524707434e-03 -2.505695686795405414e-02
2.086193580495001969e-03 4.431241655462932021e-03 1.033404503823151521e-02
-7.846151960871829145e-03 8.435193849707546196e-03 1.178396485716281389e-02
-1.601163570653766841e-02 2.999227740640009535e-03 -2.309022375712954656e-02
0.000000000000000000e+00 0.000000000000000000e+00 0.000000000000000000e+00
0.000000000000000000e+00 0.000000000000000000e+00 0.000000000000000000e+00
0.000000000000000000e+00 0.000000000000000000e+00 0.000000000000000000e+00
0.000000000000000000e+00 0.000000000000000000e+00 0.000000000000000000e+00
0.000000000000000000e+00 0.000000000000000000e+00 0.000000000000000000e+00
0.000000000000000000e+00 0.000000000000000000e+00 0.000000000000000000e+00
3.119944288128008360e-03 3.172722132990802614e-03 1.662101792175898910e-03
-9.241531321018292989e-04 2.556270613563311187e-04 4.431826810003653382e-03
3.177114031994898898e-03 -1.276868125351977162e-02 2.578419885288345606e-02
2.922638674811347398e-03 8.127777086864967568e-03 1.729120217217818001e-02
3.467667794412380988e-02 -1.656426862890626392e-02 8.925550473671858831e-02
1.424250227837504761e-02 1.094759225992696268e-02 -1.164967602744233083e-02
0.000000000000000000e+00 0.000000000000000000e+00 0.000000000000000000e+00
0.000000000000000000e+00 0.000000000000000000e+00 0.000000000000000000e+00
0.000000000000000000e+00 0.000000000000000000e+00 0.000000000000000000e+00
0.000000000000000000e+00 0.000000000000000000e+00 0.000000000000000000e+00
0.000000000000000000e+00 0.000000000000000000e+00 0.000000000000000000e+00
0.000000000000000000e+00 0.000000000000000000e+00 0.000000000000000000e+00
9.221159149268823470e-04 -4.939636582154737464e-03 6.180351946446473003e-03
3.146862719471429210e-04 -1.321134135555441505e-03 -6.733864240373734584e-04
1.171791373679416338e-03 -1.307991349436566373e-03 -2.859229722991732804e-04
2.688933297001927947e-03 -1.904822700564843142e-03 -2.777567300876679791e-03
2.814095976693354630e-03 2.682804790504775359e-04 -1.035756338093156859e-03
5.795360561005386728e-04 3.290326638440869284e-03 -6.132729236212377524e-04
0.000000000000000000e+00 0.000000000000000000e+00 0.000000000000000000e+00
0.000000000000000000e+00 0.000000000000000000e+00 0.000000000000000000e+00
0.000000000000000000e+00 0.000000000000000000e+00 0.000000000000000000e+00
0.000000000000000000e+00 0.000000000000000000e+00 0.000000000000000000e+00
0.000000000000000000e+00 0.000000000000000000e+00 0.000000000000000000e+00
0.000000000000000000e+00 0.000000000000000000e+00 0.000000000000000000e+00
-2.349785069803241218e-04 4.183993107734714813e-04 -4.719895534995686851e-04
-4.272331304084011532e-04 4.681048902657881212e-04 -1.230471646836346926e-04
-8.834310230830448672e-04 1.429800597223577835e-03 6.405834138914859874e-04
-3.829890661942078047e-04 1.876330477055153465e-03 -5.106842717116266868e-04
-4.550294319083490074e-04 4.049469450687438743e-03 2.633356641732200064e-06
-2.048803894816274979e-03 4.401859826760884734e-03 8.419354017273819732e-04
0.000000000000000000e+00 0.000000000000000000e+00 0.000000000000000000e+00
0.000000000000000000e+00 0.000000000000000000e+00 0.000000000000000000e+00
0.000000000000000000e+00 0.000000000000000000e+00 0.000000000000000000e+00
0.000000000000000000e+00 0.000000000000000000e+00 0.000000000000000000e+00
0.000000000000000000e+00 0.000000000000000000e+00 0.000000000000000000e+00
0.000000000000000000e+00 0.000000000000000000e+00 0.000000000000000000e+00
2.673439401344379282e-04 5.153607766327118886e-04 2.888576965016402629e-03
1.719688985518641336e-03 5.293085447301672589e-04 1.034723146234315218e-03
4.712119530568847393e-03 1.170564647535019768e-03 2.589306543753415544e-03
-2.176734736760082677e-03 3.163933134722072757e-03 6.636992050291628045e-03
-2.637543846258437463e-03 1.813559503057123740e-02 3.456371084751957284e-02
7.152644743752350175e-03 -1.294909980659163934e-02 1.390054054487889663e-02
0.000000000000000000e+00 0.000000000000000000e+00 0.000000000000000000e+00
0.000000000000000000e+00 0.000000000000000000e+00 0.000000000000000000e+00
0.000000000000000000e+00 0.000000000000000000e+00 0.000000000000000000e+00
0.000000000000000000e+00 0.000000000000000000e+00 0.000000000000000000e+00
0.000000000000000000e+00 0.000000000000000000e+00 0.000000000000000000e+00
0.000000000000000000e+00 0.000000000000000000e+00 0.000000000000000000e+00
-5.788130237766956352e-04 1.860717360471732121e-03 5.786719490689663445e-03
1.056372504563286635e-03 -2.165682491156521641e-03 1.993819169439859577e-04
4.939274537113628322e-03 -3.300940809155856939e-03 -4.220125850633487177e-03
3.392622764042359414e-03 -1.747378600898217855e-03 1.090019288549404913e-02
3.163359485141481464e-02 5.260812646088109355e-03 3.120561037569915402e-02
1.173049781085935481e-02 2.008887640698642577e-02 -4.476198878178572899e-02
0.000000000000000000e+00 0.000000000000000000e+00 0.000000000000000000e+00
0.000000000000000000e+00 0.000000000000000000e+00 0.000000000000000000e+00
0.000000000000000000e+00 0.000000000000000000e+00 0.000000000000000000e+00
0.000000000000000000e+00 0.000000000000000000e+00 0.000000000000000000e+00
0.000000000000000000e+00 0.000000000000000000e+00 0.000000000000000000e+00
0.000000000000000000e+00 0.000000000000000000e+00 0.000000000000000000e+00
1.301842745958128487e-03 -1.093283233958144540e-03 -2.492684752634136223e-03
2.605736360777363811e-04 1.514268630416279980e-03 -2.309224324975346458e-03
1.354241719463077337e-04 2.188039875219550609e-03 -1.674302981355653116e-03
1.784736770807683398e-03 5.142690192084043224e-03 -9.747638248782821910e-03
4.248425295695626956e-03 8.920462125243021345e-03 -3.433423257134043342e-03
1.385378538863990365e-03 4.806489221136740590e-03 -1.069125481443079827e-03
0.000000000000000000e+00 0.000000000000000000e+00 0.000000000000000000e+00
0.000000000000000000e+00 0.000000000000000000e+00 0.000000000000000000e+00
0.000000000000000000e+00 0.000000000000000000e+00 0.000000000000000000e+00
0.000000000000000000e+00 0.000000000000000000e+00 0.000000000000000000e+00
0.000000000000000000e+00 0.000000000000000000e+00 0.000000000000000000e+00
0.000000000000000000e+00 0.000000000000000000e+00 0.000000000000000000e+00
-8.542914634488168633e-05 7.268681207126319278e-04 -3.131245487515367976e-04
-5.383756670804914395e-04 5.801477364501459160e-04 4.848547585841503057e-05
-1.180184163530792127e-03 1.823959346439766628e-03 2.704302467310968142e-04
-2.615104158273801873e-04 1.060817467654530475e-03 -1.266794935681669665e-05
-9.556912089459266907e-05 2.437825960718846725e-03 -1.514712753229078917e-04
2.467372552612280383e-03 -3.329210965632740417e-03 -1.407167753796205326e-03
0.000000000000000000e+00 0.000000000000000000e+00 0.000000000000000000e+00
0.000000000000000000e+00 0.000000000000000000e+00 0.000000000000000000e+00
0.000000000000000000e+00 0.000000000000000000e+00 0.000000000000000000e+00
0.000000000000000000e+00 0.000000000000000000e+00 0.000000000000000000e+00
0.000000000000000000e+00 0.000000000000000000e+00 0.000000000000000000e+00
0.000000000000000000e+00 0.000000000000000000e+00 0.000000000000000000e+00
-1.176100613440512815e-03 7.389207605495737383e-04 8.535562646950196983e-04
5.247957773629115556e-04 4.035917207966753495e-04 -8.517801597263071657e-04
3.057256910659227229e-03 5.253639294688257355e-04 1.526989122407388343e-03
1.180697385443617428e-03 -1.209978126974519883e-03 -3.366494161659415278e-03
1.038589483445034704e-02 -7.104154476488599990e-03 -4.312525276945582998e-03
6.320533026521872079e-03 -5.289618322779579161e-04 4.986714358092712764e-04
0.000000000000000000e+00 0.000000000000000000e+00 0.000000000000000000e+00
0.000000000000000000e+00 0.000000000000000000e+00 0.000000000000000000e+00
0.000000000000000000e+00 0.000000000000000000e+00 0.000000000000000000e+00
0.000000000000000000e+00 0.000000000000000000e+00 0.000000000000000000e+00
0.000000000000000000e+00 0.000000000000000000e+00 0.000000000000000000e+00
0.000000000000000000e+00 0.000000000000000000e+00 0.000000000000000000e+00
-4.624723309893851103e-04 3.267517101207081292e-04 1.365194072309941367e-03
2.538709800792393438e-03 -7.167489285625051150e-04 -2.364391845750911120e-03
6.827829701523752820e-03 -1.691125703556068359e-03 -7.310104235352051644e-03
4.842429127887108546e-03 -1.599760111008415985e-03 -3.149057254346394451e-03
1.967966073455408929e-02 2.605236458106121537e-03 7.388454218795158235e-04
4.800034781973457239e-03 3.827160941924669498e-05 -9.558214170823967591e-04
0.000000000000000000e+00 0.000000000000000000e+00 0.000000000000000000e+00
0.000000000000000000e+00 0.000000000000000000e+00 0.000000000000000000e+00
0.000000000000000000e+00 0.000000000000000000e+00 0.000000000000000000e+00
0.000000000000000000e+00 0.000000000000000000e+00 0.000000000000000000e+00
0.000000000000000000e+00 0.000000000000000000e+00 0.000000000000000000e+00
0.000000000000000000e+00 0.000000000000000000e+00 0.000000000000000000e+00
1.207289275257295968e-03 -2.829171203315485874e-04 -2.308932134084383872e-03
-1.390258853026871209e-04 2.962304728669642686e-05 1.066704124435575448e-04
4.372004394521747384e-04 2.308208349291183611e-03 -1.011880843988326867e-03
4.110570668322723466e-04 -9.437726539868854822e-05 -2.619518221122496887e-05
4.653429748891301128e-03 5.891993580128620372e-03 -2.316311115071413487e-03
1.871057913102490292e-03 1.920499362631572981e-03 -1.261192880615615865e-04
0.000000000000000000e+00 0.000000000000000000e+00 0.000000000000000000e+00
0.000000000000000000e+00 0.000000000000000000e+00 0.000000000000000000e+00
0.000000000000000000e+00 0.000000000000000000e+00 0.000000000000000000e+00
0.000000000000000000e+00 0.000000000000000000e+00 0.000000000000000000e+00
0.000000000000000000e+00 0.000000000000000000e+00 0.000000000000000000e+00
0.000000000000000000e+00 0.000000000000000000e+00 0.000000000000000000e+00
-3.564128990263475778e-04 -1.053228434474811346e-04 1.463214082315393225e-04
-2.351264871745202328e-04 -6.369219834523957282e-04 -2.791890886454887898e-04
3.095183146484874952e-04 -7.998822188480568876e-04 -7.726351866447393009e-04
3.310570105516527032e-05 -1.322891307564698403e-03 -9.531327042426085189e-05
1.448156255989712206e-03 -1.449790616711600253e-03 -1.767497412985515395e-04
1.524563619929335994e-03 -2.648185480619721487e-03 -1.107812857562260256e-03
0.000000000000000000e+00 0.000000000000000000e+00 0.000000000000000000e+00
0.000000000000000000e+00 0.000000000000000000e+00 0.000000000000000000e+00
0.000000000000000000e+00 0.000000000000000000e+00 0.000000000000000000e+00
0.000000000000000000e+00 0.000000000000000000e+00 0.000000000000000000e+00
0.000000000000000000e+00 0.000000000000000000e+00 0.000000000000000000e+00
0.000000000000000000e+00 0.000000000000000000e+00 0.000000000000000000e+00
5.794288801776654757e-05 -4.144845684455278562e-04 -1.214985835759027979e-03
9.711628166835157595e-04 -6.327666727247291054e-04 -1.165478861182652056e-03
2.167567197770490974e-03 -1.012380635162337663e-03 -2.493257927878442509e-03
1.530575733719926343e-03 -2.060647638360988288e-03 -2.574268029150174678e-03
4.329356255030092880e-03 -3.011966182041968774e-03 -5.530634256338888034e-03
5.025811919498713969e-03 -3.700411629353889988e-03 -7.787765020792244107e-03
0.000000000000000000e+00 0.000000000000000000e+00 0.000000000000000000e+00
0.000000000000000000e+00 0.000000000000000000e+00 0.000000000000000000e+00
0.000000000000000000e+00 0.000000000000000000e+00 0.000000000000000000e+00
0.000000000000000000e+00 0.000000000000000000e+00 0.000000000000000000e+00
0.000000000000000000e+00 0.000000000000000000e+00 0.000000000000000000e+00
0.000000000000000000e+00 0.000000000000000000e+00 0.000000000000000000e+00
1.793132160333385907e-03 -5.963134533500220272e-04 -1.730693911231712427e-03
1.550188968334472155e-03 -9.585991378889205253e-05 -8.178999489175709002e-04
3.323296047902244126e-03 -7.531014996275122396e-05 -1.420899781061774709e-03
6.195280837449021645e-03 -1.833995918054890728e-03 -4.981904543893916557e-03
1.362925352696879935e-02 -5.407246312132076363e-03 -1.133836072379668103e-02
2.611751155767415723e-03 -2.262753033796487036e-03 3.921329702769483540e-03
0.000000000000000000e+00 0.000000000000000000e+00 0.000000000000000000e+00
0.000000000000000000e+00 0.000000000000000000e+00 0.000000000000000000e+00
0.000000000000000000e+00 0.000000000000000000e+00 0.000000000000000000e+00
0.000000000000000000e+00 0.000000000000000000e+00 0.000000000000000000e+00
0.000000000000000000e+00 0.000000000000000000e+00 0.000000000000000000e+00
0.000000000000000000e+00 0.000000000000000000e+00 0.000000000000000000e+00
4.957417307333475930e-04 6.835114203439673246e-05 4.968540580890801872e-05
2.836920644152903832e-05 -2.662364147380465759e-04 3.465477548943849046e-04
4.791510911889921014e-05 -3.947962568146563930e-04 3.627109831575545291e-04
8.622003462665612464e-04 -9.004025248857104331e-04 1.192449328739292672e-03
2.671196393745792295e-03 -6.000931758618526434e-04 8.228846204840708795e-04
1.697394952280167121e-03 -1.870064183856769060e-03 1.846435744228690126e-04
0.000000000000000000e+00 0.000000000000000000e+00 0.000000000000000000e+00
0.000000000000000000e+00 0.000000000000000000e+00 0.000000000000000000e+00
0.000000000000000000e+00 0.000000000000000000e+00 0.000000000000000000e+00
0.000000000000000000e+00 0.000000000000000000e+00 0.000000000000000000e+00
0.000000000000000000e+00 0.000000000000000000e+00 0.000000000000000000e+00
0.000000000000000000e+00 0.000000000000000000e+00 0.000000000000000000e+00
1.071119677436538162e-05 -6.276046021346813391e-04 2.481663491919540611e-05
1.572175172007985150e-04 -1.275440221839096435e-03 -3.190117902181026626e-04
1.615329346405491569e-04 -2.460970514056185898e-03 -8.194448137436505979e-04
4.935202134159938662e-04 -2.226581764454294184e-03 -3.601182225770297747e-05
9.675442433707663343e-04 -3.035003262407632175e-03 -2.487005826340146840e-04
-3.429692035902983630e-04 -4.078357227905220206e-03 -9.799416196937865350e-04
0.000000000000000000e+00 0.000000000000000000e+00 0.000000000000000000e+00
0.000000000000000000e+00 0.000000000000000000e+00 0.000000000000000000e+00
0.000000000000000000e+00 0.000000000000000000e+00 0.000000000000000000e+00
0.000000000000000000e+00 0.000000000000000000e+00 0.000000000000000000e+00
0.000000000000000000e+00 0.000000000000000000e+00 0.000000000000000000e+00
0.000000000000000000e+00 0.000000000000000000e+00 0.000000000000000000e+00
2.250260329934101382e-04 -1.301092518896875775e-03 -1.075394716374480919e-03
4.560974327748180241e-04 -1.170331952168670447e-03 -1.102292469194699745e-03
2.464411321653175134e-03 -2.487977202689743619e-03 -2.548852970409448866e-03
-3.941776228309552712e-04 -3.177591281686347434e-03 -1.593977093558853267e-03
8.270025539795596752e-04 -3.197588475329291892e-03 -1.122704589902738612e-03
-4.592713295967234231e-04 -1.844235540143433294e-03 3.401145936676723981e-04
0.000000000000000000e+00 0.000000000000000000e+00 0.000000000000000000e+00
0.000000000000000000e+00 0.000000000000000000e+00 0.000000000000000000e+00
0.000000000000000000e+00 0.000000000000000000e+00 0.000000000000000000e+00
0.000000000000000000e+00 0.000000000000000000e+00 0.000000000000000000e+00
0.000000000000000000e+00 0.000000000000000000e+00 0.000000000000000000e+00
0.000000000000000000e+00 0.000000000000000000e+00 0.000000000000000000e+00
3.309901957897928154e-03 -8.460929785484393303e-04 -1.066902225267547018e-03
1.013637574849092981e-03 -5.471893356231732506e-04 5.120822136128622831e-04
1.851914573563145624e-03 -1.048740837815851029e-03 1.429663823019001979e-03
5.672736341617720494e-03 -1.204594611530408581e-03 1.095009969596968556e-03
6.244250793146652323e-03 -1.913003211266215819e-03 1.004408949373481776e-03
4.050960012145219877e-03 -2.283615998779642449e-03 8.213164323940802796e-04
0.000000000000000000e+00 0.000000000000000000e+00 0.000000000000000000e+00
0.000000000000000000e+00 0.000000000000000000e+00 0.000000000000000000e+00
0.000000000000000000e+00 0.000000000000000000e+00 0.000000000000000000e+00
0.000000000000000000e+00 0.000000000000000000e+00 0.000000000000000000e+00
0.000000000000000000e+00 0.000000000000000000e+00 0.000000000000000000e+00
0.000000000000000000e+00 0.000000000000000000e+00 0.000000000000000000e+00
3.576628449359965135e-04 -3.139154101708702561e-04 5.800219041566576474e-04
2.926409181980267160e-04 -3.435156569629802936e-04 1.900678965710610809e-04
5.195622447054048078e-04 -1.358602218884248604e-03 2.452469098876524354e-04
1.191781164997913599e-03 -1.142546538089677126e-03 4.520910288623741389e-04
2.469968400578397179e-03 -2.522957175405593847e-03 6.232978667567783083e-04
1.775640581569820284e-03 -3.343048326189783457e-03 2.354783330727258238e-04
0.000000000000000000e+00 0.000000000000000000e+00 0.000000000000000000e+00
0.000000000000000000e+00 0.000000000000000000e+00 0.000000000000000000e+00
0.000000000000000000e+00 0.000000000000000000e+00 0.000000000000000000e+00
0.000000000000000000e+00 0.000000000000000000e+00 0.000000000000000000e+00
0.000000000000000000e+00 0.000000000000000000e+00 0.000000000000000000e+00
0.000000000000000000e+00 0.000000000000000000e+00 0.000000000000000000e+00
5.911159569057326249e-04 -5.461917830750824413e-04 1.508268742418605814e-04
1.078196457127510990e-03 -5.870782468277623229e-04 2.586172913453492614e-04
-6.432872262792194582e-06 -3.206627822312429609e-03 -5.888292758698757947e-04
1.514821103761266252e-03 -1.570602643938463902e-03 2.905310729287134837e-04
5.044195912009168722e-04 -4.216083564251370264e-03 4.192240603493935697e-05
-2.399614662979263069e-03 -5.812256958517347111e-03 -4.633278819639640236e-04
0.000000000000000000e+00 0.000000000000000000e+00 0.000000000000000000e+00
0.000000000000000000e+00 0.000000000000000000e+00 0.000000000000000000e+00
0.000000000000000000e+00 0.000000000000000000e+00 0.000000000000000000e+00
0.000000000000000000e+00 0.000000000000000000e+00 0.000000000000000000e+00
0.000000000000000000e+00 0.000000000000000000e+00 0.000000000000000000e+00
0.000000000000000000e+00 0.000000000000000000e+00 0.000000000000000000e+00
-1.146652012208449866e-04 -2.032957799667369815e-03 -1.017000721177998938e-03
-2.513426871989310647e-03 -1.989003722669141147e-03 -6.609017761573414591e-03
-1.439962177792620613e-03 -2.187759297107677928e-03 -1.321885537574935595e-03
-2.900968862717701394e-03 -4.032894036887322599e-03 -2.609998172176906939e-03
-4.324046304680594782e-03 -4.679570758732356540e-03 -1.892069481038295047e-03
-8.819604030096786160e-03 -5.278163704290451258e-03 -9.494525249441351875e-04
0.000000000000000000e+00 0.000000000000000000e+00 0.000000000000000000e+00
0.000000000000000000e+00 0.000000000000000000e+00 0.000000000000000000e+00
0.000000000000000000e+00 0.000000000000000000e+00 0.000000000000000000e+00
0.000000000000000000e+00 0.000000000000000000e+00 0.000000000000000000e+00
0.000000000000000000e+00 0.000000000000000000e+00 0.000000000000000000e+00
0.000000000000000000e+00 0.000000000000000000e+00 0.000000000000000000e+00
4.442886589216332900e-03 -3.883446454161818646e-05 2.146987135171018850e-03
1.231361054677728968e-03 -2.466368265659693170e-04 1.806516853224194837e-03
1.891478601766161463e-03 -1.601345663708731099e-03 9.789938437685323080e-04
1.089634832549925096e-02 -1.237618343235228876e-03 6.591625536214337083e-03
7.858371198065296215e-03 -1.807631945542980149e-03 1.758199925779627224e-03
6.611520706436118007e-03 -5.602226530373712911e-03 2.644626500936186377e-03
0.000000000000000000e+00 0.000000000000000000e+00 0.000000000000000000e+00
0.000000000000000000e+00 0.000000000000000000e+00 0.000000000000000000e+00
0.000000000000000000e+00 0.000000000000000000e+00 0.000000000000000000e+00
0.000000000000000000e+00 0.000000000000000000e+00 0.000000000000000000e+00
0.000000000000000000e+00 0.000000000000000000e+00 0.000000000000000000e+00
0.000000000000000000e+00 0.000000000000000000e+00 0.000000000000000000e+00
2.955322467845325767e-04 -4.823602360620871240e-04 3.915335518332975430e-04
4.743335997908236837e-04 -5.272229426300683360e-04 2.310654431525354714e-04
1.237887196328658424e-03 -1.488518312590671753e-03 2.983478073730618744e-04
1.387833805811534895e-03 -1.568548283318595051e-03 9.992012318202605960e-04
3.516391802021352330e-03 -3.577831059306079645e-03 5.731432618398106006e-04
2.275142156082876621e-03 -3.063047776560579461e-03 3.748803348656952608e-05
0.000000000000000000e+00 0.000000000000000000e+00 0.000000000000000000e+00
0.000000000000000000e+00 0.000000000000000000e+00 0.000000000000000000e+00
0.000000000000000000e+00 0.000000000000000000e+00 0.000000000000000000e+00
