          98
Energy of minimum      1=    -543.6653608     first found at step    59206 after              8163874 function calls
LA        -2.0546439906       -0.8043944957        1.3777168893
LA        -0.5914835705       -2.2885742129       -1.0859518458
LA         1.7735579108       -1.2750550394       -1.4126017187
LA        -1.2379390029        1.2584051697       -1.9106647593
LA        -2.0349326002        1.3182756360        0.9422925335
LA         2.5890346828       -0.0735332989       -0.2412631407
LA        -2.5167368626        0.6083859935        0.2502360572
LA        -0.0420126499       -2.3979652814        1.0073299124
LA        -1.0933469963       -2.2508738091        0.7105454385
LA         1.0582072951        2.2299275720        0.8211797586
LA        -1.0523009067       -0.8796913472       -2.2103217400
LA        -0.4247120946        2.4566119814       -0.7425580679
LA        -0.2739826457       -0.1920759837       -2.5796814611
LA         1.3547214739        2.2076531403       -0.2402362546
LA         2.3160189418        0.7611735237       -0.9074071176
LA        -1.5728394096       -0.0945048607        2.0697729495
LA         2.0885553045       -0.0359368162        1.5502776217
LA         0.7712148278       -1.1997582363        2.1754366055
LA         1.5005417927       -0.4403483051       -2.0787455010
LA         0.2016850509       -0.3427770218        2.5707086510
LA        -0.7212261882        2.4788863875        0.3188580330
LA         1.5190254446        0.8210443766        1.9455495836
LA        -2.0162571915        0.5707897096       -1.5413050134
LA         0.4598508219       -2.4356655645       -0.7891676069
LA        -1.3280618773       -1.9407890788       -0.3302747362
LA         2.0928856508       -1.0592765119       -0.3704791497
LA        -0.0128683053        2.1092857610        1.0909815305
LA         0.5771157908        2.0649655479       -1.0209538030
LA        -1.3419398939        0.9350999159        1.7217076522
LA        -2.3006023496       -0.4773913854        0.3447000612
LA         1.5496568018        0.6015675069       -1.6959281181
LA         0.7638134809       -2.2334618636        0.2602468269
LA         1.5865526659       -1.0212403148        1.4420161318
LA         0.4533399308        0.6839239163        2.2285023471
LA        -0.2456230592        0.8527437649       -2.2027231097
LA        -1.7942693779       -0.5154275852       -1.4677956013
LA         2.1080752232        1.4081883523       -0.0156311955
LA        -0.1857680699       -1.6991807076        1.8722966904
LA        -2.1427620347        1.2027548399       -0.6238358609
LA         0.7925987314       -1.7726762761       -1.6299157061
LA         0.5183297814       -0.9341390430       -2.2991167606
LA         1.8102003763        1.4305649834        1.0506558024
LA        -0.7579115962       -0.8382667728        2.2693827915
LA        -1.6587466759        1.9159022195        0.0713965281
LA        -0.2635603981       -1.6249099475       -1.9280619053
LA        -1.3608718498        1.8935257559       -0.9948905785
LA         2.3823440544        0.5696509988        0.6535698861
LA        -1.2419271616       -1.5514141853        1.5741504794
LA         1.4323844795       -1.3907102558        0.4293310966
LA        -1.7482070811       -0.9457158442       -0.4685271864
LA        -0.2906089886        1.2019063682        1.6251440846
LA         0.6064318621        1.1345197935       -1.5859478399
LA        -1.9363164634        0.1221291860       -0.5434863201
LA         0.7509093032        1.3101372092        1.3339002853
LA         1.3475150166        1.2653197341       -0.8017384640
LA         0.5602814981        0.1054117587       -1.9325080057
LA        -1.0057461378       -1.2781150928       -1.1893320371
LA         1.8968408264       -0.4141649176        0.5385870260
LA        -0.5208057850        0.1866239279        1.9374072694
LA        -0.3702888814        1.5056560503       -1.2866623463
LA        -1.4902280880       -1.2417204852        0.5449447103
LA         0.6251255732       -1.5376780318        1.1420938672
LA         1.1096074898       -1.5740726788       -0.5921827097
LA        -0.9668945519        1.5504734972        0.8489764268
LA         0.2804490641        2.0747362931        0.0348060005
LA         1.8104600753       -0.2274959163       -1.0270703448
LA        -0.2804494410       -2.0747361667       -0.0348060496
LA        -1.8104598637        0.2274957909        1.0270705683
LA         1.0138918414       -0.1676570717        1.8243650364
LA        -1.0138916999        0.1676569535       -1.8243651136
LA         1.0475870160        1.2804660375        0.2657793389
LA        -1.1493684190        0.8127839599       -0.9088480246
LA        -0.6689539182        1.5206257316       -0.2187880133
LA         0.0527461680       -1.4187297701       -0.8899965734
LA         1.3198155438        0.4481671845        0.9300018652
LA        -0.2194821381       -0.5864309820       -1.5542189913
LA        -0.9992664811       -0.5278529759        1.2371369828
LA         1.6154741526        0.4259571084       -0.1283524176
LA        -1.4450270929        0.8349939599        0.1495062636
LA        -0.4313794588       -1.3823619431        0.8430051041
LA         0.8288195619       -0.7330980664       -1.2582907596
LA         0.0490352281       -0.6745201171        1.5330651413
LA        -1.2392041981       -0.2293763284        0.2204639489
LA         0.8437841954       -0.5208056850        0.8084768182
LA        -0.7575566485        0.4802821182        0.9122949249
LA        -0.1700793927        0.4361503560       -1.1906682406
LA         1.1348440896       -0.5426703032       -0.2334158175
LA         0.3708418954       -1.2176377387        0.1291499099
LA         0.0064453821        1.1552496789        0.5497290980
LA         0.2744397354        0.3358963762        1.2036202273
LA        -0.9481443467       -0.2512409549       -0.8214287775
LA        -0.6801501705       -1.0705942244       -0.1675376377
LA         0.3028628759        1.1329825115       -0.5113414139
LA         0.8619170290        0.2917646222       -0.8993429267
LA        -0.4667590125        0.4531789721       -0.1399025145
LA         0.0946982785       -0.3916549605       -0.5295719571
LA         0.5696735040        0.3081725670        0.1526750637
LA        -0.1976127023       -0.3696963441        0.5167994149
          98
Energy of minimum      2=    -543.6429572     first found at step    34567 after              4838401 function calls
LA        -1.2500882509        1.9444949205        1.4769961277
LA        -0.6256903828        0.3800206184       -2.8055970294
LA         0.7883844843       -2.1722300980        1.7513265329
LA         1.7564697329       -1.4581718272       -1.3617526180
LA        -1.4548796922       -2.0864331533       -0.7171048232
LA         2.2941012455       -0.5660804408        1.3947528527
LA         1.2272740304        1.3594253924       -2.0431455737
LA        -2.2791103313        0.6735594145       -1.3372977430
LA        -1.2131251567       -1.2504270223        2.0978915441
LA         2.0284453616        0.7431718415       -1.5534839566
LA         2.6183844805       -0.3216028777        0.3476215435
LA        -1.9678053261       -1.2183259457        1.2675624909
LA        -2.5573131007       -0.1543277355       -0.6321564299
LA        -0.5948226878        2.3977725523       -0.6619897624
LA         0.3689273791        0.6583059545        2.4437440608
LA         1.4873965892       -0.4279981926        2.1685495547
LA         0.2241995309        1.8519337565       -1.9021599631
LA        -0.2868306915       -0.7733806645        2.5243014169
LA        -1.5494232982        1.5054603291       -1.5444620819
LA        -0.1672839451        2.1763117881        1.2708242113
LA         0.7213982764       -1.2284640179        2.3388270586
LA        -0.7094593827        1.3540771670       -2.2721779055
LA         0.6527907017        1.5285481201        1.7664760382
LA         0.1629170096        2.4127180541        0.1878330877
LA         1.4902853559        1.3885010566        0.9945594168
LA         1.1912635023        1.9282028354        0.0309471507
LA         2.3415829908        0.2112440433       -0.6083115923
LA        -2.2800473661       -0.6924353545        0.3197085085
LA        -0.9311769430        2.1929634949        0.4135434309
LA        -0.4453877168        1.3161654406        1.9790241252
LA         1.5419839889       -1.3703634194        1.5744697927
LA         0.3005042146        0.8703715169       -2.4262555529
LA        -1.4532017547        0.5275874546       -2.0733818947
LA        -0.2120142550       -1.7126206315        1.9264047523
LA         2.1887274580       -0.8897050099       -0.5081479613
LA         1.8941015335       -0.3579381137       -1.4575928107
LA        -1.7128741163       -1.6527794547        0.2747744539
LA        -2.0073174184       -1.1213409702       -0.6740839250
LA        -1.3842348078        0.8280443156        1.5669257010
LA        -1.6807325116        1.3631910752        0.6114465099
LA         0.0386218662       -2.1509408879        0.9297413362
LA        -0.9061615271       -0.4457094530       -2.1148689779
LA         0.1713542957       -0.2349881928       -2.3313666596
LA         1.1162044623       -1.9403395257        0.7134575837
LA         1.4389459082       -1.7022500480       -0.3233000768
LA         0.9650529907       -0.8469257433       -1.8504410757
LA        -0.7088091971       -2.1222536961        0.1077946116
LA        -1.1826369386       -1.2670458148       -1.4191387372
LA         0.6859632262       -1.6728754325       -1.1498109781
LA        -0.3835856254       -1.8821005780       -0.9350986826
LA         2.0042344939        0.3908656187        0.9265514387
LA         1.4190016304        1.4471472388       -0.9593895905
LA        -1.4869508981       -0.2906932599        1.6252680250
LA        -2.0708997466        0.7632721957       -0.2565374946
LA         0.4236888978        1.9396839897       -0.8144456208
LA         1.2024956117        0.5340217061        1.6952974399
LA         1.8756315267       -1.1389854739        0.5340938433
LA         1.1035576537        0.2545227720       -1.9539489921
LA        -0.9673976925       -1.6947588821        1.1045121002
LA        -1.7392356575       -0.3016750663       -1.3827741435
LA        -1.3486853913        1.5914921762       -0.4562543968
LA        -0.5712945685        0.1883844633        2.0489269586
LA         0.3666447960       -1.9238487217       -0.1110502619
LA        -0.1088381852       -1.0656538654       -1.6433170547
LA         1.7350148737        0.9251102244       -0.0202607352
LA        -1.8013458528        0.2334232047        0.6897173749
LA        -0.0333689662        0.6143369762        0.3544341117
LA         0.4405153210       -0.2824710213        1.8612964996
LA        -0.5085696312        1.4305238811       -1.1971740831
LA         0.4447907548        1.4889710408        0.6959220840
LA        -0.6312230767        1.2667278455        0.9053488515
LA        -0.3079749381        1.4942956661       -0.1345429656
LA         0.1616986747        0.6465848380        1.3790039562
LA         0.5048924411       -1.2154028812        1.2691556963
LA        -0.4223402742        0.4581511571       -1.7188957480
LA         1.2529836358       -0.4214704373        1.0987374531
LA         0.4943088648        0.9478548522       -1.3461273644
LA         1.1404655836       -0.7480530218       -0.7728730017
LA        -0.9667132737       -1.1602058613       -0.3498261772
LA        -0.4856263153       -0.7611714475        1.4471980229
LA        -1.2439517269        0.6075234265       -0.9965424710
LA         1.5732521250       -0.1844078999        0.0704017506
LA         1.2819124118        0.3414282421       -0.8684539442
LA        -1.2273156318       -0.7322966750        0.6319351940
LA        -1.5183653732       -0.2069830532       -0.3059874349
LA         0.6824751698        1.0284521271       -0.2859984910
LA         0.9686859996        0.5118726819        0.6363296572
LA        -0.7519082535        0.1743025514        0.9800349401
LA        -1.0376122025        0.6899677384        0.0593392274
LA         0.2315749870       -0.2877188752        0.8084121371
LA        -0.2268214508        0.5396369012       -0.6687922238
LA         0.8302588816       -0.9928972186        0.2484658942
LA         0.3627107387       -0.1490238417       -1.2582299966
LA        -0.2331049087       -1.2007493857        0.4618740461
LA        -0.7005851072       -0.3569982575       -1.0446036992
LA         0.0877082292       -0.9649689311       -0.5676787709
LA         0.5469394601       -0.0581415429       -0.2022866966
LA        -0.4965818313       -0.2619947352        0.0073575739
          98
Energy of minimum      3=    -543.5467256     first found at step    14860 after              2112798 function calls
LA         2.2427723791        1.4900113697       -0.3381004052
LA         0.4741767523        2.1679846457       -1.5618808167
LA         0.1542055972       -2.4216813752       -1.5644678057
LA         0.1401020430       -2.0239643405        1.7499328680
LA        -2.4763422147       -1.0209761740       -0.0605157292
LA         0.8626729307        0.7292001533        2.5130315428
LA        -1.9939046437        1.8242417885        0.5364212950
LA        -0.8502865522       -0.6590339265       -2.4918420737
LA         2.0061064847       -1.7540025072       -0.5153617918
LA        -2.3652578815        1.1890721623       -0.3116755476
LA         1.3705579336       -0.2430160406        2.2733220479
LA         2.0023911335       -1.6165192773        0.5985398529
LA        -1.7327929119       -0.1846724717       -1.9860206830
LA        -0.7576570494        1.7062298046        2.0402102111
LA         0.4397902688        2.4134178874        0.7014507955
LA         1.4703707018        0.1745250295       -2.0282787572
LA         0.3643320751        1.6423427624        2.0813955525
LA        -1.0811314856        2.1964474750        1.0812063361
LA         1.7175099360       -1.2978624570       -1.5035614302
LA         0.2724555889       -0.7439155852       -2.5034659089
LA         0.7792591936       -1.6228047471       -2.0252131676
LA        -0.2523488942        0.8021090120        2.4856686352
LA        -1.6795455724        1.3492112703        1.4981191040
LA        -1.7411689490        0.2421494616        1.6211432874
LA        -0.8649619628       -0.0937361197        2.2274348113
LA        -2.0655907149        0.5050686590       -1.1575120380
LA         1.6990158789       -0.9380564829        1.4474073306
LA         1.3679706292        1.8415900245       -0.9567381944
LA        -0.3478725765       -1.5419109241       -2.0298304756
LA         1.0808112963       -2.0895818891       -1.0412534440
LA         1.3551439584        1.9704549816        0.1815958897
LA         0.4626975618        2.3125653142       -0.4359328323
LA         1.8746614874        0.8419324882       -1.1943684862
LA         0.9821828875        1.1840552534       -1.8119192725
LA         0.7564026875       -1.1350039581        2.0124601967
LA        -2.4224696736        0.0835855412       -0.1871604740
LA         1.0720720520       -1.8211318499        1.1757133760
LA        -2.1064348338       -0.6026823128       -1.0236543032
LA         1.8654058037        1.0606790416        0.6359442619
LA        -0.4705657224        1.9561501966       -0.9804321860
LA         2.1833201392        0.3698857293       -0.2063833049
LA        -0.1524966116        1.2652976962       -1.8226524852
LA        -0.3627846821       -1.0604800735        1.9922524370
LA        -2.1124801735       -0.3897514180        0.7815505440
LA         0.1501005761       -2.2974711001       -0.4585108519
LA        -0.7277092244       -1.9609716011       -1.0659109001
LA        -1.6041252380       -1.4942321444       -0.5652424059
LA         0.1457754164       -2.1650391219        0.6456010113
LA        -0.7360024442       -1.6946291902        1.1487799821
LA        -1.6076218225       -1.3605024658        0.5456630109
LA        -1.3919303487        1.7072296945       -0.3824474364
LA         1.4510920699        0.6173856214        1.5847831157
LA         2.0774619486       -0.7436527283       -0.0748167442
LA        -0.7652524425        0.3460733821       -2.0418341416
LA         0.2526900149       -0.1705604140        2.2620271024
LA        -2.0641342273        0.7175716289        0.6589002866
LA        -1.2357804238       -1.0809020462       -1.5334952027
LA         1.0801177846       -1.9686784379        0.0689898706
LA         0.9607906110        1.5246122139        1.1523484743
LA        -0.4831181630        2.0781200691        0.1532351844
LA         0.3500817863        0.2681069042       -2.0533988007
LA         1.7937823959       -0.2853214847       -1.0544298163
LA        -1.2451809428       -0.7325636420        1.3936843721
LA        -0.7349887082       -1.8405202690        0.0425514583
LA         1.7836502595       -0.0692942646        0.7672967752
LA        -1.0964384959        1.0347589002       -1.2255816818
LA         0.3616367210        0.5069898423       -0.2417617009
LA        -0.1683696834        1.5838959223        1.1208045144
LA         0.8491501701       -0.6260992005       -1.5740434548
LA        -0.7711252021        0.7457679310        1.5275787173
LA         0.4158947758        1.3228116520       -0.8906118945
LA         1.2862050759        0.9891869667       -0.2884003741
LA         0.2249340657       -1.4144440848       -1.1086747728
LA         0.4065486824        1.4461941832        0.2136504150
LA         0.9094793067        0.3539251212       -1.1182962431
LA         0.3323911614        0.6797740410        1.5603595264
LA        -1.0841868441        1.2228054480        0.5801577555
LA         0.2156635415       -1.1550126671        1.0656962967
LA        -1.5015002964       -0.4967548770       -0.1224951819
LA         1.1455705636       -1.0869420568       -0.5941333705
LA        -0.2705546846       -0.5440850626       -1.5740209744
LA        -1.4519712458        0.5977477895       -0.2509847228
LA         0.8297905461       -0.2769430266        1.3278805436
LA         1.1418150884       -0.9552143680        0.5007869290
LA        -1.1396093531       -0.0806528223       -1.0778447163
LA        -0.4979030616        1.1011634626       -0.3168516401
LA         0.9036315394        0.5638992844        0.6529407592
LA         1.2101552946       -0.1020940096       -0.1591740391
LA        -0.1912349387        0.4351148282       -1.1288663844
LA        -0.1955210429        0.6287678270        0.6309026438
LA        -0.2809776798       -0.2091873329        1.3082605225
LA        -1.1476120139        0.1230284774        0.7085928270
LA         0.2967209543       -0.4398282172       -0.6724833281
LA         0.2206163565       -1.2985054376       -0.0203872744
LA        -0.6457913625       -0.9663767516       -0.6198979073
LA        -0.6501067788       -0.8355146884        0.4766537021
LA         0.2917390688       -0.3132483398        0.4042917171
LA        -0.5590334008        0.0128868438       -0.1844003149
          98
Energy of minimum      4=    -543.4923253     first found at step    12308 after              1731896 function calls
LA        -0.6504312473       -0.4475868333        2.5938317560
LA         1.4693043756        0.2402139893        2.2489845106
LA         0.5913456154       -2.5363295560       -1.3129613066
LA        -0.9998977166        2.6131885774       -0.8233922682
LA         1.1871793074        0.5879665575       -2.3258288006
LA        -1.1253256446       -2.5023108855        0.1112748924
LA        -2.3249597535        1.3798973090        0.4803600892
LA        -1.9787736344       -1.7918799300       -0.0552475149
LA        -2.6421964026        0.3550625324        0.1488643413
LA         1.0987477216        2.4906433849       -0.0768044805
LA         2.2982824555       -1.3912433993       -0.4458582374
LA         2.4981339263       -0.3393192944       -0.7825997665
LA         1.8347169398        1.8076047319       -0.5784891263
LA        -0.2573882296        1.6752880144        1.8705382915
LA         0.8239947252       -1.8242392402        1.5378345446
LA        -1.4917646736        1.9886644885        0.9312768725
LA        -0.0715786697       -2.6072845393        0.4943359596
LA         0.2402698276        2.5504962037        0.6494191059
LA         1.6603562900       -2.0451314685        0.2125093363
LA        -0.8161041163        2.5981732074        0.2754056521
LA         0.7934102900       -2.6104738118       -0.2197847736
LA        -1.9661970811       -1.1094016088       -0.9380846037
LA        -2.2968888461       -0.0392300064       -0.8363423128
LA        -2.3286210284       -0.7240865945        0.0475834927
LA        -1.6394656867        0.5865021748       -1.4909217725
LA        -1.1071456848       -1.1361705789       -1.6546977339
LA        -0.9071532288       -0.0908717436       -1.9926812446
LA         2.1832492173        0.7399490636       -0.6869361429
LA         0.4124069726       -0.1043722402        2.4382766173
LA        -0.2665254335       -2.5216442155       -0.6013699024
LA        -1.6633728577        1.9987776333       -0.1716093428
LA         0.0490264266        2.5542715422       -0.4502822564
LA         1.4457924698       -1.9658875664       -0.8800172559
LA        -0.4572856044        0.6185295837        2.2548461521
LA         0.0878130740       -1.1454963128        2.0871382909
LA         0.6124008187        0.9656020512        2.0808183267
LA         1.1574912372       -0.7983977153        1.9131129511
LA         1.8440957884        0.1253369243       -1.5551761976
LA         1.5126543676        1.1979351630       -1.4532030576
LA        -1.3142081831        0.0184477983        1.8078369510
LA        -0.9804914141       -1.0615132149        1.7051638749
LA         1.4854235399        0.9267637012        1.3523698001
LA         1.8190873187       -0.1530251168        1.2497132405
LA        -1.3220169708        1.6020095787       -1.1594813829
LA        -0.2587442541       -1.8389112429       -1.4866127781
LA         0.7938040567       -1.4977557899       -1.6576082736
LA        -0.2696629405        1.9437937247       -1.3304172375
LA         0.4592473643        1.2692086356       -1.8308290757
LA         0.9926147079       -0.4568536934       -1.9949273702
LA         0.1399844577        0.2488346290       -2.1623685375
LA        -1.9405986538        0.4807496404        0.9937733735
LA        -1.2832109269       -1.6466623508        0.7915182104
LA         1.4667668122        1.5863220745        0.4396422558
LA         2.1241474220       -0.5410654678        0.2373892183
LA        -1.9913483703        0.9859682938       -0.5087640852
LA        -1.1224280057       -1.8259972105       -0.7761001110
LA         0.7845220117        1.8863384338       -0.9605333707
LA         1.6532485628       -0.9250000824       -1.2278096895
LA        -1.1127682224        1.0810507463        1.4465209066
LA        -0.2385406224       -1.7480891251        1.1775518881
LA         0.6177009703        1.6424805239        1.1650400094
LA         1.4918948770       -1.1865503067        0.8960811580
LA        -0.5923600911        0.9326720008       -1.6718899786
LA        -0.0570180959       -0.7997803346       -1.8365957940
LA        -1.6337084521       -0.5902051856        0.8980234109
LA         1.8179853919        0.5298083298        0.3362155045
LA         0.0976720542       -0.0315427366        0.6492454494
LA         0.6249117889       -1.7570052591        0.4473604609
LA        -0.4424379817        1.6971094729        0.7757464353
LA        -1.2466150834       -0.2928775882       -0.9712388674
LA        -0.2708131121       -0.2361915471        1.6041500006
LA         0.7723111849        0.1022770719        1.4344395230
LA        -0.6222097554        1.7029422121       -0.3176266086
LA         0.4213240147       -1.6741000416       -0.6386849753
LA        -0.0733683803        0.8006904176        1.2573867699
LA         0.4542156119       -0.9066553253        1.0950676042
LA         0.8126278304        0.3751180293       -1.3043890464
LA        -1.2810138776        1.0980742383        0.3303729543
LA        -0.4275452525       -1.6638867218        0.0677907138
LA         0.4163313419        1.6486987759        0.0541163592
LA         1.2697256123       -1.1130212820       -0.2084426360
LA        -1.2672946781       -0.9680199542       -0.0975908067
LA        -1.5950088365        0.0925154614        0.0032353186
LA         1.1395999951        0.9796848422       -0.4415705678
LA         1.4672385707       -0.0806060777       -0.5423735637
LA        -0.9046973766        0.2169228418        0.8254870017
LA        -0.5829881297       -0.8241794492        0.7265083148
LA         0.7750057026        0.7618963795        0.5522692930
LA         1.0966905254       -0.2791266044        0.4532981837
LA        -0.9425806858        0.7114537391       -0.6524223313
LA        -0.4162334735       -0.9918899200       -0.8143607777
LA        -0.2575257196        0.8261427931        0.1757909245
LA         0.2586047259       -0.8441375570        0.0169957773
LA         0.0959806431        1.0483077651       -0.8212232758
LA         0.6222618901       -0.6548223515       -0.9831413990
LA        -0.2185798163        0.0417885109       -1.1499990458
LA        -0.5672049085       -0.1611205818       -0.1488391073
LA         0.4526969787        0.1697758651       -0.3143832787
          98
Energy of minimum      5=    -543.1896663     first found at step    12247 after              1723308 function calls
LA         2.4032824369        0.9283260401        0.7285484504
LA         0.7980424960        2.3482060032        1.0191822745
LA         0.7820019704        1.7126090495       -1.9787036375
LA        -1.4510185856        1.4771006124       -1.7578085652
LA         0.1288527817        1.4090886217        2.5633885265
LA         0.2105224264       -2.7297145480       -0.9243137070
LA         1.9652098980       -1.1391799596        1.4274899484
LA        -1.3353151632       -1.4812303953        1.7583504725
LA        -1.7582981724       -1.7070199397       -1.1498947613
LA        -1.8210903843        1.4104288238        1.4789518879
LA         1.8452413748       -1.3297818362       -1.5121301242
LA         2.4353308855       -0.7956028389       -0.7223698765
LA        -2.3130755379        0.4404805469        1.2047119268
LA        -2.2778842022       -1.2830033077       -0.2498860410
LA        -0.2652914277        2.5382631527       -0.1325092898
LA        -0.2007946184       -0.2738829536       -2.5004619825
LA        -1.0196280504        2.1499320548        1.2034618499
LA         0.8805449293       -1.3510098783       -2.0915708756
LA        -0.9425030561       -1.5415611965       -1.9082325317
LA        -0.0352593823        2.1411818184        1.7398103768
LA         0.0525476418       -2.0444316639       -1.7884131401
LA         0.9582752145        1.6051462793        1.8422274427
LA         2.4377889795        0.0658556626        0.0039016367
LA        -2.3131597008       -0.4253066292        0.4818672262
LA         1.7010304533        1.4758245997        0.0757215623
LA        -0.3371288283        1.6052476430       -1.8818353247
LA        -0.8467982467        1.4107561007        2.0229062767
LA        -0.7740569129       -2.2202318571       -1.0381607067
LA         1.0283677182       -2.0319370708       -1.2194813486
LA         0.2596581666        2.1455245420       -1.0692811472
LA         2.1855072243       -0.1059242716        1.0785369428
LA        -0.8662069092        2.0265165436       -0.9563264143
LA         0.2931338690        0.7277173156       -2.2610996619
LA        -0.8337427816        0.6090696034       -2.1498062186
LA         2.2016091589       -0.9677216808        0.3529939341
LA        -1.8255674630       -0.5213060226        1.4819794393
LA        -1.8081639486       -1.3825266371        0.7552094973
LA         1.2596100932        1.6075218811       -0.9595277131
LA         0.7467661935        0.5610423990        2.1913892777
LA         1.2783134782        0.7396403423       -1.6916369579
LA        -1.6704412540        0.4294502954       -1.3993277387
LA        -1.6886498818        1.2962606823       -0.6679270383
LA         1.3585196153       -0.2878241137        1.8125591023
LA        -0.3610992229        0.4444482163        2.3027339011
LA         0.7997902908       -2.2066064922       -0.1388857097
LA        -0.3074789792       -2.3210117592       -0.0276864010
LA         1.3845335590       -1.6769590980        0.6444611912
LA        -0.8493093007       -0.5181338488        2.0345173728
LA        -0.8226635336       -1.9050602807        0.8657913962
LA         0.8656920336       -1.2566860696        1.5432228855
LA        -0.2336504959       -1.3706317879        1.6531999522
LA         1.7387280136       -0.2382499059       -1.3747304218
LA        -1.8849387115        1.0936896412        0.4229496190
LA        -1.8493627875       -0.6144169011       -1.0181235257
LA         1.5828892758        0.7524566973        1.4703817805
LA         0.7275285688        2.0214606067       -0.0425321049
LA        -1.3422350981        0.4444516138        1.7645975978
LA         1.6238664045       -1.5105201311       -0.4328000999
LA        -1.2975681097       -1.8134360987       -0.1392894222
LA        -1.0907822754        1.8280111019        0.1432818987
LA         0.7814000056       -0.2536540806       -1.9530406657
LA        -1.0409843568       -0.4442554593       -1.7720107773
LA         0.2564343172       -0.4078394609        1.9350007259
LA         0.2827262815       -1.8005248171        0.7623238715
LA         1.7439232916        0.6212224096       -0.6565122639
LA        -1.8905245306        0.2381479240       -0.2962960310
LA        -0.0777760526        0.4502150321       -0.5024036958
LA        -0.1041618083        1.8134098888        0.6946306718
LA        -0.0452293657       -0.9621482068       -1.6434815324
LA         0.8860898396        1.2793906221        0.7996560174
LA         0.3455872898        1.0702898346       -1.2271771702
LA        -0.7534115318        0.9540833198       -1.1187220866
LA         0.0588481222        1.0789777959        1.5088115097
LA         0.1113854014       -1.6359536209       -0.7781590005
LA         1.4855011598        0.4280639131        0.4183783709
LA        -0.1712894486        1.4765581628       -0.3319885344
LA        -0.1396940843        0.1047979355       -1.4866441476
LA         1.2628973915       -0.5943873746        0.7645410668
LA        -0.9029631086       -0.8179964133        0.9819817042
LA        -0.9086000224        1.0848193920        0.9746868652
LA        -0.8646106651       -1.1336330379       -0.8953465816
LA         0.9221218556       -0.9466626083       -1.0745476011
LA         1.5026063882       -0.4222928571       -0.2985134048
LA        -1.3934703944        0.1308404583        0.7085256034
LA        -1.3759079796       -0.7205474202       -0.0097682102
LA         0.7990721882        0.9555140011       -0.2288418559
LA         0.8167731034        0.1183460135       -0.9349714868
LA        -0.9693140997        0.7687463531       -0.0538943083
LA        -0.9521835957       -0.0673063069       -0.7592481847
LA         0.6683338089        0.2433440470        1.1486026579
LA        -0.0083137140        0.7653267451        0.4890034405
LA         0.0150204187       -0.5785946950       -0.6425785971
LA        -0.4252615113        0.1291671548        1.2584323190
LA         0.6937657898       -1.1270507031       -0.0043780688
LA        -0.3991797777       -1.2397476040        0.1054368333
LA         0.5856441985       -0.0648202418        0.1216844675
LA         0.1820005908       -0.7136711240        0.8834339952
LA        -0.4872775247       -0.1749742882        0.2298209255
