          38
Energy of minimum      1=    -173.9284266     first found at step      658 after                97352 function calls
LA         1.3318136459       -0.9874773329       -0.5585728237
LA         0.9152310102       -1.1600841479        0.9366958758
LA        -0.9199512846       -0.7347108389        1.2941141851
LA         0.0847578896        0.3886569022        1.7037028889
LA         0.4467592466        1.6616889125        0.3162851523
LA        -0.9152319901        1.1600844574       -0.9366944489
LA         0.9779925529       -0.3625576515       -1.4046085367
LA        -1.5675515339       -0.5905173991       -0.5048873928
LA        -1.3318135462        0.9874771618        0.5585721137
LA         1.5675520533        0.5905162244        0.5048870016
LA        -0.0847575341       -0.3886558127       -1.7037030678
LA         0.9199502773        0.7347110466       -1.2941144462
LA        -0.1427997588        0.7086130658       -1.5932096735
LA        -0.6211691798        1.6354639317        0.0157329525
LA        -0.4467582493       -1.6616888732       -0.3162851405
LA        -1.6258767015        0.5120979909       -0.3938554590
LA         0.1427983736       -0.7086120158        1.5932104574
LA        -1.2154460354       -1.2124069493        0.3370459720
LA         0.7988654799        1.0397998463        1.1582184298
LA        -0.7988643839       -1.0397999577       -1.1582188952
LA        -0.9779922615        0.3625580092        1.4046079834
LA         1.2154463774        1.2124062072       -0.3370461747
LA         1.6258760002       -0.5120991029        0.3938553079
LA         0.6211697273       -1.6354633844       -0.0157322320
LA         0.2656892564       -1.0085202522       -0.8560510657
LA        -0.1498853249       -1.1807097115        0.6355992404
LA        -1.2679670626       -0.1121293126        0.4474529468
LA        -0.2656887248        1.0085205013        0.8560507851
LA        -0.8523928532        0.0600602778       -1.0441967285
LA         0.8523926288       -0.0600603844        1.0441968465
LA         1.2679668793        0.1121288801       -0.4474533324
LA         0.1498851168        1.1807099040       -0.6355986963
LA         0.5568377374       -0.5321848551        0.0937022334
LA        -0.4991639138       -0.5581166258       -0.2034938124
LA         0.4991640985        0.5581164263        0.2034937641
LA        -0.2069683518       -0.0857553708        0.7428857797
LA         0.2069681983        0.0857554802       -0.7428858072
LA        -0.5568378593        0.5321847529       -0.0937021828
