          98
Energy of minimum      1=    -543.6653608     first found at step   130986 after             18036431 function calls
LA         0.4664069511        2.1096795449        1.4485973041
LA         0.1575833889        1.0682425637       -2.3665884267
LA        -1.7752446801       -1.3166524912       -1.3717318532
LA         0.4881624127       -2.1076563183        1.4443678526
LA         1.1293794020       -0.2373786610        2.3312804362
LA         1.9398927381        1.7304983630       -0.0943774569
LA        -1.5558546201        0.4037426380       -2.0452443131
LA        -1.7751250473        1.2767904522       -1.4090611798
LA        -0.6310555343       -2.5235248988        0.0175127718
LA         2.0899977400       -1.4682544941       -0.4928025129
LA         1.6469035279        0.0105148877       -2.0135324896
LA         1.5005049641       -1.7150529998        1.2545096745
LA        -1.3722835082        0.4277469920        2.1680834251
LA         1.4269060056       -1.7146401508       -1.3381570951
LA         1.0575304794        2.3571599489       -0.3035490920
LA        -1.2423030884        1.4470123670        1.7690545252
LA        -2.3646173568        1.0299931147        0.3382516594
LA        -0.2818044301       -2.3773072176       -1.0176996571
LA        -0.0616872734        1.9412902736       -1.7304053156
LA         2.3099950009        0.2569008509       -1.1681778633
LA        -2.4945974943        0.0107279220        0.7372809833
LA         1.3487690135        1.4830173484        1.6577689986
LA        -2.1244956257       -1.4628697691       -0.3365193263
LA         0.1170368099       -0.6299816055        2.5211386724
LA         0.1937997609        2.3336478684        0.3949967414
LA        -0.5022186926        0.1757819856       -2.3143830253
LA         1.7275096769       -0.6537607406        1.4925814187
LA         2.3238970184       -0.4040755939       -0.2751678235
LA        -0.2867822062       -1.4349367349        1.8703486472
LA        -0.7241748744       -1.5647355033       -1.6329928317
LA        -1.5348959470        1.6632301196        0.7192022623
LA        -1.4190910840       -1.8556695958        0.4268042547
LA         1.0045212875       -0.8943174763       -1.9571982598
LA        -1.7935218138       -0.3648364633        1.5131638661
LA         1.9494656216        1.0867577666        0.8111922122
LA        -0.9385085887        1.9129141559       -1.0485480276
LA         0.9863579129        1.9178861188       -1.3326780944
LA        -0.2965945833        0.4114876619        2.4839342191
LA         0.7777571447       -2.3223008392       -0.6551584155
LA        -2.4845090427       -0.4014778075       -0.3053682696
LA         0.7203938424        0.8058922559        2.2932052047
LA         1.8727695270        1.2883487442       -1.1225465029
LA        -2.3539324291        0.6224648791       -0.7062289163
LA         1.4438917714       -2.0747845311        0.1940755121
LA         1.2066349527        1.0408319589       -1.9717808278
LA         0.4269034649       -2.4691897950        0.3848047731
LA        -0.1660175306        1.4354304969        2.0830739810
LA        -2.1336555921       -0.2545895701       -1.3453316070
LA        -0.0715255835       -0.7360648312       -1.9034751147
LA        -1.1281104227       -1.1784160715        1.2283432534
LA         1.9345191218        0.0093236681        0.6539676812
LA        -0.7348830340        1.9051573580        0.0211639640
LA         1.8958938171        0.6426512060       -0.2284727709
LA        -1.5335704877        1.2620499777       -0.3391251692
LA         0.1205230343        1.9035355741       -0.6493394594
LA         1.3252436590        0.4037415284        1.4629886863
LA         0.5617101271        0.1469065959       -1.9293816698
LA         0.3493321762       -1.5184983557       -1.2773973242
LA        -0.7116554490       -0.3862023899        1.8449954238
LA        -0.3533833028       -1.8126982343        0.8055180321
LA        -1.7950988540       -0.7887784178        0.4637478893
LA        -1.0923835959       -0.4945790231       -1.6191675085
LA         1.6835160670       -1.0227542561        0.4235112571
LA        -0.4501270116        1.6646262584        1.0421226193
LA        -0.7160875625        1.0381487110       -1.6714842815
LA         0.7160875936       -1.0381495069        1.6714836937
LA         1.6543302306       -0.6453428864       -1.1095572113
LA        -1.0652717081       -1.7000506494       -0.5995142720
LA         1.0652713280        1.7000508232        0.5995146393
LA        -1.6543299924        0.6453431898        1.1095573052
LA         1.2228626965        0.3964532860       -1.0747565033
LA         0.3043887274        0.0119233332        1.6476879325
LA         1.0042244342        1.2669823981       -0.4404083365
LA         0.3430456540        1.0213071449       -1.2833245577
LA        -0.5754282336        0.6367775592        1.4391202164
LA        -1.6580751643        0.2344973237        0.0588880178
LA        -1.4394370840       -0.6360318295       -0.5754601523
LA         0.0012187342       -1.6591987193       -0.2339412374
LA         0.6623976007       -1.4135238576        0.6089746678
LA         1.0106409154       -1.2677277152       -0.4232515772
LA        -1.3098320775        0.3802931355       -0.9733383796
LA         0.4339937657        1.0282485691        1.2498100830
LA        -0.4128769488       -0.8644100517       -0.8480406184
LA        -0.2852876949        0.1361070268       -1.2397300818
LA        -0.8473136220        0.8653420692        0.4124170845
LA         0.5808447198       -0.4790278993       -1.0344063774
LA        -0.7620139617       -1.0105801958        0.1868348524
LA        -0.1111189535       -0.7687265778        1.0166400942
LA        -0.5044869713        1.0088702814       -0.6037540804
LA         0.9008938016       -0.3762509141        0.8268439176
LA         1.2437204862       -0.2327223777       -0.1893271051
LA         1.0284829092        0.6242664499        0.4351545274
LA        -0.9772512994       -0.1535913646        0.8113164106
LA         0.1464078383        1.2507242488        0.2260513246
LA         0.3676078238        0.3840006056       -0.4002698438
LA        -0.6303853071       -0.0030380926       -0.2131029171
LA         0.0233075114        0.2398552831        0.6202693883
LA         0.2394701768       -0.6208174094       -0.0068966251
          98
Energy of minimum      2=    -543.6429572     first found at step    15800 after              2222589 function calls
LA        -2.7025163409       -0.4552081535        0.1203764960
LA         0.8863405809        1.1617956161        2.5043780856
LA         1.1351637221       -1.5516745443       -2.1704807746
LA         2.4151145795        1.0113536769       -0.4584826686
LA         1.5734116991       -1.7989607467        1.1279330856
LA         0.3109731994        2.5796161951        0.8817934983
LA         0.4986938485        0.5324811426       -2.6450807475
LA        -0.4215608839       -2.5353065214       -0.9115352984
LA        -0.6091334980       -0.4897859149        2.6125573222
LA         0.9253305439        1.3961184390       -2.0675648801
LA         0.8215235423        2.5281528368       -0.1172574562
LA        -0.3805189644       -1.4855130347        2.1474977125
LA        -0.2767884820       -2.6167209913        0.1986137192
LA        -1.7961065692        1.2781592824        1.2967919060
LA        -1.6265227543       -0.5711838052       -1.8893206700
LA        -0.4775918103        2.1197974338        1.5415908207
LA        -0.2553174698       -0.3041519490       -2.6344720465
LA        -0.9437026115        0.5671473608        2.4166620816
LA        -0.7215345864       -1.8556424163       -1.7574029599
LA        -2.4403859830        0.4982050738       -0.4190694469
LA        -0.1911940964        1.3960466763        2.3482226797
LA         0.0605822229       -1.3496272895       -2.3821181275
LA        -1.9013357926        0.4386592588       -1.4406712276
LA        -1.9875351506        1.3786792671        0.1788283663
LA        -1.1894292492        1.8676016176       -0.4851351285
LA        -1.1368127079        1.2938081137       -1.4736864998
LA         0.8815466173        1.9771317679       -1.1006833576
LA        -0.3303223873       -2.0672051685        1.1823051143
LA        -2.2727149139        0.4150366115        0.7139398773
LA        -2.1872343102       -0.5171457225       -0.8920567017
LA         0.5989774218        1.8717966120        1.6947476855
LA         0.8174304262       -0.5104797698       -2.4095194285
LA         0.3570659069       -2.0448554963       -1.5427651860
LA         0.1386643160        0.3368611788        2.5605373453
LA         1.6710294194        1.2052328213       -1.2630883362
LA         1.6191865579        1.7705904833       -0.2890711695
LA         0.5965586685       -1.6438592115        1.6379750248
LA         0.6483692195       -2.2088671235        0.6645601567
LA        -1.8894540331       -1.2183947278       -0.0499770380
LA        -1.9416262779       -0.6494443251        0.9302305302
LA         1.1196462369        0.1727837193        2.0515834922
LA         1.2858918292       -1.6401628905       -1.0718224962
LA         1.5684867473       -0.6972855866       -1.6042112577
LA         1.4022291871        1.1157885829        1.5194145647
LA         1.9946306770        0.1566724517       -1.0342363069
LA         1.9112437312        1.0660254570        0.5324280008
LA         1.3482025892       -0.8135169930        1.5932766841
LA         1.4315779617       -1.7227462164        0.0268257183
LA         2.1402514123        0.0729942018        0.0715479835
LA         1.8598993612       -0.8629832598        0.5999038817
LA        -0.2366014578        2.2298278034       -0.0108384572
LA        -0.1336225338        1.1068234487       -1.9455891025
LA        -1.0487946092       -1.9465397580       -0.2191669133
LA        -1.1515473030       -0.8259983988        1.7113406964
LA        -1.0246694672        1.7732771593        0.6408973894
LA        -0.8876288142        0.2788230869       -1.9337998884
LA         1.1184231076        1.8302596373        0.7069776818
LA         1.2542784643        0.3487268586       -1.8454574138
LA         0.5089116752       -2.1388777416       -0.4407065481
LA         0.3730979160       -0.6577961747        2.1109510384
LA        -1.4892385054        0.2202502894        1.5144724119
LA        -1.3524471707       -1.2714872028       -1.0555447915
LA         1.6409357548        0.1254804305        1.0674919812
LA         1.7246024763       -0.7869245494       -0.5044303781
LA        -0.1806358098        1.6892460617       -0.9901186124
LA        -1.1076967567       -1.4054460011        0.7568173418
LA        -0.6823100297        0.1519671317       -0.1245241664
LA        -0.7223916061        1.0502658533        1.4537402216
LA        -0.5553887911       -0.7709343256       -1.6838860339
LA        -1.4043693821        0.7983358013       -0.5381340765
LA        -1.6736648756       -0.1467290982       -0.0039150794
LA        -1.2373137809        0.7031547108        0.5661259633
LA        -1.1546689621       -0.1981033472       -0.9865927992
LA         0.5119211259       -0.9663521625       -1.4652564811
LA         0.3487635763        0.8129160859        1.6001275019
LA         0.0621298275        1.5193815536        0.8015292976
LA         0.1956275593        0.0635595522       -1.7066106099
LA         1.3525222084        0.7146555480       -0.3428248825
LA         0.8001266194       -1.1293510864        0.6981069842
LA        -0.2601460203       -1.4574186636       -0.8472612577
LA        -0.3935823878       -0.0022667264        1.6597242638
LA         0.6176261058        0.9111918567       -1.1412066631
LA         0.5663614328        1.4702438955       -0.1780527546
LA        -0.1673055215       -0.9808208116        1.2049493957
LA        -0.1160919708       -1.5393169389        0.2427530216
LA        -0.4691037254        1.1746907980       -0.0729734123
LA        -0.4187414374        0.6254802698       -1.0191721799
LA        -0.8681037282       -0.8799645623       -0.1681491407
LA        -0.9183767286       -0.3317262930        0.7763747050
LA        -0.0951929729       -0.4011095735       -0.7873936040
LA        -0.1758532535        0.4785081841        0.7280418488
LA         0.8612278516        0.7699267581        0.6343573381
LA         0.9434984241       -0.1272520303       -0.9113327703
LA         0.6646671088       -1.0576943012       -0.3859586275
LA         0.5824085440       -0.1606455294        1.1595074276
LA         1.0884786319       -0.2098300905        0.1797288055
LA         0.3225149183        0.4304485611       -0.2326829754
LA         0.0486809215       -0.4826699889        0.2827516813
          98
Energy of minimum      3=    -543.5467256     first found at step     1871 after               299821 function calls
LA        -1.8879418261       -1.3098904594        1.4437229178
LA        -2.6220900384        0.5599364911        0.4190323386
LA         1.6618033935        1.6026009502        1.7337701026
LA         1.3593427270        1.6740995935       -1.5899380624
LA         2.4454350024       -1.0921053805       -0.0740206369
LA        -1.1406569880        0.3908269475       -2.4773815317
LA         0.0451162783       -2.6292571938       -0.8223352034
LA         1.0810777872       -0.4276908210        2.4525373175
LA        -0.1046166529        2.5921956421        0.7975990764
LA         0.7675260978       -2.5524977911        0.0337280374
LA        -0.7832204974        1.3971500947       -2.1307311106
LA        -0.2097425126        2.6143480322       -0.3196068111
LA         1.3407400473       -1.3346312527        1.8444863742
LA        -0.7308559493       -1.4967332221       -2.2075692422
LA        -2.0584706853       -1.2609925566       -0.8262153428
LA        -1.1241221434        0.7236135567        2.1258164739
LA        -1.4570172737       -0.6398737104       -2.1517196305
LA        -0.8570015469       -2.1680734676       -1.3142454989
LA         0.3700060512        0.4384496150        2.5623897510
LA        -0.2298385305        1.9662155062        1.7251537018
LA         0.6553621011        1.4567690205        2.1887331170
LA        -0.4259344249       -0.4657132426       -2.5470173441
LA         0.1664991091       -1.9746008497       -1.7201267342
LA         0.6474186682       -0.3213050205       -2.2794787430
LA         1.0111346283       -1.2476649477       -1.7718213108
LA        -0.4991821404        2.0216914636       -1.2349793687
LA         1.0635147496       -1.9583946067        0.9461605781
LA        -2.2706380590       -0.3774772337        0.9380078141
LA         1.3724636936        0.5884610149        2.0949397508
LA         0.7794143457        2.0989193951        1.2671882184
LA        -1.9929591978       -1.2969080116        0.3134143632
LA        -2.3634156836       -0.3533797102       -0.2036519647
LA        -1.8924874338        0.6470010239        1.2843683551
LA        -1.5220175517       -0.2965617861        1.8014534586
LA         1.6079727534       -1.8233020281       -0.0191933525
LA         0.2884149875        1.5375239324       -1.8609705749
LA         0.5748671587        2.1455861714       -0.9561120229
LA         1.8942722924       -1.2148525617        0.8854532602
LA        -2.0578636593        0.6860328505       -0.5511443614
LA        -1.0881963648       -1.7836454527        0.8022726572
LA        -0.7999301197       -1.1712022812        1.7130945464
LA        -1.7695329440        1.2983128302        0.3597669683
LA         1.0047813742        0.6776391685       -1.9381743208
LA         1.7310846023       -1.1722063398       -0.9244342001
LA         1.9310117345        0.7046604066        1.1339237980
LA         1.5666312318        1.6327138830        0.6253380989
LA         2.1920464467       -0.1932208916        0.5320186970
LA         1.4656590086        1.6568404106       -0.4818396140
LA         1.7277027573        0.7528487231       -1.0869336803
LA         2.0895140414       -0.1686607188       -0.5819341773
LA        -1.4579006769        0.7923681123       -1.4983487664
LA        -0.2777550038       -2.2133838784        0.1488434793
LA         0.2902028934       -1.0067134733        1.9433926293
LA        -0.8898142065        1.9987134482        0.2963782850
LA        -0.0663252374        0.5405851342       -2.2165463850
LA         0.8953948895       -1.9088508011       -0.8742228516
LA         0.6842623448        2.1342139460        0.1550021131
LA         1.6455961930       -0.3142411306        1.4967882156
LA        -1.1761272776       -1.7551262084       -0.3342529527
LA        -1.7754971830       -0.2285708647       -1.1708259275
LA        -0.4207876582       -0.1506422835        2.0521037222
LA        -1.0200708145        1.3756935743        1.2156512519
LA         1.3784828620       -0.2468989808       -1.4381609564
LA         1.8407332028        0.7353271767        0.0229961951
LA         0.0127217051       -1.6299008163        1.0574571000
LA        -1.1828097948        1.4150392692       -0.6112108617
LA        -0.6149609571       -0.1123961364        0.2354965993
LA        -1.0411298752       -1.0864171090       -1.2365373603
LA        -0.1190050927        0.8727108241        1.6777610841
LA        -0.0211763165       -0.9033949230       -1.6333187156
LA        -1.6007682796        0.2187803470        0.3250613579
LA        -1.2395004289       -0.7013450612        0.8293024782
LA         0.8791865672        1.0124277302        1.2175500325
LA        -1.3304531704       -0.6746234273       -0.2778196568
LA        -0.8747226363        0.2936742097        1.1625908520
LA        -0.7330352103       -0.0593047307       -1.5704905137
LA        -0.1450099465       -1.5569655372       -0.7497524379
LA         0.6818515512        1.0603380148       -0.9628267867
LA         1.3946502490       -0.7551133281        0.0320648008
LA         0.0043027690        1.5066656870        0.7594140928
LA         0.5921392809        0.0094844281        1.5798895471
LA        -0.3796770271        0.9296175266       -1.2329528638
LA         0.5674877838       -1.4827484787        0.0890557683
LA         0.8505392114       -0.8813057406        0.9832836883
LA        -0.0964849637        1.5307032789       -0.3385294560
LA        -1.0356588734        0.3348602795       -0.6133051117
LA        -0.4538785246       -1.1468956633        0.1987169735
LA        -0.1759748375       -0.5564311143        1.0768715849
LA        -0.7576950311        0.9251723275        0.2649329729
LA        -0.3260639333       -0.5041663551       -0.6863777454
LA         0.3358006266        0.0804994724       -1.3095843022
LA         0.6955427782       -0.8357396568       -0.8074730320
LA         0.1196459614        0.4432651189        0.7231367835
LA         1.1499349127        0.1301659380        0.6292139170
LA         0.7902872793        1.0461650009        0.1272341570
LA         1.0501489336        0.1545668442       -0.4703389410
LA         0.3767238459       -0.4314631633        0.1364060548
LA         0.0235662703        0.4680059879       -0.3565150437
          98
Energy of minimum      4=    -543.4923253     first found at step     1876 after               300590 function calls
LA        -0.7656980789        0.6072865866        2.5290845109
LA        -1.0788251401        2.2522921034        1.0187277573
LA        -2.0672220184       -1.6020320584       -1.2909730502
LA         2.8905679064        0.3004015152       -0.2467813444
LA         0.5633362748       -0.0319311765       -2.6165267324
LA         2.1184171670       -0.6148872567        1.6353966638
LA        -1.6192474142       -2.0491266980        0.8481840153
LA        -0.5782187249       -2.3366999826        1.1553906335
LA         1.4887878222       -1.5435351817        1.5907359270
LA        -2.1247733903        0.6077597614       -1.5913570082
LA         1.6125819888        2.0418813254       -0.8042080896
LA         0.8271172664        1.9311689511       -1.5983543118
LA        -1.2398723865        1.1380111907       -2.0336957049
LA         1.0365200485        1.6485940639        1.6060872389
LA        -2.3327118991        0.3557300817        0.8964727478
LA        -2.2997971991       -1.1938135347        0.5772063052
LA         2.1250340120        0.5041100539        1.5091478598
LA         1.8690579326        1.8481115935        0.2749770038
LA        -2.5554637153        0.1503061484       -0.6569002955
LA        -2.5146757799       -0.9593399077       -0.4984490981
LA         2.5000413228        0.9649384289        0.5577323977
LA         0.2271237739       -2.4033932605        0.3857729274
LA         1.2574503384       -2.0080299152        0.6027764904
LA         0.4587170512       -1.9551640840        1.3841794751
LA         1.6542927322       -1.5503771320       -0.3381221246
LA        -0.0042410053       -2.1867997055       -0.6874360708
LA         0.8753305104       -1.6606051954       -1.1305529975
LA        -0.2075967692        1.5460124406       -1.8310471326
LA        -0.9287104731        1.4398500512        1.7861956079
LA         2.5068430985       -0.1567426181        0.6946509496
LA        -1.8452729965       -1.8267633206       -0.2219755511
LA        -2.0980649601       -0.4978902534       -1.4421130177
LA         2.2537979997        1.1720337272       -0.5255387923
LA         0.1349013297        1.1394056254        2.0879599264
LA        -1.5634457225        0.4877045375        1.7302606598
LA        -0.0231222924        1.9695171686        1.3257806991
LA        -1.7214442153        1.3178257082        0.9680866891
LA        -0.3378259133        0.5540859782       -2.3267648533
LA         0.6948371918        0.9503457825       -2.1092689981
LA         0.1456115907        0.0107585838        2.2303452308
LA        -0.8941400424       -0.3882216760        2.0113566664
LA        -1.3076115177        1.7844203073        0.0165896144
LA        -0.2680258622        2.1833367453        0.2355430458
LA         2.2759621191       -0.6265871814       -0.2931646895
LA        -1.0368453811       -1.8977979824       -0.9908958361
LA        -1.1927023050       -1.0810547554       -1.7406447160
LA         2.1207102056        0.1903886406       -1.0427856642
LA        -0.3164704792       -0.5576831403       -2.1823314386
LA         1.3453263829        0.0799922751       -1.8323296108
LA         0.7204177743       -0.8476839711       -1.8761081486
LA        -1.0043495080       -1.3621106482        1.4562158946
LA         1.0438537987       -0.5761608439        1.8876006780
LA        -1.5077394081        1.2822391960       -0.9714384059
LA         0.5404409758        2.0681799634       -0.5400585878
LA        -0.8134021302       -2.1279865545        0.0805660641
LA         1.8938672886       -1.0891366793        0.6507608587
LA         1.4835873768        1.0647930838       -1.3272365862
LA        -1.2230785931        0.0261741873       -1.8973049847
LA         1.0453293437        0.5355624988        1.7662971633
LA        -1.6784749077       -0.5096335678        1.1926198315
LA         0.7896409467        1.8784660114        0.5333363306
LA        -1.9340585914        0.8333100693       -0.0403188520
LA         1.5078541174       -0.7396440528       -1.0932913193
LA        -0.1600950029       -1.3796798859       -1.4445885839
LA         0.0223388634       -0.9852380506        1.6889637793
LA        -0.4874497284        1.6933024447       -0.7706676557
LA        -0.2448123318        0.3730880003        0.4826249375
LA        -1.8931986547       -0.2872638391        0.1048444452
LA         1.4323113693        0.9888219188        0.8052511006
LA         0.5908050183       -1.4921794272       -0.0864921049
LA        -0.5003681804        0.4871397471        1.4882037584
LA        -0.6544546314        1.2966441375        0.7449465788
LA         1.8117705480        0.3248368513        0.0034088977
LA        -1.4395365936       -0.9227748059       -0.6813695632
LA        -1.2681604592        0.3719716913        0.6934806936
LA         0.3756168630        1.0027328364        1.0396867243
LA         0.2859719719        0.1067107468       -1.5522053053
LA         1.4349386939       -0.1259049633        0.9386203945
LA        -1.2241880179       -1.1462814822        0.3785651762
LA        -1.4747559288        0.1708930426       -0.8308782180
LA         1.1841388395        1.1911810196       -0.2708712006
LA        -0.2021301929       -1.4316875700        0.6797324925
LA         0.8189189153       -1.0398841743        0.8947820687
LA        -0.6059885552        0.6905363848       -1.2686185833
LA         0.4148253940        1.0822493791       -1.0536185275
LA         0.3841810613       -0.0921875924        1.1793506087
LA        -0.6181585233       -0.4768118359        0.9682416249
LA         0.1360039707        1.2113299993       -0.0174353892
LA        -0.8662593849        0.8267351113       -0.2285282572
LA        -0.4272901439       -1.2190901188       -0.3892574585
LA         1.2126341256       -0.5898083238       -0.0438627844
LA         0.7705478582        0.3520758252        0.2490627198
LA        -0.8375440690       -0.2649913002       -0.0896276336
LA        -0.5806539946       -0.4130362004       -1.1290753829
LA         1.0590645943        0.2161669490       -0.7837238157
LA         0.4429327802       -0.6995268541       -0.8285491731
LA         0.1673024639       -0.5479440312        0.2039639541
LA         0.0165121950        0.2437123192       -0.5224241694
          98
Energy of minimum      5=    -543.1896663     first found at step     2000 after               321622 function calls
LA        -1.7371919935        1.8408988289        0.8726949865
LA        -0.7030744250        0.7992002955        2.4610246030
LA        -2.1809982887       -1.3801999607        0.8933759061
LA        -0.2398775546       -2.5281510662        0.9633701213
LA         0.9366216209        1.7609441724        2.1435741030
LA         0.0677891396       -0.0341469637       -2.8886422662
LA        -0.4397999323        2.5217325490       -0.8030874558
LA         2.4300527235        0.8271362482       -0.6925286895
LA         1.2095196449       -1.6140741972       -1.8054401905
LA         1.8659590135       -0.2613515182        1.9856659743
LA        -1.9253986112        0.2345764103       -1.9229106661
LA        -2.0965343229        1.0933735728       -1.2225860194
LA         2.3653630695       -0.5782364544        1.0326519480
LA         2.0013888430       -1.3267468863       -1.0637118713
LA        -0.5591256695       -0.7706621678        2.3715346092
LA        -1.1555369978       -1.9834729651       -1.0479547278
LA         0.8812689978       -0.1304896973        2.5132661984
LA        -1.4834771671       -0.7944335581       -2.0355405429
LA         0.1024576517       -1.7296710866       -1.9758073996
LA         0.4081691496        0.8835165088        2.5817900329
LA        -0.4751813805       -0.9295159966       -2.5082036290
LA        -0.1688721990        1.6760403242        2.0126995710
LA        -1.9307921773        1.4791512829       -0.1769795120
LA         2.2008424474       -0.9590724905       -0.0161512250
LA        -1.6976583090        0.8023890069        1.2455627803
LA        -1.2187594843       -1.9682552819        0.9340110485
LA         1.4025153048        0.7505119676        2.0661878360
LA         0.6387106942       -0.8246505815       -2.3491214492
LA        -0.9292870417        0.0999841120       -2.4082919871
LA        -1.3841691662       -1.0891236989        1.6467988084
LA        -1.0890629518        2.1825821622        0.0343795288
LA        -0.4045258195       -1.6666434497        1.6823500120
LA        -1.6844843195       -1.6984430158       -0.0766484730
LA        -0.7050669817       -2.2779251333       -0.0411965742
LA        -1.2688877381        1.8087695645       -1.0131388144
LA         2.3992891061        0.1241410222        0.1694658747
LA         2.2176038517       -0.2499303740       -0.8780351169
LA        -1.9616408463       -0.2866660861        1.0776021796
LA         0.4765689887        2.0228870115        1.1642271090
LA        -2.1454908815       -0.6627039095        0.0219757083
LA         0.4179236911       -2.1782906216        0.1153603803
LA         0.6012837637       -1.8022802006        1.1697008369
LA         0.0177874101        2.2759976805        0.1825022200
LA         1.4405194133        1.4546483986        1.1997552726
LA        -0.1020797091        0.8230403710       -2.2000567821
LA         0.8607235257        0.2546177547       -2.1625748578
LA        -0.2713374221        1.6745628735       -1.5055466254
LA         1.9382881916        1.1432128763        0.2552517662
LA         1.6477147793        0.5412423851       -1.4309845775
LA         0.5202788230        1.9621378958       -0.7678180421
LA         1.4760511379        1.3975297349       -0.7310805404
LA        -2.0638741067        0.0567038831       -0.8408517217
LA         1.4164632037       -1.0460486024        1.3518324151
LA         1.0554909645       -1.7870353528       -0.7257192909
LA        -0.6328339148        1.9431221842        1.0283729598
LA        -1.1477698801        0.0080537441        1.8165821790
LA         1.9124788749        0.4429948264        1.1221034423
LA        -1.1028923868        0.9622760669       -1.7215057770
LA         1.4377399339       -0.5371520813       -1.6235782960
LA         0.4366095909       -0.9218155877        1.8739232454
LA        -1.6287057503       -0.9681020434       -0.9483617065
LA        -0.0445602499       -1.9046931545       -0.8894889965
LA         0.9842933320        1.7204748902        0.2178367181
LA         0.6933788306        1.1164116725       -1.4750634028
LA        -1.9042098333        0.4383808742        0.2000072322
LA         1.2554612055       -1.4295353707        0.3143774136
LA        -0.3409053362       -0.5223300575        0.2685275428
LA        -0.0283323454        0.1062263015        1.9415794842
LA        -0.6138094458       -1.0944344392       -1.4332678862
LA        -0.6018979376        0.8983399882        1.3755546699
LA        -1.2453588811       -0.9427825501        0.5754629869
LA        -0.2900836312       -1.5078953209        0.6095454173
LA         0.4964086393        0.9762489933        1.4982272738
LA        -0.0722293190       -0.2012524170       -1.8023768236
LA        -1.0516706288        1.1425268467        0.3919381157
LA        -0.4534410996       -0.6539469562        1.2986629236
LA        -0.7442371799       -1.2451447401       -0.3692329475
LA        -0.4050986329        1.4759724526       -0.4360392356
LA         1.4780948691        0.3640282990       -0.3625838260
LA         0.9582469377       -0.0251351905        1.4260197199
LA         0.4920529674       -0.9876405890       -1.2715229489
LA        -1.0620791220       -0.0707041841       -1.3297065832
LA        -1.2306083051        0.7736691774       -0.6421116091
LA         1.4521812558       -0.3346747038        0.4899477089
LA         1.2723885740       -0.7041202464       -0.5455713764
LA        -1.0159729682        0.1219839202        0.7461983146
LA        -1.1930097299       -0.2408998949       -0.2720139469
LA         0.5213300678       -0.7870441742        0.8013871353
LA         0.3448677297       -1.1499043753       -0.2154682902
LA         0.0461283047        1.2395959005        0.5352093782
LA         0.0687647597        0.2166378786        0.8793510666
LA        -0.2103436694       -0.3674927217       -0.7540616517
LA         0.9973671751        0.6784318753        0.5711150548
LA        -0.2392702857        0.6456426208       -1.1302516418
LA         0.7110456011        0.0845688335       -1.0930221731
LA        -0.3747650874        0.4639553262       -0.0792775344
LA         0.5425930152        0.9305297931       -0.4032538238
LA         0.5581943020       -0.0866792435       -0.0421722884
