          38
Energy of minimum      1=    -173.9284266     first found at step      123 after                15849 function calls
LA        -1.2599926902        0.7751432766       -0.9340308104
LA         0.0142193956        0.3277503648       -1.7184932800
LA         0.9675968953        1.1198736341        0.9329953293
LA        -0.3462236244       -1.6699806445        0.3900444711
LA        -0.0142190229       -0.3277504869        1.7184932703
LA         1.2599922192       -0.7751432441        0.9340310263
LA         0.3462232972        1.6699804202       -0.3900448563
LA        -1.6049718174       -0.2472866037        0.6509650420
LA        -0.9675968593       -1.1198732285       -0.9329954488
LA        -0.9496575102        1.1442513771        0.9217808876
LA         1.6049719501        0.2472864715       -0.6509649082
LA         0.9496577302       -1.1442513869       -0.9217806588
LA         0.9505436368        0.1443212379        1.4616702631
LA         0.9666289884       -0.1734294515       -1.4478921675
LA         0.2952299320       -1.2472152690        1.1908546952
LA        -1.5880013809        0.7235357143        0.1248542231
LA         1.5880012977       -0.7235357125       -0.1248537286
LA        -0.9666286655        0.1734293219        1.4478921681
LA        -0.2952302904        1.2472148720       -1.1908548667
LA        -0.9505433826       -0.1443208802       -1.4616702486
LA        -1.2940151731       -1.1712311832        0.1207550838
LA        -0.0198055273       -1.6186233467       -0.6637061382
LA         1.2940151241        1.1712313175       -0.1207552551
LA         0.0198054677        1.6186233752        0.6637058554
LA         0.6186350637       -1.1916293879        0.1335570519
LA        -0.0012349651       -0.6428529250       -1.1862823841
LA        -0.6186353313        1.1916292863       -0.1335570766
LA         0.0012352000        0.6428529583        1.1862823762
LA        -0.6524939012       -0.7453187878        0.9161216157
LA         0.6524939752        0.7453186699       -0.9161216551
LA         1.2723640246        0.1965425655        0.4037177360
LA        -1.2723641174       -0.1965423256       -0.4037176612
LA         0.3255762852        0.6913504735        0.1345479685
LA        -0.3255762418       -0.6913504488       -0.1345480043
LA         0.3087136646       -0.2733068429        0.6573189982
LA         0.6330597875       -0.2222758555       -0.3897402602
LA        -0.6330597605        0.2222758299        0.3897403483
LA        -0.3087136736        0.2733068448       -0.6573190013
