          98
Energy of minimum      1=    -543.6653608     first found at step       28 after                 6087 function calls
LA        -0.0155504662       -1.1663089925       -2.3251230968
LA        -1.3870384250       -1.8131619971       -1.2471102081
LA         2.3686157175        0.9991712154        0.3975326229
LA        -0.3781556912       -0.2963249434        2.5565417120
LA         0.8293007950        2.4654572414       -0.0222584706
LA        -1.3547400737        1.4353691521        1.6944348252
LA         0.9448202072       -1.4508275905        1.9414245262
LA         2.3201026167       -0.8021849468        0.8604291283
LA        -1.7137171273        1.9562305630       -0.0552364461
LA        -0.9011652630        2.3394651488       -0.6939160326
LA        -1.4033871980       -0.3709710905        2.1586107659
LA         2.1559359823        1.3077595902       -0.6390778492
LA        -1.8108775491       -1.6514667966        0.8718341095
LA         1.7484446666        0.0272634303       -1.9258537682
LA        -1.3097834631        1.0554268602       -1.9842520499
LA        -2.1223352235        0.6721923209       -1.3455725380
LA        -1.0270673836       -2.3354637052        0.5074021013
LA         1.7197030095       -1.0399680454       -1.6516062001
LA        -2.1708482190       -1.1291648592       -0.8826776727
LA         0.0131914948       -0.0990773197       -2.5993700814
LA         2.0786810568       -1.5608278260        0.0980659937
LA         0.7033985618       -2.2094705044        1.1790614550
LA        -0.3295084396        1.5100150685        2.0923654224
LA         1.0419803233        2.1568684722        1.0143519033
LA         1.5866825906       -0.5864762022        1.6667260395
LA        -1.7917048025        0.4330045876        1.4972617364
LA         1.2125871633        1.8499585525       -0.8641628905
LA         0.7431409382       -1.5690210968       -1.6203103768
LA        -0.6443883237       -2.2234398767       -0.5296887510
LA        -0.5381191099        1.7224929254       -1.5436765918
LA        -2.1548807969        0.9599582198       -0.2728743900
LA        -2.2039612766       -0.8624680986        0.1954346512
LA         0.8003297460        0.5544854213       -2.1659892526
LA         1.6357631288        1.2359492025        1.1984156044
LA         0.2482329627        0.5815299790        2.2890379375
LA         1.1063177056       -2.0959732514        0.1498264061
LA        -0.0521714165        2.2021478473        1.2550068178
LA        -0.3895372513       -2.0813771027        1.3940410073
LA         2.2915307461       -0.8168695253       -0.7133240907
LA        -1.8786956145       -0.3760306400       -1.6602178171
LA        -1.0624149569        0.0089626091       -2.3018283129
LA         2.3204043984        0.2552595343       -0.9888302364
LA        -1.1769444056       -1.3942413577        1.7601454862
LA        -1.0821079667        2.1271596519        0.8552501289
LA        -0.2658270470        2.5121530176        0.2136394438
LA        -0.1470078620       -1.3192527093        2.1599027938
LA         2.5340603564       -0.0547450131        0.0525375142
LA        -1.0912888703       -1.0631668404       -2.0263229120
LA         1.1188530256        0.3968422390        1.6615683118
LA         0.4754349529        1.3304129958       -1.4744788826
LA        -1.9827702211        0.1710171703        0.4577122320
LA         0.3884821514       -1.8982719591       -0.6448015094
LA         0.5343137844        1.2891689185        1.4533293178
LA        -1.9229850137       -0.1005893575       -0.5929791904
LA        -0.2880776532        0.6705036268       -1.8780442091
LA         0.0015953124       -1.9810481229        0.3675045163
LA         1.3292454530       -1.3548709204       -0.6760511010
LA         1.3870760499        0.7924685443       -1.2278547950
LA        -1.5754817219       -0.6048017728        1.1007660572
LA        -1.5285192638        1.1389769026        0.6526667695
LA         0.1063882614        1.9100699656       -0.6323983691
LA         0.4873512957       -0.4546093041        1.9014291282
LA         1.8150018099        0.1715680803        0.8578732163
LA        -0.3459083978       -1.4768361528       -1.3262412027
LA        -1.4157207954       -1.5337949860       -0.1661350551
LA         0.7671542363       -0.5042567576       -1.8819120024
LA         1.4157210698        1.5337946920        0.1661342525
LA        -0.7671548088        0.5042560545        1.8819118534
LA         1.3385072709       -1.3332631979        0.9028846378
LA        -1.3385069314        1.3332639898       -0.9028837565
LA        -1.1006440343        0.2806890851       -1.2318549064
LA         1.3548270001       -0.2794595220       -0.9455244480
LA        -0.7820551011       -1.2873055001        0.7341012706
LA        -0.4944020156        1.2116452969        1.0464952006
LA         0.3158059593        1.5937744037        0.4096579432
LA         0.2402190336       -1.2128749384        1.1308844185
LA         1.5668934484       -0.5871579282        0.0880957380
LA         1.5955524657        0.4769948115       -0.1853605896
LA        -0.5413299556       -0.5308513217        1.4942653793
LA        -1.1293031621       -0.7834639698       -0.9583991697
LA        -0.3190953874       -0.4013349597       -1.5952362763
LA        -0.7064681911        1.5193442501        0.0128753404
LA         0.4086820455       -0.8115149198       -0.9007038688
LA        -0.3889238107       -1.1877003216       -0.2737720844
LA         0.6174499923       -1.1144275879        0.1168394070
LA        -0.9354973738        0.2407620185        0.8388821722
LA         0.6743959426        1.0000573026       -0.4265213813
LA        -0.3319778383        0.9267848474       -0.8171324590
LA        -1.1442651037        0.5436750585       -0.1786608405
LA         0.8870064510        0.6915689764        0.6097514529
LA         0.0894004312        0.3153834946        1.2366833631
LA         0.8587931425       -0.3560320169        0.8789543060
LA        -1.1724784559       -0.5039261816        0.0905416028
LA         0.4374146441        0.2553689986       -1.1748617834
LA        -0.1549259606       -0.4335305175        0.4804759231
LA         0.6461085720       -0.0557280022       -0.1491508582
LA        -0.3645912248       -0.1293155427       -0.5414412294
LA        -0.1265913246        0.6185737579        0.2101160608
