          98
Energy of minimum      1=    -543.6653608     first found at step      136 after                28995 function calls
LA         0.1096839532       -2.0870341012        1.5488625347
LA         1.7058133795       -1.8636857984        0.6193487126
LA        -2.3599805901        0.5211332391       -0.9620955152
LA        -0.2958337466        1.8507495518        1.8038638815
LA         0.1817935019        0.8768058476       -2.4423100493
LA        -1.8822938768        1.5684765906        0.8738229823
LA        -1.5864935278       -0.9235738521       -1.8430319147
LA         2.5364606775       -0.2259252423       -0.5310753179
LA         1.3047122949        2.0747154679        0.8717783250
LA         1.3143826677        2.0157903926       -0.9877768095
LA         1.7726432440        1.1598586954       -1.5096951517
LA        -0.6659433669       -0.6383287193        2.4322359220
LA        -0.6408505243       -0.7912491440       -2.3937318963
LA        -0.8302303662       -2.2542689399        0.9978504139
LA        -1.6058575564       -0.8055640888        1.8812239338
LA         2.5307317740       -0.1910143811        0.5706365682
LA        -2.3696761377        0.5802201764        0.9026045514
LA        -0.8205621780       -2.3131918032       -0.8617052458
LA         0.1566978998        1.0297284494        2.3836571970
LA         1.7572438157        1.2536944201        1.4515717306
LA         1.7115416717       -1.8985960053       -0.4823632393
LA         0.1250805767       -2.1808670253       -1.4124051444
LA        -0.2764670083        1.7327373550       -1.9203912907
LA        -1.8725976927        1.5093894069       -0.9908769733
LA         0.2687764558       -1.1218265085        2.0757543761
LA         0.2006226986        2.1993542015        0.8729739486
LA         1.1222220928        0.4366644608       -2.0468104058
LA         1.8835747262       -0.8958658760        1.1353686912
LA        -2.3741548812       -0.0525867855       -0.0106781992
LA        -1.6014024608       -1.4545796401        0.9793873752
LA         1.8949734353       -0.9653280934       -1.0567444107
LA        -1.5916209896       -1.5141917209       -0.9019183360
LA        -1.4043933534        1.9137798400       -0.0679452265
LA         0.2104059670        2.1397401297       -1.0083312733
LA         0.2899564178       -1.2509006936       -1.9976643988
LA         1.1010398741        0.5657406961        2.0266078294
LA        -1.2502290231        1.1798661925       -1.8633473251
LA         2.3056882160        0.9068796072        0.5372079199
LA         0.7032912950       -2.3890078637       -0.4745975553
LA        -0.8145230908        0.4702650497        2.3542777846
LA        -1.7587504972        0.3022621163        1.8007370943
LA        -0.2466910620       -2.5219398769        0.0786295669
LA         2.3114434975        0.8718084721       -0.5695598553
LA         1.8510799482        1.7316683696       -0.0452463633
LA        -0.7898658136        0.3200068703       -2.3876614317
LA         0.6975368253       -2.3539378141        0.6321704125
LA        -1.7398487317        0.1870749506       -1.8344341898
LA        -1.2691317059        1.2950539925        1.7718237146
LA        -1.7947078018       -0.9740042898        0.0215317030
LA         1.0661364749       -0.5736835808       -1.6444951304
LA        -0.3202339225        2.0157576535       -0.0655392822
LA         1.0488052982       -0.4680698045        1.6885027883
LA         0.8820225534       -1.4702358317       -1.0583273658
LA         1.6668440691        0.2147449018        1.1113641209
LA        -1.0206726832       -1.7364818918        0.0497167946
LA        -1.7694362627       -0.3379524798        0.9024950244
LA         0.1217325053       -0.0014641862        2.0111672467
LA        -0.7794302996        1.5934434410       -0.9555314871
LA         0.7563210045        1.8666931087       -0.0552179363
LA         1.6783709365        0.1445025461       -1.1053522645
LA        -0.7887910089        1.6504840890        0.8445854208
LA         0.1426192324       -0.1287466851       -2.0056663699
LA        -1.7600763711       -0.3949925587       -0.8976221446
LA         0.8704964492       -1.3999945099        1.1583891628
LA        -0.6623576585       -1.2805563395        1.5185031618
LA         1.8780592985       -0.9250729826        0.0390788358
LA         0.6623587672        1.2805554113       -1.5185030641
LA         0.6469679079        1.3743406305        1.4411849450
LA        -1.8780592594        0.9250724310       -0.0390783718
LA        -0.6469690057       -1.3743391721       -1.4411854272
LA        -0.0673047665       -1.5979963541       -0.4995475518
LA        -0.8212298339       -0.1656855716        1.4511376226
LA         1.6656608974        0.1823076038        0.0028847917
LA        -1.2724562983        0.6529673477        0.8730170488
LA         1.2087223852        1.0357703373        0.5232978485
LA         1.2144348328        1.0009604217       -0.5752359841
LA         0.8698983493       -1.4312442159        0.0498752136
LA        -0.3352535453        0.8197202410        1.4224396277
LA        -0.0730165475       -1.5631873005        0.5989864361
LA        -0.3201876053        0.7279118525       -1.4748879399
LA        -1.2631029194        0.5959689005       -0.9257766139
LA        -0.8061647448       -0.2574933556       -1.4461901708
LA         0.5943140308        0.2783376150       -1.0982548811
LA        -1.2792701230        0.0161652134       -0.0071639543
LA        -0.8294391176       -0.8240222692       -0.5194830541
LA        -0.7920462141        1.0040996297       -0.0359356717
LA         0.1362029320        1.1339903948       -0.5765060491
LA         0.1158958440       -0.6917406275       -1.0700035533
LA         0.1305793856        1.1682587177        0.5049412482
LA        -0.8350621911       -0.7897545730        0.5619643717
LA         1.0385217316       -0.5275820828       -0.5291264666
LA         0.1045459044       -0.6225740180        1.1127969550
LA         1.0327948842       -0.4926831444        0.5722265981
LA         0.5829635659        0.3475048639        1.0845454753
LA        -0.3417653397        0.1525260611       -0.5502181506
LA         0.1043519622       -0.6568580299        0.0213566780
LA        -0.3474128277        0.1869413527        0.5358779418
LA         0.5848264201        0.3173905213       -0.0070161233
