          98
Energy of minimum      1=    -543.6653608     first found at step       97 after                18956 function calls
LA        -0.5537620359       -2.4399009214       -0.7120023018
LA         0.7465011618       -0.0250129599        2.4917518056
LA         1.9950513952        0.8397446508       -1.4426762194
LA         2.3484518594        0.3164734885        1.0730026075
LA        -0.8194897043        2.3105774675       -0.8697035392
LA        -1.9319846356        1.2458275158        1.2174009037
LA         0.4116257543       -2.2604374953        1.2197138420
LA         1.5787725719       -1.2790898036       -1.6242296029
LA        -2.3322306696        0.2199531689       -1.1309446993
LA        -1.6418389299       -0.8064810185        1.8495049477
LA         0.9616252117        2.3897604959        0.3619902793
LA        -0.7627225010       -0.5114148017       -2.4338086660
LA         1.0405392907        2.2693298939       -0.7308454438
LA        -1.1083964010        0.0161207242        2.3532770568
LA        -1.3750776205       -1.2135870624       -1.8447448109
LA         1.3120106967       -0.8719856914        2.0700206209
LA        -0.8984037441        2.4310077253        0.2231322044
LA        -2.4654268906        0.4232256577        0.7136287598
LA         2.4816483627        0.1132031998       -0.7715712432
LA         0.5451904120       -2.4642707385       -0.6299627140
LA         1.0921752541       -0.5525483301       -2.2953341287
LA         1.7829418616        1.1634461446        1.4947331962
LA        -1.7198753286        0.9221253405       -1.7200083948
LA        -0.6873266507       -2.2360667974        1.1376740762
LA         0.1418080067        1.9734584652       -1.3133337034
LA        -1.9875331766       -0.8283686441       -1.0015039351
LA        -1.1566111741       -2.0690256261        0.1444875925
LA         1.1074842588        0.5271523261       -2.0334901211
LA        -1.0608793688        1.0140399402        1.8670163149
LA         1.9409280495       -0.7128244181        1.1679780010
LA        -2.1222875387       -0.6227189681        0.8646441427
LA         0.8157136601        0.9724252435        2.0071106546
LA        -0.7691088525        0.5687668563       -2.1735842158
LA         2.0756826138       -0.9184722829       -0.6981705234
LA         1.0300115606       -2.1175157058        0.3077256953
LA        -0.0152093479        2.2130826990        0.8611185876
LA         1.8238019715        1.6872253328        0.5042186472
LA        -0.7325955040       -1.4560139920        1.9417895952
LA         0.1429503800       -1.1479871485       -2.2558612642
LA        -2.3381532681        0.9412583579       -0.2725642603
LA         0.3714000453       -1.4804967814        2.0242061194
LA         0.6317808733       -1.8778626710       -1.5816771460
LA        -1.7229874468        1.6466527400       -0.8643311081
LA         2.3919076483        0.8363660313        0.0805528119
LA        -1.8022630804        1.7676351593        0.2335198575
LA        -0.1967046500       -0.6296371805        2.4478732051
LA         1.9030781511        1.5662419209       -0.5936322245
LA        -0.4722147876       -1.8533817320       -1.6640938493
LA         0.1547980838        0.9894841250       -1.7796299654
LA        -1.6977549284       -1.1347890866        0.0024590530
LA         1.6268949866       -1.2085160549        0.2506557945
LA        -0.0839377773        1.3538210441        1.5265155368
LA         0.8611138371        1.5132894015        1.0139297060
LA         0.1482872785       -0.0730960822       -2.0080542645
LA        -1.2127509426       -1.2891374639        0.9627948025
LA        -2.0078144940       -0.1020211876       -0.1337410160
LA        -0.7757151108        1.3107943595       -1.3189761912
LA         0.9984132525       -1.3381722540        1.1278657274
LA         1.9989576852       -0.1908743785        0.1653789742
LA         1.1273522460       -1.5349457797       -0.6577482131
LA        -0.1394301326        0.3659917172        1.9764170186
LA         1.0198929889        1.2709755189       -1.1849275613
LA        -1.0838119370       -1.4859118842       -0.8228191400
LA        -0.9344939379        1.5531080965        0.8798810007
LA         0.0629235932        2.0808447258       -0.2247653289
LA         1.5821357077       -0.1944984758       -1.3577225509
LA        -1.5821356240        0.1944990501        1.3577225666
LA        -0.0629240041       -2.0808448045        0.2247644408
LA         1.3701389603        0.1290298753        1.5781205178
LA        -1.3701391895       -0.1290304068       -1.5781202877
LA        -0.1068985437       -1.3063547348        1.0438775346
LA         0.9396204830        1.3847746407       -0.0847519106
LA         0.6325347349       -0.8028375935       -1.3277882007
LA        -0.6707772753       -0.4618256837        1.4643924381
LA        -1.3865707998        0.6043350489       -0.7210206373
LA         1.4248135402        0.6603285413        0.5844169337
LA        -0.4632475777       -0.7785382026       -1.4095921934
LA        -1.4652564595        0.7244179073        0.3686627073
LA         1.5034995050        0.5402457835       -0.5052664157
LA        -0.8546673624        1.4245641843       -0.2187020369
LA         0.0219456307       -1.5029841088       -0.7404236502
LA         0.4250049423       -0.4861257155        1.5461963741
LA         1.0382281281       -0.3521944953        0.6594596464
LA         0.4729019838        0.4945020865        1.0810536559
LA         0.5145979723       -1.1596656796        0.1649538189
LA        -0.6058364207        0.5184239137        1.0005219814
LA         1.1156900948       -0.4704092918       -0.4132747777
LA        -0.5839966326       -1.1353034993        0.0829399412
LA         0.6292516492        0.2558960442       -1.0841608290
LA         0.0741432690        1.0872890463       -0.6701868948
LA        -1.1391049198       -0.3039103596        0.4969140518
LA        -0.0047444212        1.2076801371        0.4222931291
LA        -1.0616431094       -0.4221254879       -0.5758204806
LA        -0.4494869787        0.2798176580       -1.1646925388
LA        -0.0504426923       -0.3224348884        0.5799131022
LA         0.5532331733        0.3697841896       -0.0008011516
LA         0.0273521605       -0.4411580660       -0.4974325801
LA        -0.5301423593        0.3938087951       -0.0816790472
