          98
Energy of minimum      1=    -543.6653608     first found at step    12558 after              1730883 function calls
LA         0.0849683792        0.5394815457        2.5433159965
LA        -0.2689066731       -0.0338915411       -2.5871330002
LA        -2.1993746572        0.4344965398        1.3193483367
LA        -0.5650536467        2.3929197449        0.8493323820
LA         1.4842415068        1.5311841575       -1.4897038310
LA         1.6285907209       -0.3547302133        1.9971416672
LA        -0.9134576061       -1.6109511086       -1.8267860843
LA         1.4943426058       -1.8975126255        0.9659717868
LA         2.0094078037        0.5770368879        1.5479098438
LA         2.5179325720        0.6069637420       -0.2415088058
LA        -2.3339940949       -1.1125541172        0.2853259288
LA         2.4383961055       -0.3070729450       -0.8524357282
LA         0.1173813837       -2.5326216776       -0.5820348900
LA        -1.8254689476       -1.0826282488       -1.5040927239
LA        -1.0466701425        2.0372146838       -1.2332693990
LA        -1.7232633020       -1.6586072076        1.0227910995
LA        -0.1838992342       -2.5503517647        0.4781238182
LA         1.7956233558       -1.8797821859       -0.0941868529
LA        -0.0551221297        2.4229285519       -0.9450365077
LA        -1.5886436453       -0.1115562110        2.0568135400
LA         1.4047048029        0.6171473996       -2.1006305918
LA         0.4657849369        1.4712486992        2.0940838826
LA        -1.1809178099        0.4944317677       -2.2644396262
LA        -1.5566015783        2.0072056204        0.5610995885
LA        -0.0253892037       -1.0228470364       -2.1430425734
LA         0.5538569488       -0.4297485072        2.2689315986
LA        -2.3545217063       -0.0019011007        0.3093796179
LA         1.8260540693        1.4544962553       -0.4352686467
LA         1.0175068217       -1.9552975531       -0.8837323966
LA        -1.7042307950        1.5892027579       -0.4577377324
LA         1.3115815007        1.4242196761        1.3750798567
LA         0.2686855728        2.3566707480        0.1157691441
LA         1.6677976299       -0.3641934655       -1.6508500886
LA        -1.1393302278       -1.0884010605        1.7767390137
LA         0.4180386379       -1.9905758326        1.2257010068
LA        -1.8400487733        0.0283749483       -1.5009687803
LA        -0.5725874346        1.4066221478       -2.0299699174
LA        -1.2155847240       -2.2163633131        0.1931504080
LA        -0.5705840463        1.7356046846        1.7576491024
LA         2.3587559787       -0.9258628577        0.0791701893
LA         2.4386573698       -0.0076316341        0.6929008002
LA        -1.5666821544        1.3481201870        1.4680934621
LA        -1.8291182762       -1.6678043846       -0.5476990631
LA         0.3436090476        0.8758743983       -2.3541444683
LA        -0.9531482940        0.7995615695        2.2089429474
LA         2.0560926746       -0.9436748123        1.1441941091
LA        -0.9129215233       -2.1985517524       -0.8718734824
LA         0.4235108968        1.7941058757       -1.7404140713
LA         0.8574848240       -1.0774793925       -1.5079399106
LA        -0.0539764613       -1.1311182873        1.6993478052
LA         1.0981059184        1.6877471576        0.3402907052
LA        -1.9016143067        0.5208505060       -0.5316985431
LA         0.2672119233        1.7044252682        1.0407434018
LA         1.7573718512        0.8411841605        0.5134858256
LA         0.5994494431       -0.1057070829       -1.9207030905
LA        -0.6289740902       -1.6638204519        0.9464180878
LA        -1.2355770278        0.9573130971       -1.2714227138
LA        -0.4990169902       -0.1703509171        1.9446276585
LA         1.5973391598       -0.9979175337       -0.7157388775
LA        -1.8578043123       -0.5651261600       -0.5374102880
LA        -0.0227777180       -1.6281463055       -1.1866905257
LA         0.9911428693       -1.0335920685        1.4173697393
LA        -1.7278473758        0.9283433905        0.4607994253
LA         0.7594822324        1.7333947584       -0.6914785667
LA         0.9271825515        0.4942839726        1.8111901458
LA        -0.9271823590       -0.4942843890       -1.8111901270
LA         1.7365559115        0.5419153549       -1.0368677138
LA        -1.7365560708       -0.5419150410        1.0368676451
LA        -0.7135118465        1.9612252144       -0.1699692811
LA         0.7135119418       -1.9612251342        0.1699692900
LA         0.6736799992        0.8115959551       -1.3019743816
LA        -0.1186397898        0.7649685969        1.4860747231
LA         1.6708361479       -0.0799586947       -0.0978959326
LA        -0.9367773566       -1.0943254101       -0.8559031906
LA        -0.2357004354        1.3383947514       -0.9802116713
LA        -0.3150075580        0.4269946264       -1.5893761628
LA        -0.3278083615       -1.6388031825       -0.1205653095
LA        -1.1073274173        0.3803672720        1.1986730286
LA        -1.2371889084       -1.1120043463        0.2011973149
LA         1.3704246467       -0.0976379139        0.9592046207
LA        -0.7276088127        1.3094464116        0.7507368990
LA         1.2911175633       -1.0090379224        0.3500401070
LA         0.9178707511       -0.1580296947       -0.8771459220
LA        -0.9671532081       -0.0084982507       -0.8374889893
LA         0.3209494324       -0.1931581237        1.2233259973
LA        -0.6523601964       -0.5717773461        0.9403945599
LA         0.9973814065        0.7557094050       -0.2664181054
LA         0.5440583009       -1.0726579761       -0.4361769557
LA         0.7016425854        0.7383054058        0.7742403670
LA        -0.0554388759       -0.5366490424       -1.1600773797
LA        -1.2628920749       -0.0259022058        0.2031694608
LA         0.2428758124       -1.0903823662        0.6236365233
LA         0.1021454101        1.2743143826        0.0503399049
LA        -0.8890796641        0.8887260547       -0.2377994595
LA        -0.2794213219        0.3511091348        0.4913796967
LA        -0.3578305591       -0.5499719187       -0.1108875888
LA         0.0175887420        0.3685879536       -0.5537521606
LA         0.6196629793       -0.1697251050        0.1732600493
          98
Energy of minimum      2=    -543.6429572     first found at step     7298 after              1039468 function calls
LA        -0.2066756934       -1.9680766086        1.8998049730
LA         0.3670470844       -1.2201311656       -2.6045797056
LA        -1.0253351234        2.4863206826        1.0835938468
LA         0.8575449341        1.9292491923       -1.6150651034
LA        -2.1768094041        0.5638262023       -1.3884229175
LA         1.1616605768        2.1124923028        1.3101925804
LA         2.2121214924       -0.6837824464       -1.4722920751
LA        -1.1013915867       -2.1743548325       -1.2229091481
LA        -2.1510241579        0.6197146091        1.5573819540
LA         2.3772858600        0.3747043793       -1.1350400811
LA         1.7963971092        1.9210013106        0.4036312844
LA        -2.5365712661       -0.0295092118        0.7267914480
LA        -1.9561060941       -1.5746779738       -0.8107573358
LA         1.0578410874       -2.3283418621        0.0339802005
LA         0.1088737874        0.1977609780        2.5476255537
LA         1.6729547303       -1.6489689320       -1.2570848186
LA         0.4291363725        1.6620137749        2.0375696989
LA        -1.2462217142        0.9062387386        2.1629032408
LA        -0.0029982216       -2.4031605027       -1.1301757946
LA         0.8253430636       -1.5207941120        1.8399197678
LA        -0.6713734347        1.8373090193        1.9165607279
LA         0.7375337253       -1.9131318896       -1.8153847877
LA         0.9859480328       -0.4254300748        2.1748441906
LA         1.4683077465       -1.7094468365        0.8971592324
LA         1.7411423337        0.0458184599        1.4506404882
LA         2.0355772147       -0.7379523280        0.6707346526
LA         2.1026305264        1.1576086125       -0.3695477664
LA        -2.2640591150       -0.8077660678       -0.0429722653
LA        -0.0484849950       -0.8957801806        2.2455344980
LA         0.4298527785       -2.1690911538        0.9785028367
LA         1.2901606173       -0.9529954918       -2.0400615753
LA         0.0677263233        2.3010636935        1.1979502116
LA        -0.3669035973       -1.6987210067       -1.9154068638
LA        -1.5890507675        1.5545738106        1.3218445902
LA         1.3283463147        1.9255737031       -0.6066133879
LA         1.6184521558        1.1533263461       -1.3750524257
LA        -2.3580207688        0.2664356457       -0.3314637118
LA        -2.0680940945       -0.5053343773       -1.0994277894
LA        -0.9727852532       -1.1787552693        1.6496194505
LA        -0.6808355782       -1.9559106841        0.8762966255
LA        -1.4152099950        1.8500872066        0.2584857138
LA        -0.4849198590       -0.6262986215       -2.2056881228
LA         0.5332064798       -0.1681288902       -2.2819456590
LA        -0.3971490389        2.3084310332        0.1824011643
LA         0.6969628972        0.8807707139       -1.9522368694
LA         0.2303401813        2.1228969993       -0.7162360618
LA        -1.3323679223       -0.0324025507       -1.8004823226
LA        -1.7989270566        1.2095547146       -0.5646495566
LA        -0.1563072056        1.4775438572       -1.5438766732
LA        -1.1668989694        1.0227735474       -1.4683771916
LA         1.5892013100        1.1113941466        1.1258204940
LA         2.1654566545       -0.4225687505       -0.4005777279
LA        -1.1332610109       -1.9051270609       -0.1524216509
LA        -1.7082526021       -0.3745285422        1.3706288278
LA         1.6315081970       -1.3822427431       -0.1810930214
LA         0.8646480229        0.6591006319        1.8501834962
LA         0.7007771078        2.1266566080        0.2945858232
LA         1.4610062889        0.1029640529       -1.7191267810
LA        -1.2252448853       -1.1056241530       -1.5180193712
LA        -1.9852427927        0.9174523481        0.4950807007
LA        -0.0445606808       -2.1342566038       -0.0541384071
LA        -0.8100270633       -0.0966237959        1.9734458377
LA        -0.7889468222        1.6754255549       -0.6468898455
LA        -0.3207580095        0.4291304362       -1.8870390145
LA         1.9001159783        0.3533589127        0.3622335937
LA        -1.4412647211       -1.1503583376        0.6119440722
LA         0.2448632639       -0.4216267182        0.5161586515
LA        -0.2409094224        0.8482927767        1.7206481779
LA         0.6936160902       -1.6393674964       -0.7547441571
LA         1.0443887953       -0.7309035912        1.1288102828
LA         0.0224568036       -1.1807096154        1.1950393419
LA         0.6450293818       -1.3584915395        0.2903577874
LA         0.1825601173       -0.1274217188        1.5153565419
LA        -0.5896524353        1.4865117902        0.8862671030
LA         0.3233560547       -0.9438713226       -1.5321307401
LA         0.4930544913        1.3051951968        1.0040877529
LA         1.2400906906       -0.6833781053       -0.9746788840
LA         0.6452681062        1.1222354390       -0.8841916248
LA        -1.3457319345        0.2262312991       -0.7354015591
LA        -0.4026623165       -1.4221372418       -0.8514608334
LA        -1.1493548608        0.5655208873        1.1263953917
LA         1.1160835344        1.1205658510        0.1130257266
LA         1.4029538284        0.3569314218       -0.6468429141
LA        -1.2433895324       -0.8332066896       -0.4490575821
LA        -1.5299747674       -0.0703312864        0.3100556423
LA         0.9101220328        0.3267004712        0.8186734855
LA         1.1919423803       -0.4234911668        0.0721813431
LA        -0.4344814129       -1.1533324655        0.1930441978
LA        -0.7158029264       -0.4044687515        0.9382148272
LA        -0.1675697833        0.5194108570        0.7014783048
LA         0.2837946601       -0.6820987950       -0.4941061865
LA         0.0272949676        1.3176353016       -0.0014469748
LA         0.4876705845        0.0921383543       -1.2209005193
LA        -0.5170356537       -0.3599615789       -1.1456729722
LA        -0.9773446321        0.8653579890        0.0736041003
LA        -0.3543437133        0.6818073349       -0.8189604339
LA         0.4432769930        0.3409257496       -0.1752667138
LA        -0.5425968697       -0.1029618040       -0.1013725104
          98
Energy of minimum      3=    -543.4923253     first found at step    10695 after              1488145 function calls
LA         2.6284046977        0.1528474595       -0.6476762169
LA         2.2071930324       -0.3123417004        1.5182990116
LA        -1.0512147618       -2.6058335363       -0.7817312899
LA        -1.0802845200        2.6865449148        0.3492657799
LA        -2.3781474034       -0.2691966654        1.1985521000
LA         0.3470761516        2.3736102255       -1.3363436085
LA         0.3689924493       -1.6163001371       -2.1889993264
LA         0.1346313074       -0.5975381025       -2.5988947036
LA         0.1225106060        1.6089656873       -2.1273579621
LA        -0.3114969398       -2.3674784547        1.3093757145
LA        -0.3334102659        1.6221013180        2.1619604952
LA        -0.7661200688        0.6264748440        2.4472150549
LA        -0.7540004229       -1.5800104416        1.9756829066
LA         1.7116951674       -1.8533697956       -0.0829008847
LA         1.6919400662        1.7432435225        0.6857062757
LA         0.7565611931       -2.1878045912       -1.2994428391
LA         0.7306163922        2.5356477176       -0.2900270857
LA         0.4123220280       -2.5677344297        0.4703579620
LA         0.3863796081        2.1553876243        1.4797027006
LA         0.0430372089       -2.6739782947       -0.5834097426
LA         0.0136336855        2.6791695219        0.5605736811
LA        -0.8129284872       -0.0871625908       -2.3039652177
LA        -0.8189701814        1.0126980622       -2.0689214453
LA         0.1299897333        0.5096850275       -2.3816725890
LA        -1.5265163671       -0.5911481228       -1.6046717908
LA        -1.5362414712        1.1793157438       -1.2263181959
LA        -1.9695841567        0.1903862441       -0.9415169887
LA        -0.7670746386       -0.4804747288        2.2286148668
LA         2.4346380975       -0.0803287129        0.4384648197
LA        -0.3669199015        2.5324713383       -0.4932856844
LA        -0.3414011935       -2.1133583431       -1.4861132818
LA        -0.6817510883       -2.4890111445        0.2636266364
LA        -0.7072676971        2.1565482015        1.2563963337
LA         2.1822551224        0.9557202266        0.0195318785
LA         2.1922131843       -0.8572443977       -0.3679041560
LA         1.9696926777        0.7209582132        1.1125449951
LA         1.9796506595       -1.0919793172        0.7251148173
LA        -1.5671394045       -0.9245078103        1.5888143112
LA        -1.5731943195        0.1778470270        1.8243906593
LA         1.8079120129       -0.2967910417       -1.2802840386
LA         1.8018152891        0.8131307870       -1.0430902912
LA         1.2515954178       -0.9110934002        1.5804103734
LA         1.2454998549        0.1986513877        1.8175660908
LA        -1.2913609487       -1.6006329819       -1.1953750808
LA        -1.3107857991        1.9357474870       -0.4396399656
LA        -1.5002388455       -1.8319217861       -0.1200330981
LA        -1.5196668381        1.7051046987        0.6358397830
LA        -1.9421948886       -1.0535741564        0.5399947416
LA        -1.9519387369        0.7203733738        0.9190925198
LA        -2.1769920794       -0.0394116902        0.1284670843
LA         0.9595431623       -0.7369125251       -1.8763968454
LA         0.9475331144        1.4495192373       -1.4091498360
LA         0.2706525545        0.7017404932        2.0725383424
LA         0.2826619248       -1.4846658208        1.6052969798
LA        -0.5824180853       -1.1069578421       -1.9057480117
LA        -0.5982926979        1.7830184464       -1.2881511660
LA        -1.1341587596       -1.7157968448        0.9306435447
LA        -1.1500289777        1.1735352954        1.5481020883
LA         1.3337745117        1.6069732469       -0.3715220829
LA         1.3497455214       -1.3006541969       -0.9928908694
LA         0.9899588065        1.2271588308        1.3966662801
LA         1.0059290079       -1.6803565401        0.7753216766
LA        -1.7457472633       -0.8263429541       -0.5343286858
LA        -1.7555274203        0.9541719061       -0.1538273510
LA         0.9597095760        0.3610957236       -1.6650401280
LA         0.2735513666       -0.3964010356        1.8619466046
LA         0.6487051857       -0.0187330735        0.1043323687
LA         0.6208209139       -1.7924484400       -0.2818236056
LA         0.6013220679        1.7574921543        0.4768090708
LA        -0.9315860305        0.2688081679       -1.2818036928
LA         1.6208920889        0.0657686737       -0.2660962082
LA         1.4136024143       -0.1631515260        0.7997825716
LA        -0.4672195532       -1.7153307577       -0.4768540646
LA        -0.4862834705        1.7553989790        0.2648510340
LA         1.1795918036       -0.9142420296        0.0153051193
LA         1.1699536963        0.8404699422        0.3902922880
LA        -1.3389130990       -0.1830975724        0.8223716553
LA         0.2379227534       -1.2315712714       -1.1758123503
LA         0.2223308194        1.6070135064       -0.5691984199
LA        -0.0994698276       -1.6039326250        0.5585462275
LA        -0.1150599683        1.2344043913        1.1651070634
LA         0.0061199176       -0.2320409285       -1.5807409374
LA         0.0001327765        0.8579164270       -1.3478136667
LA        -0.5431745537        0.2576727012        1.4463822652
LA        -0.5371890548       -0.8320333932        1.2135089767
LA         0.8086665856       -0.3690911202       -0.8699377523
LA         0.8027892449        0.7008940531       -0.6412787175
LA         0.4690641307        0.3322348056        1.0750442433
LA         0.4749408718       -0.7376687362        0.8464027292
LA        -0.7078865410       -0.7296274113       -0.8870286890
LA        -0.7175023655        1.0209712229       -0.5129205148
LA         0.1015205433       -0.8580356050       -0.1822147996
LA         0.0920915324        0.8585825394        0.1846314768
LA        -0.9237051023        0.7929508184        0.5482396373
LA        -0.9140906640       -0.9574283739        0.1741785649
LA        -1.1474331419        0.0431527568       -0.2314215495
LA        -0.1294848197        0.1234970826       -0.5812196961
LA        -0.3317697137       -0.1003250578        0.4609327224
          98
Energy of minimum      4=    -543.1896663     first found at step     4288 after               608199 function calls
LA        -0.1330238043        2.1389101722        1.6048998051
LA         0.5405714849        0.3428768672        2.6038231338
LA         2.5750222909        0.8340817086        0.3652307170
LA         2.3485030415       -1.3600712382       -0.1091344223
LA        -1.2309244491       -0.4158908864        2.6239197564
LA        -0.8841124610        0.6817994911       -2.6652415996
LA        -1.9033825980        1.8694178414        0.2827002265
LA        -2.2381144989       -1.3750405989       -0.4111120612
LA        -0.0161716722       -1.3476911632       -2.3476056879
LA        -0.2788129989       -2.1760113967        1.6371367602
LA         0.3523392873        2.1943005313       -1.5876640333
LA         0.0100589874        2.5939392889       -0.5975084914
LA        -0.6135036278       -2.4979273647        0.6161518473
LA        -0.4673270026       -2.0393455388       -1.5874421232
LA         1.6226392155       -0.5609607553        1.8929036566
LA         1.8564710463        0.1934596833       -1.6981544267
LA         0.3486949184       -1.4429657663        2.2150466386
LA         0.8449223062        1.3323844097       -2.1180452533
LA         0.6586003751       -0.4595747223       -2.5022211503
LA        -0.1278145738       -0.5518268669        2.7003692066
LA         0.2235721097        0.5635492318       -2.6482659625
LA        -0.5684557301        0.4764599150        2.5176244317
LA        -0.0631872765        2.3845186029        0.5071934029
LA        -0.5456774531       -2.2861193470       -0.4895739538
LA         0.7451828382        1.4735491821        1.5331842078
LA         2.4789522812       -0.2649411194        0.1279898705
LA        -0.7556454735       -1.2969909431        2.1321973537
LA        -0.4503914269       -0.3327267879       -2.5085476456
LA        -0.2661917419        1.4389818722       -2.1288302542
LA         2.1216874649        0.1372596698        1.1373931465
LA        -1.0189658712        2.0053912432        0.9439374138
LA         2.0060485742       -0.9692002604        0.8989236724
LA         2.2379007371        0.5182684367       -0.6717659676
LA         2.1238525213       -0.5889937519       -0.9110952382
LA        -0.9472609906        2.2329728051       -0.1571677055
LA        -1.4266658954       -1.9377777818        0.1017832861
LA        -1.3536859820       -1.7088162191       -0.9993292828
LA         1.6737202221        1.1710500577        0.9585098755
LA        -1.4598311449        0.3504490040        1.8495118292
LA         1.7469908486        1.4028863171       -0.1507402080
LA         1.4478522354       -1.4947315248       -0.7761573451
LA         1.3744960779       -1.7258456433        0.3319238447
LA        -1.6834803898        1.1118178315        1.0693660689
LA        -1.5734741499       -0.7384138183        1.6153746433
LA        -1.2294406587        1.0826417667       -1.6865435086
LA        -1.3416936588       -0.0058905357       -1.9189135805
LA        -1.5690332696        1.4785153154       -0.7046857778
LA        -1.9087933767       -1.0584078447        0.6044253983
LA        -1.7925579672       -0.6912785889       -1.1681155176
LA        -2.0214352500        0.7882402070        0.0519193697
LA        -2.1327554445       -0.2923933953       -0.1793189709
LA         0.8935043502        1.9328171420       -0.6600686327
LA         0.3851208674       -2.0484387109        0.7639485867
LA         0.5295258029       -1.5933410027       -1.4195391067
LA        -0.8005118553        1.2499406998        1.7408565976
LA         1.2034370665        0.4659771169        1.7181433819
LA        -1.1008457856       -1.6250232732        1.1226640460
LA        -0.6137839746        1.8459757055       -1.1495970898
LA        -0.9106842942       -1.0259057069       -1.7634641628
LA         1.0132124100       -1.3213193636        1.3339700602
LA         1.3883326554        1.0772414365       -1.1837981762
LA         1.2038095743       -0.7137318028       -1.5692230705
LA        -1.8083112439        0.0274796866        0.8399850275
LA        -1.6922992345        0.3955490327       -0.9394814843
LA         0.8254453108        1.7274808156        0.4389137306
LA         0.4563527139       -1.8438341375       -0.3325732240
LA         0.6741635755       -0.0614506500        0.0536613292
LA         0.5210798790       -0.4293694703        1.8237147780
LA         0.7528406906        0.3107339307       -1.7220574094
LA         0.0796707499        0.5950694362        1.6434693831
LA         1.6075056161        0.3794031264        0.2071092107
LA         1.4960542063       -0.7003919368       -0.0267413963
LA        -0.5758155550       -0.2928825377        1.7397773241
LA        -0.3489653637        0.4260306587       -1.7294518956
LA        -0.1429675125        1.3449784308        0.8576631143
LA         1.1495916410       -0.3066711375        0.9508800574
LA         1.2633050559        0.0614043077       -0.8005605525
LA        -1.0186393915        1.2057786062        0.2029801602
LA        -1.2380528601       -0.9234431023       -0.2514477140
LA        -0.1035075395       -1.1673599205        1.2565662739
LA         0.0828452815       -0.5786917931       -1.5787883000
LA         0.2651934532        1.1774753638       -1.2018139400
LA        -0.0714757058        1.5708732075       -0.2291643800
LA        -0.4355135100       -1.4854507601        0.2542649575
LA        -0.3635246811       -1.2587779020       -0.8341067570
LA         0.7181972360        0.6968753027        0.7761769868
LA         0.7888318656        0.9201623840       -0.2938400990
LA         0.5386437000       -1.0406996049        0.4003149900
LA         0.6093390040       -0.8182236019       -0.6684732662
LA        -0.8064995181        0.4619423566        0.9804807838
LA         0.0609797047       -0.1741063866        0.8893185052
LA         0.1729843727        0.1790694596       -0.8281999468
LA        -0.9180713037       -0.6129987138        0.7500406811
LA        -0.6930718608        0.8235570740       -0.7700512763
LA        -0.8037808419       -0.2509303285       -0.9992024096
LA        -0.1601014448        0.5657959597        0.1273993002
LA        -1.1410445332        0.1426563358       -0.0239336087
LA        -0.2687667995       -0.4891133253       -0.0969807627
          98
Energy of minimum      5=    -543.1654807     first found at step     4097 after               582406 function calls
LA         0.2545423815        2.3789014797       -1.3749099634
LA         2.6462459853        0.6731249798        0.0298148653
LA         2.2058334958       -1.4256766627       -0.6678886217
LA        -1.2287815239        1.0829162356       -2.4195867358
LA        -0.8593828582       -0.6855466371        2.6829634471
LA        -1.7105642998        1.9220301429        0.7775505583
LA        -2.3660890999       -1.1840594032       -0.2520669219
LA         0.5312592692        1.0446462686        2.4817842138
LA        -0.4605937857       -1.0092980786       -2.4926246510
LA         0.2471300670        1.9193832375        1.8414158910
LA        -0.1814202964       -2.3412003099        1.3515094352
LA        -0.6848086325       -2.5085181870        0.3631192016
LA        -0.8379276525       -1.7717315180       -1.7618833134
LA         1.5875622855        0.3455534501       -1.9585631008
LA         1.8383893019       -0.8621354254        1.5065298754
LA         0.6033130210        1.5710564673       -2.0768439433
LA         0.2419517397       -0.1426902771       -2.6409044088
LA         0.5716412849       -1.7195002698        1.9110195615
LA         0.9322625840       -0.0067136738        2.4822569019
LA         0.1742562014        2.3091506963        0.7874054295
LA        -0.1413688652        0.9095316320       -2.5913727389
LA         0.2324066619       -0.8780675951        2.5699365695
LA        -0.8059454368        2.2977112603        0.2440205642
LA        -0.7683802491       -2.1565455071       -0.7046455541
LA         0.9016735353        1.9816186230       -0.5735181697
LA         2.4426967201       -0.3789661051       -0.3213394489
LA        -0.4876514809        1.7317932074       -1.8993175110
LA        -0.1642580666        0.1793215072        2.5840974559
LA        -0.8452391595        0.0371339126       -2.4582682756
LA        -0.5205433959       -1.5142241029        2.0191747379
LA         2.1381810299        0.5136855596       -0.9726210755
LA        -0.7328705054        1.9227592966        1.3097663880
LA         2.0427088204       -1.1546568627        0.4218625276
LA         1.9162710611       -0.5459385273       -1.3245281769
LA         2.2652224166       -0.0962416735        0.7738630396
LA        -1.5264488276       -1.8475540005        0.0547230718
LA        -1.6030868810       -1.4794242855       -1.0070446536
LA         1.7898666768        1.3441549504       -0.2770583655
LA         1.8701036698        0.9688636477        0.7942336912
LA        -1.5549716292        1.6494058206       -0.2907538343
LA         1.2092760111       -1.4292281297       -1.1983607129
LA         1.2861012542       -1.8003760596       -0.1292841593
LA        -1.3947255748        1.3689005019       -1.3561862689
LA        -1.6150311594        0.3269073388       -1.7008172631
LA        -1.3680258749       -0.8549552899        1.7081557085
LA        -1.1486134039        0.1862434416        2.0537914336
LA        -1.4322337378        1.0548871988        1.4192011077
LA        -1.9935603497       -0.4284159570       -0.9789127211
LA        -1.8698469060       -1.0212727806        0.7304586593
LA        -1.9357577445        0.8875072432        0.4348312949
LA        -2.1540227244       -0.1470960412        0.0919548165
LA         1.0624063137        1.2396685525        1.5329100755
LA         0.3524416087       -2.1302321483        0.4079202912
LA         0.2007100503       -1.3992590633       -1.6985120002
LA        -0.6550520151        2.0263367235       -0.8329617906
LA        -0.4547964682        1.0566273559        1.9574614166
LA        -1.0326961042       -1.6890404420        1.0429039919
LA        -1.2343748505       -0.7240797478       -1.7407507803
LA         1.2602556342        1.1759305734       -1.2726079123
LA         1.4654099888        0.1975269455        1.5299397686
LA         1.1045144549       -1.5138836457        0.9589260094
LA         0.9028864015       -0.5403875801       -1.8420761166
LA         0.9953695379        1.6266387621        0.4873109073
LA        -1.7862305983        0.6134916403       -0.6364529478
LA        -1.6625394491        0.0179707027        1.0791711526
LA         0.2733077425       -1.7868281393       -0.6526852093
LA         0.6644507306       -0.0824001370       -0.0893724391
LA         0.5025673052        0.5135518754       -1.7968589526
LA         0.7502264784       -0.6722736020        1.6254737102
LA        -0.0005661364        1.6174588159       -0.0479203256
LA         1.6375950902        0.2898581411       -0.0302764090
LA         1.4208191000       -0.7432620451       -0.3737382220
LA         0.1574490395        1.3253652022       -1.1057837601
LA        -0.5782291831        0.6811669848       -1.6175107103
LA        -0.3358520826       -0.4775879219        1.7286851291
LA         1.1268982929        0.1244114189       -1.0030034798
LA        -0.8950377078        1.2343145151        0.4795625155
LA         1.2494376177       -0.4650687188        0.6876256125
LA         0.3550914446        0.3779494384        1.6351756789
LA        -1.3253641830       -0.8053108020       -0.1959906134
LA        -0.1965533151       -0.3533155765       -1.6604669049
LA         0.0016641355       -1.3008875673        1.0750979210
LA         0.0746360804        1.2393850404        1.0061094715
LA        -0.4955916430       -1.4665135260        0.1052705345
LA        -0.5712768111       -1.1025144223       -0.9442138285
LA         0.7908860356        0.9309281406       -0.3267110262
LA         0.8674479464        0.5690175478        0.7054533880
LA         0.4428676019       -0.7341811285       -0.8796882366
LA         0.5170383970       -1.0917856951        0.1511214655
LA         0.0547048611        0.2940238598       -0.8457937529
LA        -0.7456948624        0.9675019752       -0.5732780163
LA         0.1742714290       -0.2781736185        0.8090552279
LA        -0.9634212084       -0.0617654597       -0.9136614787
LA        -0.8412816217       -0.6466589452        0.7732772802
LA        -0.6243410286        0.3817364187        1.1138606550
LA        -1.1227321982        0.2165510285        0.1433869587
LA        -0.1033621003        0.5718577307        0.1910306237
LA        -0.3171051041       -0.4410141960       -0.1425547297
