          38
Energy of minimum      1=    -173.9284266     first found at step       62 after                10339 function calls
LA        -1.5689404488       -0.5178663292        0.5753976004
LA        -1.5308647348        0.8108982600       -0.2444169007
LA         0.9907771096        0.7364649333        1.2396863757
LA         0.5553594430       -0.8826248847       -1.4047745472
LA        -0.0704213236        0.9282101893       -1.4813193696
LA         0.1467585227        1.7357880981       -0.1623013716
LA        -0.9907778622       -0.7364642018       -1.2396855202
LA         1.4413130909       -0.5503045958       -0.8249989582
LA        -0.5553605239        0.8826243126        1.4047738971
LA         1.6584928092        0.2572729566        0.4940180760
LA         0.0704218567       -0.9282103610        1.4813192401
LA        -0.1467578200       -1.7357881681        0.1623014399
LA        -0.8112354486       -1.2589201944        0.9043547069
LA         1.5308651289       -0.8108968870        0.2444162487
LA         1.5689404057        0.5178653230       -0.5753970850
LA        -0.7348986171        1.4050798033       -0.7392668328
LA         0.2367462827        1.4739253991        0.9123243025
LA        -0.1986713096       -0.1451642769       -1.7321367167
LA         0.1986706348        0.1451642818        1.7321367636
LA        -0.2367470787       -1.4739253156       -0.9123241164
LA         0.7348997175       -1.4050791992        0.7392665121
LA         0.8112359682        1.2589194914       -0.9043545109
LA        -1.4413136319        0.5503038957        0.8249977505
LA        -1.6584928465       -0.2572718726       -0.4940169449
LA         0.6438796138       -1.1384897451       -0.3313428291
LA         0.6818629468        0.1870588389       -1.1491733278
LA         0.8605340427       -0.3328651962        0.9844843987
LA         0.8985173779        0.9926832475        0.1666538841
LA        -0.8605338676        0.3328657210       -0.9844841633
LA        -0.8985174357       -0.9926832999       -0.1666534367
LA        -0.6818629970       -0.1870594004        1.1491730337
LA        -0.6438794357        1.1384895778        0.3313424083
LA         0.7681593233       -0.0726159602       -0.0820199884
LA         0.0189170585        0.6601623226       -0.4073038003
LA        -0.0189166921       -0.6601625017        0.4073037785
LA         0.1079002910        0.4012245859        0.6553206806
LA        -0.7681592050        0.0726158507        0.0820199548
LA        -0.1079003451       -0.4012246990       -0.6553206326
