          98
Energy of minimum      1=    -543.6653608     first found at step    23874 after              3358981 function calls
LA         1.3663715458       -1.4596103921       -1.6641160225
LA        -2.1637138225       -0.4591166115        1.3690400971
LA        -0.6883041341        0.9389774728       -2.3262146350
LA        -2.3079840052        0.8012665984       -0.8932509102
LA         0.4156878436        2.5024773475       -0.5757832146
LA         1.7148916413        0.1349997958        1.9513168218
LA         1.8217614721        0.6577220119       -1.7364627096
LA        -0.0518407970       -2.5939930485        0.1876913241
LA        -1.7451608178       -1.7303195636       -0.8527153655
LA        -2.3613452249        0.5402657498        0.9480917299
LA         2.1029004030       -1.2947801988        0.8173550939
LA        -0.9175494434        1.7837274799       -1.6562409724
LA        -0.8267880013        0.2616219512        2.4524867727
LA         0.8933878361       -0.4454629189        2.4021108925
LA        -1.7767753117       -1.8849517651        0.2382063599
LA         1.3813141085        1.8218352204        1.2408074651
LA        -0.0202263357       -2.4393608719       -0.9032304312
LA         1.2813965470       -1.8752429947        1.2681489543
LA         1.0318716819        0.2318919730       -2.3765906583
LA         1.4348228573        2.0835575903       -0.6056293656
LA        -1.0244195086        1.2610042531        2.0315383558
LA        -2.0787385059       -0.0434835801       -1.5632243430
LA         0.3621788992        2.2407548166        1.2706532108
LA         2.1562612527       -1.0337804821       -1.0239879575
LA        -1.5624497592        1.6154223188       -0.7672374930
LA         0.6339829745       -0.7807610276       -2.1512716489
LA         2.1516679541       -0.1975249998        0.9852920551
LA        -1.1063123559       -0.0654053492       -2.1003063441
LA        -1.2232013755       -0.6371358367        1.9332170951
LA        -1.6164352037        1.3513688679        1.0956421259
LA         2.2056532024        0.0665275173       -0.8775876481
LA         0.5170941619       -1.3524912043        1.8822520869
LA         1.8141889671        1.5090402927        0.2664723063
LA        -0.2136185736        2.3425787609        0.3258574761
LA        -0.7688330112       -1.7719710559       -1.3814868070
LA        -0.8317372329       -2.0796480074        0.7891569085
LA         1.8534528155       -1.7192551988       -0.1899829856
LA         1.2013559503        1.5782727429       -1.5789297137
LA         0.4078411695        1.1504883828       -2.2219950268
LA        -2.3027648321       -0.7647871062       -0.7345708758
LA         0.0732300181        1.4888957556        2.0506208503
LA        -2.3345242378       -0.9201289540        0.3613572757
LA         0.2717684308        0.4849270940        2.4735009241
LA         1.0281789212       -2.3023817444        0.2628794831
LA        -2.5330624180        0.0838397894       -0.0615228331
LA         0.1775439093        1.9991151736       -1.5489466784
LA         1.0970421916        1.0680537540        2.0206381430
LA         1.0599384362       -2.1470397110       -0.8330487556
LA        -1.0936514702        1.7115974130        0.2109164445
LA         1.9895281463        0.4442438273        0.1206244037
LA        -0.4001173066       -0.8440167411       -1.8159478563
LA        -0.4957594917       -1.3118243969        1.4844070571
LA         1.5909535793        1.0039608689       -0.7214873125
LA        -1.3406336216       -0.8012717179       -1.2729018562
LA        -0.5112686985        1.5941967529        1.1210506765
LA         0.2609488008       -1.7968861030        0.8733384634
LA        -1.8018906418        0.8984208188        0.0751287209
LA        -0.1136214998       -0.4166259459        1.9680261862
LA        -0.4596130299        1.8468547864       -0.6614356035
LA         1.9138683164       -0.6289571541       -0.0336885640
LA         0.0016437575        0.1471623265       -2.0094662839
LA        -1.4042435706       -1.1124020457        0.9221040559
LA         1.5392978702        0.7513031669        1.0609990908
LA         0.3245586862       -1.4857558242       -1.3216675799
LA        -1.3264600672        0.7704079310       -1.4252609183
LA         1.4113899820       -0.3549968844       -1.5054399052
LA        -1.4113901213        0.3549966058        1.5054398128
LA         1.3264600338       -0.7704075689        1.4252610848
LA        -0.7955345394       -1.9143777970       -0.2944068828
LA         0.7955346651        1.9143777307        0.2944068802
LA         1.0825712663       -1.2096847288        0.4151776970
LA        -0.3079190129        0.5872719147        1.5388202502
LA         0.7914168809        0.5762190732       -1.3598903040
LA        -1.5660691197        0.0461936471       -0.5941076233
LA        -0.2247783784        0.9939303826       -1.3301305787
LA         0.5628327456        1.4185323932       -0.6918493959
LA        -1.5975922396       -0.1079926654        0.4936671430
LA         0.5112150546        1.1660603348        1.0893266496
LA        -1.3690079679       -0.9503059639       -0.1743737525
LA         1.1140943201       -1.0554985495       -0.6725971749
LA         0.2949602743       -1.6342868516       -0.2231035840
LA         0.7082762806        0.1695608385        1.5090606160
LA        -0.6795294346       -0.3037651189        1.0405823910
LA         0.9481002887        0.8462944809        0.1474329547
LA         0.3208599436       -0.7149792058        1.0112856510
LA         1.1731291065        0.0170824725       -0.5102171852
LA        -0.4545005882       -1.1329770792        0.3829322238
LA        -0.4228966469       -0.9783951243       -0.7076342970
LA         1.1420963066       -0.1347055081        0.5606383960
LA        -0.0707030136        1.2650777043        0.1772689817
LA         0.3834966495       -0.4086092865       -1.1501365133
LA        -0.6168927458        0.0026049085       -1.1208397156
LA        -0.8770964081        0.6952918501        0.6197711753
LA        -0.8460635898        0.8470799467       -0.4510843802
LA         0.3563789229       -0.5577437810       -0.0687295780
LA         0.1615489805        0.4274731145       -0.4837112210
LA        -0.6483107192       -0.1447619972       -0.0393068716
LA         0.1303827824        0.2750326609        0.5917475192
          98
Energy of minimum      2=    -543.6429572     first found at step     2903 after               407713 function calls
LA         2.0522535492       -1.6026771482       -0.8631223538
LA        -0.9459470589        1.6170244649       -2.2130739118
LA         0.0465489446        0.1364707463        2.8959435397
LA        -2.3601966833        0.9731138461        0.7405008294
LA         0.6016178190        2.5005575295        0.6077700139
LA        -1.2280376697       -1.4483532991        1.9806262621
LA        -1.9768102195       -0.3313732988       -1.8737917192
LA         1.2581902333        1.3352003668       -2.0175699044
LA         2.0063729924        0.2190993750        1.8338081363
LA        -2.4500487056       -0.5515931673       -0.8793263033
LA        -2.0359882258       -1.1692667905        1.2521074397
LA         2.1935179837        1.0121495420        1.0617545253
LA         1.7797604380        1.6293714606       -1.0681245587
LA         1.0792085129       -2.0067554314        1.1617230915
LA         0.4027786368       -0.9976968586       -2.3202862878
LA        -0.1222925421       -1.6149251403        2.1154669791
LA        -1.0088912466       -0.2923429996       -2.4484306331
LA         1.5140388684       -0.7719843548        2.0406408506
LA         0.6278640919        0.5499660327       -2.5210735087
LA         1.0617955687       -2.1377555673       -0.8257733356
LA        -0.4823204823        0.6843539561       -2.6074277556
LA         0.5219542817       -0.8137715262        2.5622242243
LA         0.2287132039       -1.8354709154       -1.5690020427
LA         0.5725426198       -2.3483748391        0.2009016878
LA        -0.5581334019       -2.1955455809        0.0781026300
LA        -0.7680087676       -1.8824658953       -1.0022559047
LA        -2.2610461754       -0.8659649481        0.1882887329
LA         2.0016643846        1.3317758190       -0.0029117842
LA         1.5814040202       -1.8232421187        0.1488186472
LA         1.2404416289       -1.3146149115       -1.6063279705
LA        -0.5907257117       -0.6562622172        2.4402724645
LA        -1.4620819235        0.6435815586       -2.0451614868
LA         0.1558371029        1.4770288384       -2.1173467889
LA         1.0269890030        0.1774894906        2.3670335197
LA        -2.4065308114        0.2102976122       -0.0685766919
LA        -2.1997420126       -0.0981791995        0.9958982387
LA         1.3985593991        1.7575831670        0.8342964912
LA         1.1918986752        2.0658690381       -0.2295207147
LA         1.8826176428       -0.5165341762       -1.1162270620
LA         2.0907211707       -0.8269708196       -0.0449870904
LA         0.2331101559        0.9297313360        2.1386248673
LA        -0.4300045374        1.9189315275       -1.2748549057
LA        -1.4239080285        1.4065901934       -1.2303829679
LA        -0.7607466039        0.4173204783        2.1833367110
LA        -1.8951332996        1.1917729115       -0.2467595465
LA        -1.5625226086        0.6956015577        1.4654022322
LA         0.4183371856        1.7170621521        1.3764743661
LA         0.0857720039        2.2131659414       -0.3354544571
LA        -1.3750385672        1.4875805916        0.6982091118
LA        -0.3885901859        1.9962808494        0.6539956742
LA        -1.1332605291       -1.7068255999        0.9114253066
LA        -1.5440187350       -1.0940794437       -1.2030066659
LA         2.0856701620       -0.0460791742        0.7647734923
LA         1.6758131776        0.5653225037       -1.3450214446
LA        -0.5804520205       -1.0608509874       -1.7728167244
LA        -0.0338293604       -1.8762715020        1.0409945224
LA        -1.4042967277       -0.3762914885        1.7282630848
LA        -1.9461912691        0.4320788233       -1.0612188537
LA         0.6759769927        1.7839600571       -1.1783694024
LA         1.2177066052        0.9758354110        1.6102633857
LA         1.6009666515       -1.0321496161        0.9651638178
LA         1.0553379818       -0.2182118876       -1.8435326965
LA        -0.5764529491        1.2154391664        1.4277128665
LA        -0.9101798821        1.7132758242       -0.2901954267
LA        -1.3595912268       -1.4131132887       -0.1453894885
LA         1.9020444162        0.2687599170       -0.2916141559
LA         0.2858380579       -0.6073216875       -0.2315250892
LA         0.6030048757       -1.0635278079        1.4978526561
LA        -0.0631291430       -0.0698241885       -1.9311674635
LA         0.1657176375       -1.6187701056       -0.5012996646
LA         1.1532999599       -1.0951974781       -0.5414243020
LA         0.3482628077       -0.8081517557       -1.2535842379
LA         0.6779137925       -1.2999059511        0.4433366837
LA         0.1284663078       -0.1168935535        1.8200850891
LA        -0.5223302511        0.8539306888       -1.5299839541
LA        -0.5016070927       -0.9053312595        1.3724414559
LA        -1.0340978307       -0.1109896390       -1.3686315315
LA        -1.4508205338        0.4323624751        0.4071367564
LA         0.4926593846        1.4345280259        0.3200094647
LA         0.5694120909        0.7156082163       -1.4398862929
LA         1.1016580035       -0.0783683476        1.2999252585
LA        -1.5013780429       -0.3249642355       -0.3928707247
LA        -1.2968954184       -0.6300005364        0.6597320055
LA         1.2857056581        0.7024246541        0.5435663357
LA         1.0814264809        1.0071574996       -0.5079902043
LA        -0.6118281736       -0.8537752473       -0.7085302340
LA        -0.4109450121       -1.1534415914        0.3255426015
LA         0.9744114467       -0.0343097550       -0.7781781071
LA         1.1749389757       -0.3334454813        0.2540643584
LA        -0.1115042323        0.1128783514       -0.8745081772
LA         0.2102304802       -0.3670684551        0.7816670308
LA        -0.6685571534        0.1617579365        1.1241776936
LA        -0.9967149595        0.6512867009       -0.5650619869
LA         0.3121706718        0.6674401789        1.0800636074
LA        -0.0159395085        1.1568979765       -0.6089313700
LA        -0.4843678996        0.9440930807        0.3676858938
LA        -0.5722837920       -0.0943830717        0.0838224246
LA         0.3902744768        0.4016564691        0.0405808260
          98
Energy of minimum      3=    -543.1896663     first found at step    11626 after              1665551 function calls
LA        -1.3931275162       -0.8166931080       -2.1355433330
LA        -1.4485607119       -2.2051279161       -0.4782892348
LA        -2.6309554683        0.4032019005        0.6126392198
LA        -1.2815874159        0.0874412305        2.3931276536
LA         0.3584531377       -2.7944715560       -0.7972042634
LA         1.2816620266        2.5329879817       -0.5397510948
LA         0.6231934734       -0.0012861676       -2.6094321644
LA         2.6158316993       -0.4752308880        0.0220515562
LA         1.3936394346        1.7360634462        1.5400128586
LA         0.6998551758       -2.2782185431        1.3464398945
LA        -0.7850941386        2.2517108266       -1.3316150099
LA        -1.0066616667        1.4007524930       -2.0273536896
LA         1.4554827802       -1.4970302006        1.6236197926
LA         1.8381418208        0.7232375153        1.7307392771
LA        -1.6975323557       -1.6422323835        0.9757944917
LA        -1.0735749215        1.9775088026        1.1421630040
LA        -0.3432147423       -2.4610096477        0.9673701335
LA        -0.6244073404        2.5530801056       -0.2591421328
LA         0.4776647918        2.2919539428        1.1936742516
LA        -0.5160164187       -2.7081261350       -0.1123523444
LA         0.4145601902        2.6811016528        0.1439395841
LA        -0.5649567299       -2.2842763270       -1.1625378865
LA        -1.2079335385        0.2943650246       -2.0979543355
LA         1.6604710617       -0.3899057350        1.6895555246
LA        -1.7903071683       -0.8063708238       -1.1053796936
LA        -1.9695720457        0.2478821453        1.5136447359
LA         0.5297334350       -2.5383738109        0.2747544822
LA         1.3384448869        2.1365219206        0.5002108000
LA         0.2488786834        2.3948025918       -0.9361747293
LA        -2.1861640091       -0.6228356796        0.8042530215
LA        -0.3849448495       -0.4088567437       -2.3739328410
LA        -1.5047831961       -0.7830123834        1.7012239071
LA        -1.8709319423        1.2007878680        0.8864500520
LA        -1.1902190937        1.0414382565        1.7850893061
LA        -0.1919100640        0.6998258176       -2.3198248688
LA         2.0371989851       -0.9860250231        0.8235854920
LA         2.2285478458        0.1233468540        0.8772331368
LA        -2.2328268460       -0.2021145254       -0.2550925402
LA         0.4465859403       -1.8683550202       -1.4086967201
LA        -2.0404018543        0.9157956477       -0.2021581397
LA        -0.2587529667        0.4978407329        2.1489813933
LA        -0.4510600488       -0.6187656318        2.0956218342
LA         0.5345161654       -0.9375735845       -2.0122219287
LA         1.1168260953       -2.0264562853       -0.5260079155
LA         1.0657761340        1.6924936639       -1.2359825237
LA         1.7341418634        1.5331142312       -0.3531548008
LA         0.8464064342        0.8484983241       -1.9256432810
LA         1.8688374868       -1.2540668967       -0.2526098002
LA         2.1785605415        0.5310704168       -0.1657164101
LA         1.2924603525       -0.1608048531       -1.7360609193
LA         1.9560581273       -0.3184919307       -0.8594732430
LA        -1.4130888384        1.4049188039       -0.9996028707
LA         0.3752594271       -1.3053398330        1.7559343735
LA         0.7544675226        0.8948176605        1.8612645382
LA        -0.4767359830       -1.3542205887       -1.7811686123
LA        -1.7661683567       -1.2223120820       -0.0633535147
LA         1.2931503272       -1.7717204661        0.5492770009
LA         0.0318643658        1.5554011300       -1.6387924577
LA         1.7960922843        1.1355198775        0.6901312504
LA        -0.6630128531       -1.4826360124        1.3835337491
LA        -1.2593281668        1.7025917558        0.0675923302
LA        -0.1587922998        1.4432740113        1.5207821259
LA         1.2103863890       -1.1006580522       -1.1401035775
LA         1.5221072333        0.6911693896       -1.0528226615
LA        -1.6186729503        0.3061146760       -1.0697599666
LA         0.5777584517       -0.2084768717        1.8279279565
LA        -0.5466179183        0.0533743478        0.3993898701
LA        -0.8247018503       -1.7364450547        0.2940123687
LA        -0.2071311098        1.8362448469        0.4627187174
LA        -0.8720489716       -1.3163072444       -0.7538652734
LA        -1.5707232587        0.2250835464        0.5030714605
LA        -0.9065558496        0.0700694344        1.3793801485
LA         0.0468028425       -1.8145293212       -0.3866021940
LA         0.6533617418        1.6793551523       -0.2171802001
LA        -0.7778535490       -0.3838213153       -1.3463349597
LA        -1.1178816251       -0.7719526355        0.6886294362
LA        -0.8133477788        0.9934583602        0.7694892856
LA         0.2224119337        0.0182159926       -1.5757316780
LA         1.5296041080       -0.2936008799        0.1511883176
LA         0.2147375833       -1.5647138487        0.6767271330
LA         0.7091733195        1.2913265286        0.8147820252
LA        -0.3708304956        1.5467532677       -0.6092379245
LA        -0.5884953598        0.7110279587       -1.2935919175
LA         0.9603313207       -0.7991218454        0.9487121567
LA         1.1494215464        0.2975041221        1.0013628232
LA        -1.1657050795       -0.3619294925       -0.3376852677
LA        -0.9798886565        0.7163194814       -0.2863581785
LA        -0.0969168659       -0.6118238531        1.0722518146
LA         0.0888238750        0.4650321983        1.1240535800
LA         0.1367990588       -0.9065054826       -0.9923247991
LA        -0.2586770807       -0.8705586489        0.0115154978
LA         0.0431216374        0.8582193225        0.0974931337
LA         0.7977303819       -1.0631252375       -0.1207231056
LA         0.4442443026        0.8559062851       -0.9064462962
LA         1.1038356483        0.6983960132       -0.0349994193
LA        -0.1689135058        0.0367936655       -0.5762832978
LA         0.8857270594       -0.1398062037       -0.7203111768
LA         0.4784445226       -0.1183944514        0.2791886968
          98
Energy of minimum      4=    -543.1654807     first found at step    11719 after              1679062 function calls
LA        -0.6592936195        2.3894872342       -1.2124445788
LA        -2.5290823105        0.6445489949        0.8030587461
LA        -1.0963470667        0.1525842548        2.4736758553
LA         1.4732097446        2.4590794835       -0.5653248263
LA         0.0624808505       -2.7562012408       -0.8979174967
LA         0.4431297092        0.0613198338       -2.6504133539
LA         2.5656524508       -0.6697621173       -0.1809930551
LA        -1.7243869505       -1.5515382943       -1.4669675290
LA         1.6541786339        1.5873367139        1.4792099218
LA        -1.5974850119       -0.6051781509       -2.0537080728
LA         0.5904608340       -2.3414101503        1.2287653649
LA         1.4297863687       -1.6380003509        1.4717840589
LA         2.0165690617        0.5341876858        1.6104291509
LA        -0.8048338703        2.0582028604        1.2616549589
LA        -1.7602092587       -1.4867765627        1.0410305228
LA        -0.3987629407        2.6391442935       -0.1462545742
LA         0.7706407940        2.2323632189        1.2148846377
LA        -0.4883008278       -2.4197057044        0.9176261212
LA        -1.6592051764       -2.0196663941       -0.4458068163
LA        -1.3184854692        0.4846318543       -2.0023181722
LA         0.6725844865        2.6601570008        0.1834116365
LA        -0.7549710380       -2.6145595045       -0.1539055899
LA        -0.2880786851        0.8212599713       -2.2871630064
LA         1.7373618446       -0.5563787884        1.5523012828
LA        -1.3371652423        1.5866277147       -0.8737000633
LA        -1.8250800698        0.4013469997        1.6497409991
LA         0.4077913562        2.4264322638       -0.8890729461
LA        -0.8312986702       -2.1554902382       -1.1830047562
LA         1.5647935876        2.0251583446        0.4572144102
LA         0.3262449550       -2.5509112553        0.1652942415
LA        -1.6839174580        1.3633331001        1.0427977627
LA        -0.5770880068       -0.2713068484       -2.3543475128
LA        -1.4425724381       -0.6719586672        1.7751948011
LA        -0.9610674657        1.1147156107        1.8863395960
LA        -2.1655014821       -0.4239411880        0.9328647042
LA         1.9993432656       -1.1539424132        0.6461733478
LA         2.2926476957       -0.0686197292        0.7153888192
LA        -1.9513830367        1.1303827735       -0.0384081825
LA        -2.2483066108        0.0337914109       -0.1037678261
LA         0.7889182088        0.8656585345       -1.9624622633
LA        -0.0595498211        0.4799094990        2.1696199773
LA        -0.3543952817       -0.6131667094        2.1001324266
LA         1.1327877084        1.6642312304       -1.2670893704
LA         1.8448955496        1.4182616409       -0.4391668421
LA         0.9023589084       -2.0661796277       -0.6609758230
LA         0.1909700042       -1.8215800084       -1.4891053455
LA         0.3177832209       -0.8831342109       -2.0729929203
LA         2.2086340856        0.3760710046       -0.3108037546
LA         1.7362270551       -1.3712754488       -0.4219175762
LA         1.1558455841       -0.1832319997       -1.8314889776
LA         1.8627360608       -0.4268029934       -1.0089398236
LA        -1.9219592117       -0.5711574033       -0.9975726731
LA         0.3825478151       -1.3573578344        1.6851530031
LA         0.9639181148        0.7961623162        1.8221254299
LA         0.0642634206        1.6330805695       -1.5993364035
LA        -0.7047167431       -1.2204948351       -1.7800905995
LA         1.1717242610       -1.8627480843        0.4052148871
LA         1.9413960822        0.9824800136        0.5864302743
LA        -1.0868339766        1.8361548866        0.1947150444
LA        -1.8608549448       -1.0315177332        0.0187019298
LA        -0.6903275604       -1.4311048771        1.3808410993
LA         0.0820476785        1.4332664964        1.5618842191
LA        -1.6497923126        0.5107815675       -0.9441789738
LA         1.5083881428        0.6222092013       -1.1444146391
LA         1.0348500937       -1.1318339643       -1.2557895526
LA         0.6871591051       -0.2855578886        1.7719254157
LA        -0.5037812153        0.1210707306        0.4333802160
LA        -0.0006651683        1.8634490456        0.5220812144
LA        -0.9468868019       -1.6343582317        0.2987232400
LA        -0.6096826998        0.8395027588       -1.2417697071
LA        -1.4989775639        0.3782538265        0.6137120458
LA        -0.7937279081        0.1361086693        1.4360766987
LA        -0.2620602635        1.6255589249       -0.5413157733
LA         0.7939116679        1.6538631568       -0.2216278438
LA        -0.1317207090       -1.7657583449       -0.4404385336
LA        -0.6596084520        1.0681790730        0.8457563181
LA         0.1178715113        0.0823772747       -1.5918307855
LA        -1.1257806863       -0.6615274068        0.7383846950
LA        -1.0201858898       -1.1747949666       -0.7223661393
LA         1.5113345569       -0.3981466427        0.0295831236
LA         0.8842004802        1.2289584076        0.7927585758
LA         0.1275275894       -1.5667588085        0.6141256775
LA        -0.8952073257       -0.2442545400       -1.3010939443
LA         0.9544860820       -0.8776999597        0.8520295919
LA         1.2442910577        0.1951386577        0.9203782303
LA        -0.9215606437        0.8415549239       -0.2034185276
LA        -1.2068777203       -0.2152409527       -0.2665132439
LA         0.2137393959        0.4509496100        1.1224816522
LA        -0.0707337092       -0.6028608771        1.0553284988
LA         0.1345809754        0.8797230917        0.1130699314
LA         0.4613420250        0.8754832842       -0.9173118663
LA        -0.3232647176       -0.8110519397        0.0040361831
LA         1.1648346022        0.6324701612       -0.0995711906
LA         0.6985137826       -1.0918486691       -0.2093445575
LA        -0.0040403532       -0.8495380255       -1.0268780608
LA         0.8239416865       -0.1598510298       -0.7896512897
LA        -0.2001273003        0.1047208320       -0.5684894450
LA         0.4912395348       -0.1355393953        0.2359742663
          98
Energy of minimum      5=    -543.0339735     first found at step     2984 after               421063 function calls
LA        -0.0435901732       -2.5692266780       -0.9589737336
LA         1.9723857733       -1.5536974254       -1.1037099716
LA        -1.0533427362        1.7994721726       -2.0457642460
LA         0.2310850218       -0.0491774353        2.8736452561
LA         0.6826155287        2.4628340392        0.7249590847
LA        -2.2901120744        0.9653502155        0.9383851338
LA        -2.0953522234       -0.1570990277       -1.7748121483
LA         1.1567759393        1.4811301695       -2.0082981888
LA         2.1223262539        0.0837880410        1.6994806212
LA        -1.1225780218       -1.5508025344        1.9324473505
LA         1.7413160214        1.6973967245       -1.0770370840
LA        -2.5063126506       -0.4423077263       -0.7720793835
LA         2.2745601172        0.9265293919        0.9737768926
LA        -1.9693972904       -1.2113247371        1.2784709291
LA         0.4829469842        0.7467881535       -2.5260561438
LA        -1.1700593175       -0.0858982934       -2.4073787448
LA         1.1142486957       -2.0787966549        0.9342513009
LA         1.6271050111       -0.9131251723        1.8673951202
LA        -0.0140899106       -1.7398619002        1.9852239950
LA        -0.6312449137        0.8920544631       -2.5333409100
LA         0.6689206253       -0.9793425627        2.4456698982
LA         0.1029122800       -1.7280500298       -1.6999180210
LA         1.1284540993       -1.2114427019       -1.7735461370
LA        -2.2549007791       -0.8327661391        0.2551645967
LA         2.0229587499        1.3221662895       -0.0519636339
LA         0.9715049779       -2.0765605825       -1.0382855648
LA        -1.5758383135        0.8234993448       -1.9120729824
LA         0.0505398113        1.6427720737       -2.0288385876
LA         1.1772753215        0.0169251213        2.2885423776
LA        -0.4455519184       -0.8005589504        2.4050525719
LA         0.5412518655       -2.3454457220       -0.0148277410
LA         1.5567031480       -1.8339213178       -0.0877314902
LA         1.2130861160        2.0807450431       -0.1755388873
LA        -2.3993187992        0.2610292245        0.0838128702
LA         1.4796412188        1.6959390321        0.8487838386
LA        -2.1314476161       -0.1231134050        1.1080410576
LA        -0.8527195082       -1.7853661495       -1.0869946568
LA         1.8067905460       -0.4456624289       -1.2779330545
LA         2.0734053383       -0.8314267184       -0.2452482106
LA        -0.5831630419       -2.1696483910       -0.0545209559
LA        -1.4713330666        1.5253175342       -1.0519797318
LA        -0.4745307106        2.0274473697       -1.1235450450
LA        -0.6137055341        0.2905113144        2.2344046328
LA         0.3836369304        0.7929130861        2.1628007968
LA        -1.8837106487        1.2472329269       -0.0584174533
LA         0.1040966544        2.2485724458       -0.2011315283
LA         0.5343899364        1.6294361226        1.4470772729
LA        -1.4535384290        0.6280358796        1.5897999705
LA        -0.3110860818        1.9685499300        0.7986545518
LA        -1.3011708410        1.4698040101        0.8697372743
LA        -1.6311160029       -0.9729306901       -1.1897785363
LA         1.6031139499        0.6562829601       -1.4219789549
LA         2.1307044435       -0.1068976109        0.6120391732
LA        -1.0989401387       -1.7338011629        0.8439103890
LA        -0.7076595448       -0.9145582480       -1.8174377224
LA         0.9411920796       -0.0839642111       -1.9358163340
LA        -1.9988630665        0.5471740729       -0.9170756589
LA         0.6341906409        1.8735505483       -1.1061153250
LA         1.3341274695        0.8639085897        1.5783392848
LA        -1.2967164582       -0.4613545974        1.7672200047
LA         0.0012258447       -1.9251265832        0.8915685465
LA         1.6416119242       -1.0987971396        0.7737977036
LA        -0.8950480585        1.7585925440       -0.1277721451
LA        -0.4633944742        1.1374116999        1.5260999882
LA        -1.3844018535       -1.3654463041       -0.1721821539
LA         1.8880676549        0.2830299182       -0.4071280545
LA        -0.1803228947        0.0805366991       -1.9465635971
LA         0.2649600768       -0.5701970643       -0.3102096644
LA         0.6792295880       -1.1540239492        1.3636205977
LA         0.2611316660       -0.7114678596       -1.3547471832
LA         0.1126674249       -1.5511730386       -0.6283130738
LA         1.1033857653       -1.0521078559       -0.6994411707
LA        -0.5993749927        0.9834205836       -1.4483762593
LA         0.2421280091       -0.2270564504        1.7793849562
LA        -1.1172829715        0.0157379933       -1.3206326977
LA         0.4944940208        0.8276556618       -1.4363499443
LA         0.6839591228       -1.3159509710        0.2933515377
LA         0.5383736802        1.4212664613        0.3706396632
LA        -1.4120663423        0.4387504131        0.5106710284
LA         1.1814938824       -0.1641716342        1.2035925840
LA        -0.4268544584       -0.9743623324        1.3190632970
LA         1.0683106331        1.0453644050       -0.5206565551
LA        -1.5248607163       -0.2609218656       -0.3344803256
LA        -1.2601261340       -0.6399444903        0.6790213241
LA         1.3313911289        0.6655083463        0.4929639055
LA         0.9280276662        0.0262078915       -0.8574768174
LA        -0.6650847440       -0.7763077707       -0.7430998923
LA        -0.4055637403       -1.1472390133        0.2540916346
LA         1.1858412707       -0.3455835114        0.1398373027
LA        -0.1600738926        0.1928024986       -0.8768236068
LA         0.2553409238       -0.4039747414        0.7220906889
LA        -1.0154281594        0.7196314476       -0.4712730641
LA        -0.0319013364        1.2150739496       -0.5418851916
LA        -0.5915231311        0.1091416086        1.1559546901
LA         0.3927188473        0.6049443367        1.0852913086
LA        -0.4417591202        0.9405192772        0.4459749637
LA        -0.5640194679       -0.0736604428        0.0954004886
LA         0.4018556194        0.4128901970        0.0260557092
