50.000000000000000     50.000000000000000     50.000000000000000
49.982069976369431     50.555254703098306     49.569889356002641
50.437461824964792     49.652341076086124     50.321790260496549
50.413242131291597     49.044170192201726     49.813869100206006
50.048917050330772     50.220976877979723     48.953230626592344
50.204547355867277     50.947783744075245     49.857100330961025
50.679058321284927     51.174711174544207     50.038968858914878
50.376291115439358     51.658118645032992     50.253317567611951
51.093225852396955     50.775594708409010     49.549640089634323
50.189320294357351     52.280435988277105     49.902618290194390
51.717334469169820     50.998642697734255     49.284312484520044
51.347822248647795     51.042184026135004     50.182339298211950
50.201760562487742     49.246256835546276     50.695712532436985
50.999696334281211     48.725652826318687     49.405724955822592
51.166382287462881     50.004064917358164     49.534110574799300
50.846889224871390     48.909479737320595     50.726827391420194
50.079470409528824     49.611598565911677     49.395572411776371
49.879382202958006     50.039480656787042     50.518496825489031
52.233220114423695     50.629925834133402     49.237892334670619
52.118849822704526     51.244161160742017     50.263042670420859
52.276709429282462     51.751691615421059     50.107439166919100
52.782731755695465     50.899571557438883     50.103844906424648
51.529818116550373     48.538495248068877     50.916421746345350
51.032657452570639     48.923568924855466     50.260990137495781
50.815379709538476     49.077387684056362     51.274677746116673
49.491738488565531     50.135789993940058     50.140602618060974
49.805427756286647     49.311025855859462     51.087326859445710
51.117666274150359     48.664290327679282     51.396903589062525
50.452422417239845     51.595337061444610     49.453200743720544
50.458583245830575     52.735356100474910     50.215526290051706
50.181723220001828     50.686009360934946     48.463772665659832
50.799863672060823     48.515745930415761     50.084136479002389
51.265692805381320     50.747638417238264     48.710393181036004
51.147160068320566     50.906128274864272     48.219536855928503
49.681149666252999     51.502592796754506     49.688442950452796
51.983082573416098     48.147063785257124     50.541622451133996
51.023738596718815     48.359642875327076     52.054531773252926
52.079912098558566     48.657251233799101     50.533666391738620
