          38
Energy of minimum      1=    -173.9284266     first found at step      134 after                11116 function calls
LA        -0.5225720760       -1.6103225298        0.4411587703
LA        -0.9144384886        1.2701496397        0.7818974540
LA        -1.2664962064        0.9754421305       -0.7108735163
LA         0.1790309554        0.2284434921       -1.7252836100
LA        -1.6103913888       -0.4902531300        0.4765845215
LA         0.8848602963        0.8192928604        1.2675263351
LA        -0.8848602030       -0.8192933620       -1.2675258442
LA        -0.1790312573       -0.2284442810        1.7252831594
LA         1.2664963437       -0.9754426296        0.7108727032
LA         0.9144390641       -1.2701492098       -0.7818969603
LA         1.6103908437        0.4902540997       -0.4765845017
LA         0.5225721167        1.6103221649       -0.4411590148
LA         0.5585237159       -1.6466637518        0.1933658806
LA         1.2425103386        1.1976418065        0.2875117095
LA         0.8904535899        0.9029351511       -1.2052555380
LA        -0.8968229670        0.2646077634       -1.4786928801
LA         1.6224125988       -0.5989287954       -0.2643902135
LA        -0.1909932627        0.8554575394        1.5141184628
LA         0.1909934496       -0.8554579095       -1.5141180422
LA         0.8968228563       -0.2646086843        1.4786924171
LA        -0.8904542223       -0.9029355153        1.2052548468
LA        -1.2425104227       -1.1976415012       -0.2875109930
LA        -1.6224120662        0.5989297637        0.2643900816
LA        -0.5585237952        1.6466633765       -0.1933661864
LA         0.1636680098        1.2282775838        0.5339245713
LA         1.2488547823        0.1109185813        0.4985843582
LA        -0.8976492252        0.1830754310        0.9905740084
LA        -0.1875377588        0.9342830108       -0.9552341857
LA         0.8976490587       -0.1830751997       -0.9905737896
LA        -1.2488545873       -0.1109184675       -0.4985841954
LA         0.1875375834       -0.9342833186        0.9552337116
LA        -0.1636678009       -1.2282769926       -0.5339240928
LA         0.5285672261        0.5205415932       -0.2274248652
LA         0.1749107676        0.1464177997        0.7416448853
LA        -0.5404550221        0.5564778186        0.0176004773
LA         0.5404551607       -0.5564774586       -0.0176003043
LA        -0.5285672813       -0.5205412608        0.2274250899
LA        -0.1749107258       -0.1464176087       -0.7416447104
