          98
Energy of minimum      1=    -543.6653608     first found at step    10938 after              1519252 function calls
LA        -0.2138949549       -0.5743540384        2.5280590286
LA         0.9631100873       -0.7425725893       -2.2995045940
LA        -1.4346484765        0.7482007753        2.0368347315
LA        -1.1697729000        2.3234247591       -0.0066555619
LA        -0.1495520298       -2.4802207793        0.7699711693
LA         0.2418579894        0.0388261944       -2.5897323526
LA         2.1421379759        1.0501191495        1.0369236277
LA        -0.8543925515       -1.3394994930        2.0597258149
LA        -1.5440649298       -0.1119244260       -2.0904670567
LA        -2.2508554108        1.0319528416       -0.7971446097
LA        -0.6635151423       -2.3015429675       -1.0145754113
LA         1.3259311832        1.3338711307       -1.7970558702
LA        -2.0751462098       -0.0169445097        1.5685014102
LA         2.0471831315        0.5524723365       -1.5068279925
LA         0.9085355756       -2.3909069258        0.4741764178
LA        -2.5876909773        0.1612402231       -0.2111221328
LA         0.6210906490        2.4745924121       -0.5073012546
LA         1.9896179068       -1.0994347791        1.2646655491
LA         0.9247526438        2.3690249672        0.5470543542
LA        -1.8809005052       -0.9826368465       -1.5044444764
LA         0.3945723913       -2.2122291598       -1.3103702835
LA         2.5597280079        0.3742878648        0.2727956316
LA        -0.8661111878        2.2178574184        1.0477001515
LA         1.5720279274       -0.4236036232        2.0287936243
LA        -0.3822024313        0.4978859967        2.2903107475
LA         1.7369620731       -0.5140560126       -1.5356435790
LA        -1.6566222450       -1.0245493558        1.3584524638
LA         0.3018627324        1.0407194334       -2.1131194947
LA        -2.1751621273       -0.8442805142       -0.4419861428
LA        -0.4112216707        2.1947829641       -0.8082796503
LA        -0.9435377064       -2.1786128170        0.0536125921
LA         1.4246091333        0.6503995721        1.7852060758
LA         1.1617747232       -2.0009022900       -0.5349402842
LA        -1.5049488397        0.8882055014       -1.6080147612
LA         0.1929846442        1.9847321404        1.2896072955
LA         2.2555018379       -0.6943247319        0.2647947484
LA        -1.6799816402        1.4637672526        1.2092422276
LA         0.1173894081       -1.4451165127       -2.0796821693
LA         2.2307542363        1.0795307894       -0.5343856783
LA         0.6998369524       -1.1145098207        2.1668677678
LA        -0.6071725701       -0.6601317500       -2.3712417256
LA         0.0564000366       -1.8831664821        1.6963851317
LA        -2.3234187726        0.6951107514        0.7387596375
LA         1.5061923536        1.8645155565       -0.8259453307
LA         1.1193433795       -1.7934426769        1.3992330719
LA        -1.9850372133        1.5698192673        0.1500479802
LA        -0.9455539303       -1.5348401309       -1.7825298867
LA         1.8112480538        1.7584636816        0.2332489133
LA         1.6615872202       -1.0345861975       -0.5821375989
LA        -0.5204092838        1.3293720524       -1.4601606930
LA         0.3982568948        1.0100003148        1.7295711201
LA        -1.5394348676       -1.3047861448        0.3127272216
LA         1.0963056788        1.3764338774        0.9814058162
LA         1.3861590868       -1.4060641654        0.4014479246
LA        -1.2435203647        1.4429102271       -0.6567202070
LA        -1.2389445437       -1.4132799682       -0.7261336090
LA        -1.9212556764       -0.3090203957        0.5223952930
LA         0.8899969550       -1.2335749100       -1.3212919998
LA         0.5459410153       -0.0462470338        1.9389233761
LA        -0.5612091885        0.3386506894       -1.9052491682
LA         0.4853176660        1.5888423168       -1.1400267219
LA        -0.6325322315        1.2305019760        1.4647124414
LA         1.9365238838        0.0166167586       -0.5560693911
LA        -0.7427823783       -1.5857693345        0.9966062740
LA        -1.0133610358       -0.2617685289        1.8135518817
LA         1.0133610391        0.2617685201       -1.8135518657
LA        -1.8291327944        0.0218322094       -1.0189159587
LA        -0.1084707762        2.0773525810        0.2392352413
LA         0.1084707804       -2.0773526109       -0.2392352424
LA         1.8291327748       -0.0218321547        1.0189159113
LA         1.2069457074        0.8013425353       -0.8419039615
LA        -1.2728704579        0.4611989169        0.9873027737
LA         0.9597718103       -0.7255553519        1.1662237179
LA        -0.9370065233        1.3293997726        0.4029708486
LA         0.7905605145        1.4752245061       -0.0799804082
LA        -0.1746757374       -1.3161308863       -1.0222319917
LA        -0.8938471256       -0.5369860614       -1.3116225120
LA        -0.0952635595       -0.8146114337        1.4611651393
LA        -1.5756567342        0.5664617785       -0.0640113919
LA         0.3211216743       -1.4884934373        0.6992414491
LA         0.1611883026       -0.4479300272       -1.6065639350
LA         1.5097319897        0.6960797702        0.2094101947
LA        -0.8403146668        0.4472539211       -0.8547983736
LA         0.5886878655       -1.1009164601       -0.2797758154
LA        -0.8789639390       -0.5268006384        0.7659952479
LA         0.7999506975        0.3257662900        0.9438221315
LA        -0.4690552056       -1.1902011074        0.0159225569
LA         0.1983107221        0.5349248121       -1.1451521802
LA         0.0919652600        1.0927923098        0.6589327977
LA         1.2174045247       -0.3498451312        0.1799430192
LA        -0.2386747114        0.2380954472        1.2341759812
LA         0.9193278601       -0.2462195320       -0.8550189831
LA        -0.2115980074        1.1983252752       -0.3950795258
LA        -1.1770406571       -0.4231751104       -0.2689667795
LA         0.5016426004        0.4251796510       -0.1019056754
LA         0.1695813868       -0.4331912865        0.4758101993
LA        -0.1297766212       -0.3291202463       -0.5636006754
LA        -0.5414474348        0.3371318980        0.1896962410
          98
Energy of minimum      2=    -543.5467256     first found at step     8367 after              1163059 function calls
LA         0.7641947408        2.0375620806        1.6213638779
LA        -1.4352306267        1.5471038398        1.7061817951
LA         0.6142185021       -2.5433136803        1.2207252197
LA        -1.3508665255       -1.8514875574       -1.3876162423
LA         1.9029438599       -1.1259087099       -1.5130958658
LA         1.4102484130        1.7791358987       -1.5611340722
LA        -2.1421934020        0.9869645441       -1.4241388543
LA        -1.4264777941       -1.7068420242        1.5551328498
LA         2.1257309017       -0.9147222506        1.4181454870
LA        -2.4835730583        0.0195031450       -0.9679689666
LA         2.1622883375        1.0555001385       -1.1471299173
LA         2.5576998839       -0.4346690263        0.5001898328
LA        -2.0873751155       -1.4704901485        0.6793220439
LA        -0.4892442032        1.8484831676       -1.9978669718
LA        -0.5604679943        2.4829187892       -0.1761390749
LA         0.0846815317        0.0541914902        2.5092339969
LA        -1.4061677935        1.8359560724       -1.3469197730
LA         0.3914115616        2.2368045769       -1.4162405439
LA         1.2384095646       -0.9528370870        2.1103143469
LA        -0.5586584770       -1.3535719237        2.1796164819
LA         0.4704288490       -1.7632138954        2.0029981179
LA        -1.2383668780        1.0100005106       -2.0813341493
LA         0.5364961136        1.4057834826       -2.1497794023
LA         0.4129989451        0.3125662353       -2.3345548567
LA        -0.6766524578        0.0695808835       -2.2925338898
LA        -2.3030754634       -0.7321850859       -0.1460889566
LA         2.3785897525        0.3117958520       -0.3266311986
LA        -0.3378154719        1.8046598488        1.6754789176
LA        -0.4059884007       -2.1269018548        1.3893085839
LA         1.3707220046       -1.7307064964        1.3207913576
LA         0.1027450603        2.2817265693        0.7316096877
LA        -1.0071012902        2.0342376794        0.7744090493
LA         0.4279569809        1.0575252553        2.0852373656
LA        -0.6819296822        0.8100273991        2.1280387629
LA        -1.9187059088       -0.9173787376       -1.1778623159
LA         2.0345403568       -0.0358303403       -1.3303139503
LA        -1.7207475741       -1.6617075191       -0.3548488191
LA         2.2320433679       -0.7802607774       -0.5072838214
LA         1.1389856644        1.8389325026        0.5746675815
LA        -1.7660284711        1.1911323558        0.6866956219
LA        -1.5668678190        0.4417565723        1.5152796991
LA         1.3379541193        1.0895134556        1.4032585532
LA         1.1601332500       -0.4070540188       -1.9270955910
LA        -1.0157885214       -0.8922705932       -1.8431839277
LA         1.0489244651       -2.0774678804        0.3082537984
LA        -0.0427193041       -2.3208972926        0.3503518939
LA         1.4785368105       -1.6052010973       -0.6022497885
LA        -0.6976392218       -2.0904739221       -0.5183277800
LA         0.8189544197       -1.3728431986       -1.4757299939
LA        -0.2649916727       -1.6145560120       -1.4339286785
LA        -2.0535745820        0.8174527065       -0.3361144739
LA         1.4820083826        1.6058654028       -0.4724596029
LA        -1.6611758163       -0.6590084096        1.2964055762
LA         1.8740247440        0.1293187339        1.1600741899
LA        -1.5872886362        0.0434064363       -1.6396157477
LA         1.2939150881        0.6858962613       -1.7507253295
LA        -1.0685132493       -1.9072479906        0.5174880769
LA         1.8115368414       -1.2650155519        0.4064217793
LA         0.4717082054        2.0612426700       -0.3228592597
LA        -1.3239368019        1.6608252075       -0.2536131036
LA         0.9931284990        0.0977781013        1.8479773393
LA        -0.8022580694       -0.3025818172        1.9172144411
LA         0.0733631503       -0.6567852462       -1.8954503760
LA         0.3926430317       -1.8587014705       -0.5662097160
LA         1.7009849075        0.8737033197        0.3438707860
LA        -1.8806937602        0.0750115399        0.4819940095
LA        -0.0943031255        0.4981273188        0.4350226744
LA        -0.4076042203        1.6693324732       -0.9167693119
LA         0.2292386302       -0.7280682304        1.7343686290
LA        -0.2521354332        0.8462841650       -1.6445460528
LA        -0.7538774897        1.0128093998        1.0591859587
LA         0.3284403603        1.2541595162        1.0174478198
LA         0.3704882637       -1.4972390548        0.9494316324
LA        -0.3234020616        1.4753790337        0.1451694101
LA        -0.0086455363        0.2904840612        1.4555226360
LA        -1.1495520610        0.8301283564       -0.9983561737
LA         0.6121049593        1.2229664751       -1.0662921431
LA         1.2166674746       -0.5686597613       -0.8441680090
LA        -0.9187975264       -1.0448543725       -0.7618163499
LA         1.1209479519       -0.6937175289        1.0530910841
LA        -0.6401448611       -1.0864300032        1.1210058371
LA        -1.4856709195       -0.1217053907       -0.5536121670
LA         1.3519284701        0.5110609184       -0.6630402694
LA        -1.2899992837       -0.8575059961        0.2599020203
LA         1.5471801820       -0.2248334176        0.1504894517
LA         0.6825879477        1.0463821783       -0.0046889588
LA        -1.0603605795        0.6577157065        0.0625255920
LA        -0.8683514292       -0.0647585887        0.8613984429
LA         0.8744176187        0.3238678099        0.7941904649
LA        -0.1730092808        0.6738977581       -0.5895298694
LA         0.4873896964        0.1374062579       -1.2561147353
LA        -0.5903569779       -0.1029242968       -1.2145527887
LA         0.1349435505       -0.4853352945        0.6927955263
LA        -0.2762877328       -1.2846440798        0.0925104011
LA         0.8011767398       -1.0443766051        0.0509591224
LA         0.1506986655       -0.8161917581       -0.8118148130
LA        -0.5033844694       -0.2632099541       -0.1549599050
LA         0.5546362133       -0.0272782048       -0.1957612653
          98
Energy of minimum      3=    -543.1896663     first found at step     8348 after              1160614 function calls
LA        -2.5656768689        0.0837515364       -0.7606745572
LA        -1.4225696561        1.8173798773       -1.3649552991
LA        -1.2351145756        1.7514351581        1.6931605521
LA         0.9747709955        2.1072104420        1.4094882964
LA        -0.5136094041        0.8422398957       -2.7567975894
LA         0.5617110584       -2.4733446395        1.3845809397
LA        -1.5637920281       -1.8717446631       -1.1174230193
LA         1.7008516406       -1.3409512781       -1.5420310617
LA         2.1641420921       -0.9231334595        1.3386938260
LA         1.3554126775        1.5742778643       -1.7825494228
LA        -1.4012858723       -1.4989065325        1.8026233131
LA        -2.1158821528       -1.2970588291        0.9624541398
LA         2.0991513942        0.8425270603       -1.3709057568
LA         2.5457980267       -0.5380812604        0.3559175344
LA        -0.4576339396        2.4944798738       -0.3144174823
LA         0.2643615545        0.2388699359        2.4981384439
LA         0.3781209135        2.0999825083       -1.5991456965
LA        -0.4705717366       -1.1498330260        2.3306014039
LA         1.3331128135       -0.8582821464        2.0957665570
LA        -0.5631554949        1.7247709543       -2.0786687478
LA         0.5193209011       -1.6295644822        2.1108552585
LA        -1.3662248817        0.9256560489       -2.0408770056
LA        -2.3583763471       -0.6123846854        0.1010566164
LA         2.3405886582        0.1525015649       -0.5120314363
LA        -2.0465549239        0.9104838280       -0.2448048872
LA        -0.1306000281        1.9422653365        1.5627952319
LA         0.4212776201        1.2090818094       -2.2715843852
LA         1.3636097391       -1.6997668975        1.3629867461
LA        -0.4196423406       -1.9881049213        1.5952375439
LA        -0.8532880691        2.1439912041        0.6994723078
LA        -2.0658044337       -0.8949066129       -0.9394136464
LA         0.2609907337        2.3228371251        0.5549363381
LA        -0.4901933763        1.0061487860        2.1155253345
LA         0.6249520716        1.1859086919        1.9725149446
LA        -1.8410287339       -1.5851605938       -0.0777915960
LA         1.9015806117       -0.2497916023       -1.4568162788
LA         2.1249432146       -0.9396437542       -0.5940233622
LA        -1.6619511081        1.3399467709        0.7306842212
LA        -0.8696040094       -0.0638959817       -2.2168269948
LA        -1.4379789223        0.6443873983        1.5999284928
LA         1.4800010660        1.1148486344        1.2245933102
LA         1.2558531348        1.8093846715        0.3562524351
LA        -1.2194704982       -0.9678961445       -1.6702870084
LA         0.2267170015        0.1125398200       -2.3593313218
LA        -0.1490001162       -2.2809626513        0.5505217699
LA         0.9461348021       -2.1025985731        0.4078160350
LA        -0.8572071952       -2.0807846606       -0.2828179852
LA         0.9647782276       -0.6143608927       -1.9546900255
LA         1.3258146995       -1.7252271687       -0.5669492190
LA        -0.4752181505       -1.6992542651       -1.2636939050
LA         0.6121768092       -1.5224315340       -1.4048975696
LA        -1.6049446614       -0.4626618107        1.4764549957
LA         1.5033504178        1.4794267255       -0.6922932691
LA         1.9453422747        0.1108469975        1.0186179912
LA        -1.7273482493        0.0132542744       -1.4999484049
LA        -1.2654392064        1.7159299152       -0.2676903221
LA         1.1673404017        0.4789110698       -1.8764053177
LA        -1.1358573456       -1.7992642319        0.7605296085
LA         1.7538614645       -1.3296959009        0.3840753771
LA         0.5345164794        2.0029952451       -0.5042433730
LA        -0.6829344392       -0.1103237186        2.0026792974
LA         1.1201220957        0.1814041676        1.7701561865
LA        -0.1277144986       -0.7982521617       -1.8228555817
LA         0.2352684734       -1.9137618799       -0.4302622640
LA        -1.8495261929        0.2208033253        0.6234528504
LA         1.7472016700        0.7999639831        0.1610318759
LA        -0.0526792586        0.5356107545        0.4141233823
LA        -0.4072499340        1.6189825574       -0.9974264469
LA         0.3098859671       -0.6058031227        1.7792640743
LA        -1.2077287895        0.8222187308       -0.9627014919
LA        -0.6344856814        1.1324555706        1.0420592173
LA         0.4532104255        1.3073166406        0.9027547224
LA        -0.3560096068        0.7362083049       -1.6659600445
LA         0.3503645818       -1.4385817188        1.0497666953
LA        -1.5450630853       -0.0802607075       -0.4139216100
LA        -0.2504618016        1.5008451115        0.0671782554
LA         0.1015988517        0.4004496195        1.4387237704
LA        -1.0438733774       -1.0457616451       -0.5911346961
LA         1.0982032287       -0.6967003029       -0.8702337022
LA         0.5698464227        1.1036013600       -1.1873246896
LA         1.1460265737       -0.6735517290        1.0330887894
LA        -0.6217873845       -0.9591773670        1.2627316592
LA        -1.3244413476       -0.7615144289        0.4372850967
LA         1.3022932863        0.3835408754       -0.7860121891
LA         1.5227628152       -0.2985654457        0.0667715377
LA        -1.0354929822        0.7221683631        0.1005958518
LA        -0.8191199149        0.0513057554        0.9389924294
LA         0.7146455373        1.0036657335       -0.1240215290
LA         0.9312548903        0.3338771749        0.7133943796
LA        -0.7073722522       -0.1579571805       -1.1401091515
LA        -0.2056831130        0.6387919965       -0.6120111484
LA         0.1465463401       -0.4371019011        0.7316905842
LA         0.3745705874        0.0170848595       -1.2808544549
LA        -0.3497753126       -1.2556551094        0.2292618856
LA         0.7311288502       -1.0793922051        0.0883099533
LA        -0.5436952060       -0.2446407860       -0.0808358292
LA         0.0273322650       -0.8806567745       -0.7393261594
LA         0.5172721467       -0.0712145245       -0.2196151241
          98
Energy of minimum      4=    -543.1654807     first found at step     8535 after              1190201 function calls
LA        -2.2574738623        0.6223819642       -1.4597243140
LA        -1.4287487215        1.8169727703        1.4539224462
LA         0.7451209410        2.3363563615        1.1535005372
LA        -0.5176200977        0.4389184882       -2.8419064004
LA         0.7424855814       -2.2330675533        1.6937917432
LA        -1.3718979914       -2.1333751357       -0.8896184250
LA         1.8462170093       -1.3693885228       -1.3342297645
LA        -1.3066011394       -1.3995069098        1.9664560258
LA         1.2526128816        1.4522183004       -1.9406264159
LA        -2.0162367324       -1.3642612893        1.0997722111
LA         2.2012899597       -0.5602153337        1.4768859270
LA         2.5712568186       -0.2665001146        0.4594548039
LA         2.0459801515        0.8467504686       -1.4291139857
LA        -0.6794228435        2.3720045465       -0.6226638283
LA         0.1827370767        0.5587410748        2.4590649901
LA        -1.5477797630        1.4855690587       -1.5946625651
LA         0.2274336457        1.9047399568       -1.8367137665
LA         1.3507363197       -0.4789471206        2.2094281447
LA        -0.4237854516       -0.9031007131        2.4567403807
LA        -2.3008623694       -0.8144091891        0.1591242534
LA        -0.6645438772        1.3891380239       -2.2784037256
LA         0.6088650227       -1.3137594220        2.3093092785
LA        -1.9654208110       -1.1901896655       -0.8421055707
LA         2.3266728164        0.2914169557       -0.4891745331
LA        -2.1205211946        0.6625208152       -0.3649758653
LA        -0.3440521088        2.0910150580        1.3126024995
LA        -1.3881038282        0.5314186136       -2.1529238715
LA        -0.2818885544       -1.8174980422        1.8313756096
LA         0.3674842405        0.9464882793       -2.3933253798
LA         1.4726206907       -1.3978319465        1.5869345975
LA        -1.0640331522        2.1147567147        0.4210933899
LA        -1.6956985781       -1.7502450274        0.1041138000
LA         0.4679027281        1.4632349310        1.8231483120
LA         0.0333382948        2.3770855388        0.2699466851
LA        -0.6285016014        1.2015230494        1.9750156411
LA         2.2102890186       -0.8179302347       -0.4383020013
LA         1.9478798537       -0.2617850342       -1.3820112119
LA        -1.7950277395        1.2517195263        0.5460864846
LA        -1.5274509719        0.6934769197        1.5009248288
LA        -1.0922411204       -1.2793298079       -1.5470419220
LA         1.0771025326        1.9386414962        0.1504297516
LA         1.3418804595        1.3785069450        1.1005453860
LA        -0.8066327388       -0.4221853167       -2.1976105818
LA         0.2730117768       -0.1666846473       -2.3464129106
LA         1.1151648179       -1.9515894759        0.6840655456
LA         0.0364802750       -2.2082485991        0.8332859589
LA        -0.6678571047       -2.1751865516       -0.0272388711
LA         1.0605049574       -0.7687046902       -1.8440484577
LA         1.4830519191       -1.6637768480       -0.3244977728
LA        -0.2980394691       -1.8841457234       -1.0416679214
LA         0.7738488077       -1.6296586547       -1.1896539431
LA        -1.5914353270       -0.4321584833        1.5152134684
LA         1.9001279908        0.4027287519        1.0275341581
LA         1.3788311639        1.5061691980       -0.8446492624
LA        -1.6850232782       -0.3342877932       -1.5092739361
LA        -0.9929186817       -1.7963250920        0.9707138465
LA         1.8515851063       -1.1169930733        0.5752622159
LA         1.1640100033        0.3405344338       -1.8992900276
LA        -1.4159708869        1.5307511638       -0.4923564482
LA        -0.7177848068        0.0661999501        2.0018895337
LA         1.0554932934        0.4897455504        1.7542571976
LA         0.3608416600        1.9568493759       -0.7355274152
LA        -1.8756478189        0.1171461352        0.5851567011
LA        -0.0150722169       -1.0324216097       -1.7046823568
LA         0.4096334900       -1.9310265653       -0.1797414568
LA         1.6619494375        0.9609583501        0.0890655743
LA        -0.1131768800        0.5661323053        0.3506524261
LA        -0.5274595700        1.4310825650       -1.1911344898
LA         0.3174494395       -0.3611772805        1.8508737908
LA        -1.5381932321       -0.2759809515       -0.4198408986
LA        -0.7604172643        1.1797413272        0.8925401724
LA         0.3096518833        1.4354288561        0.7446509871
LA        -1.2413479007        0.5768362490       -1.0632293325
LA        -0.3774689391        0.4820028306       -1.7435220172
LA         0.4479189049       -1.2703461451        1.2307837280
LA        -0.3910326378        1.4576067620       -0.1177705088
LA        -0.9401967126       -1.2063344786       -0.4641037832
LA         0.0298037801        0.5730753752        1.3859684768
LA        -0.5666538267       -0.8595562920        1.3721523144
LA         1.1729190946       -0.7049190100       -0.7555644718
LA         0.4976857356        0.9887961013       -1.3020010874
LA         1.1726912626       -0.4436709707        1.1296452519
LA        -1.2654033733       -0.8263325788        0.5194529617
LA         1.5380778306       -0.1576621017        0.1296693116
LA         1.2785625670        0.3920742103       -0.8031129170
LA        -1.1016622877        0.6206265530        0.0055773972
LA        -0.8433264678        0.0822823560        0.9251712282
LA         0.6225568599        1.0333593771       -0.2315085203
LA         0.8775827087        0.4932963152        0.6845945617
LA        -0.2441299094        0.5287684377       -0.6823594122
LA        -0.6651789225       -0.3679712709       -1.1148554581
LA         0.1633317666       -0.3382350314        0.7881887003
LA         0.4013106695       -0.1156982912       -1.2618779468
LA         0.8181230098       -0.9990221961        0.2377177165
LA        -0.2473146733       -1.2518415782        0.3846269998
LA         0.1180290510       -0.9663431745       -0.6166290609
LA        -0.5260705115       -0.3078573576       -0.0516863010
LA         0.5231926422       -0.0601054921       -0.1950068381
          98
Energy of minimum      5=    -543.0573658     first found at step     8403 after              1167940 function calls
LA         0.2576950738       -0.7823718904        2.8133330296
LA        -1.3381253438        1.8446556579       -1.4927742129
LA        -1.3591995181        1.7685247572        1.5715897417
LA         0.8677247771        2.1076021712        1.4337294081
LA        -0.3497382413        0.8598214716       -2.8230762403
LA        -1.5343924404       -1.8456451731       -1.2578644250
LA         0.4228065307       -2.4721940473        1.3728688330
LA         1.7580297181       -1.3442590243       -1.4683293684
LA        -2.2086079626       -1.2746581825        0.7894079091
LA         1.4567324787        1.5734140955       -1.7253480630
LA         2.1638494643        0.8349702866       -1.2661491844
LA        -1.5508051955       -1.4822876718        1.6728134035
LA         2.0333019916       -0.9334148624        1.4395512054
LA         2.4818327673       -0.5501561269        0.4842576962
LA        -0.4467399010        2.5069474182       -0.3793346928
LA         0.4750792265        2.1081979287       -1.6058369179
LA        -2.3943420950       -0.5874331212       -0.0823972238
LA        -2.0528996505        0.9250081225       -0.4206422866
LA        -0.4347462633        1.7425478578       -2.1482472262
LA        -1.2460606675        0.9522781159       -2.1647827853
LA        -2.0425006053       -0.8644739621       -1.1106463921
LA         0.0736844792        0.2537653814        2.4693296002
LA        -0.6511678018       -1.1399947055        2.2563030613
LA         1.1533392854       -0.8637966370        2.1389170089
LA         2.3412808324        0.1424318930       -0.3945508707
LA        -1.6547220616        0.0424153012       -1.6495956074
LA        -0.2468982969        1.9512287698        1.5136928821
LA         0.3403407803       -1.6287214668        2.0933090162
LA         0.5542816830        1.2174295534       -2.2762187448
LA        -0.9108574392        2.1587084049        0.6053833712
LA        -1.8731150118       -1.5616127807       -0.2353102096
LA         0.2126382468        2.3292954620        0.5347888397
LA         0.4757988393        1.1898730905        1.9712114411
LA        -0.6477344027        1.0187817646        2.0410642023
LA        -1.7260289616        1.3593736262        0.5830117554
LA        -0.5643732054       -1.9784596339        1.5238018799
LA         1.2286846780       -1.7036576274        1.4072706292
LA         1.9625556072       -0.2552745384       -1.3674698075
LA         2.1219827234       -0.9473612045       -0.4930773534
LA        -0.7506656233       -0.0431901188       -2.3084180348
LA        -1.1461333134       -0.9446725299       -1.7865179232
LA        -1.5597380190        0.6619415693        1.4697417290
LA         1.2158156352        1.8075765717        0.4025046517
LA         1.3748374626        1.1093038580        1.2831600406
LA         0.3548187497        0.1224752939       -2.3789104540
LA        -0.8834806266       -2.0635287537       -0.3806402851
LA        -0.2316067411       -2.2716097537        0.4959036744
LA         0.8722950725       -2.1024959960        0.4249508886
LA         1.0572174458       -0.6112927746       -1.9274674397
LA         1.3172334552       -1.7268144149       -0.5214837180
LA        -0.4363450543       -1.6829472412       -1.3333935945
LA         0.6602686275       -1.5158490240       -1.4031354868
LA        -1.7251376895       -0.4442876168        1.3362082055
LA         1.5295632454        1.4765114442       -0.6274836681
LA         1.8440178699        0.1021618272        1.1076141885
LA        -1.2626324727        1.7331027331       -0.3870121930
LA         1.2645449801        0.4798760481       -1.8334509672
LA        -1.2241639493       -1.7827181712        0.6457842211
LA         1.6848404073       -1.3356411130        0.4573864955
LA         0.5541305860        2.0082388350       -0.5027193324
LA        -1.9098431002        0.2429705070        0.4719835990
LA        -0.0441811562       -0.7849899023       -1.8676162219
LA         0.2178831158       -1.9057171966       -0.4568050505
LA        -0.8348187911       -0.1006445875        1.9203842699
LA         0.9716107801        0.1759814824        1.8047628857
LA         1.7097946060        0.7936610207        0.2393140378
LA        -0.1051606483        0.5449260806        0.3707650071
LA        -0.3534034255        1.6337196201       -1.0589624271
LA        -1.1597658344        0.8458583337       -1.0780695853
LA        -1.5560877197       -0.0566903068       -0.5558866556
LA        -0.7221756285        1.1455707255        0.9602631108
LA         0.3739799675        1.3122508762        0.8926928938
LA         0.1593125795       -0.5989994147        1.7434612622
LA        -0.2656674052        0.7511474645       -1.7242930205
LA        -0.2724566515        1.5117237143        0.0133158275
LA        -1.0435600066       -1.0255100857       -0.6985201755
LA         0.2410155444       -1.4344364033        1.0260700908
LA        -0.0179838205        0.4092382142        1.4029156051
LA         1.1178393146       -0.6956137022       -0.8367726163
LA         0.6288369731        1.1095069082       -1.1843890142
LA        -1.3840751703       -0.7420910246        0.3129644062
LA        -0.7371943658       -0.9480083941        1.1805682354
LA         1.0407430420       -0.6757998353        1.0654385247
LA         1.3256377208        0.3825197664       -0.7366241846
LA        -1.0647860295        0.7377021152       -0.0055987282
LA         1.4825746101       -0.3020123877        0.1275077571
LA        -0.9044114353        0.0649962159        0.8485587435
LA         0.7006940324        1.0069002405       -0.1136879379
LA         0.8548486508        0.3337861105        0.7357396900
LA        -0.6622919350       -0.1398669451       -1.2233782602
LA        -0.1872932145        0.6510373663       -0.6626222389
LA         0.0651933185       -0.4304642776        0.6946772922
LA         0.4294618949        0.0246282215       -1.2931299183
LA        -0.4041708267       -1.2435616713        0.1634784954
LA         0.6864019193       -1.0769413770        0.0936391587
LA        -0.5727933671       -0.2288883963       -0.1572217199
LA         0.0377956074       -0.8696932129       -0.7762241705
LA         0.5002326891       -0.0658350090       -0.2253032671
