          98
Energy of minimum      1=    -543.6653608     first found at step     1081 after               246672 function calls
LA        -2.5562286147        0.2061616705       -0.4357848822
LA         1.3092707024       -1.3400663792       -1.8046464055
LA        -1.3749298561        1.8556087562       -1.1970800585
LA        -1.5765444200        0.9730992520       -1.8260072306
LA         0.3771494850        2.4093293127       -0.9053211818
LA         0.1774110382        1.4328228147        2.1638529438
LA         0.2712339290       -1.6681236264       -1.9775013666
LA        -0.1647661773        0.0372507216       -2.5958003903
LA         1.9908143367        1.6431920655        0.3213940849
LA        -1.3219154008       -0.1300080916        2.2365940676
LA        -0.7057474226       -2.4329447642       -0.5911144931
LA         0.8732705047        0.3653080418       -2.4229454147
LA         1.1543924296        2.1976443379        0.7774664299
LA        -2.3546139920        1.0886710393        0.1931422114
LA         0.4350111793        0.4252445556        2.5291595059
LA        -1.6622168023       -1.6195762938        1.1750421226
LA        -2.1214313749       -1.4945075554        0.1808084703
LA        -0.2465327014       -2.5580134410        0.4031191355
LA         2.0843689402       -1.5511669169       -0.1265013109
LA         1.5055469965       -2.0042926849        0.6948774064
LA         1.8467896644       -0.5106033470        1.7593657322
LA         2.4256115934       -0.0574773722        0.9379870748
LA         1.2135714048        1.8548770112       -1.3613933240
LA        -1.5795154195        0.8775702305        1.8712874838
LA        -0.2534212104       -0.4222045922        2.3231471721
LA         1.5424072998       -0.2538287019       -1.7877478954
LA         2.3265714828       -0.4673985232       -0.0899748868
LA        -0.5230092275       -0.9065752235       -2.1316833649
LA        -1.9513002975        0.0402191732       -1.3528864093
LA         0.2224316355        2.3563751135        0.1936822227
LA         1.1748697292       -1.3689983346        1.5443499797
LA        -0.5977028114       -1.9291953603        1.2491791741
LA        -1.5501409520        1.7961778424       -0.1014891114
LA        -0.7659766999        1.5826078504        1.5962842582
LA         1.8866885021        1.2531625855       -0.7137798485
LA        -1.5114176124       -1.6803419611       -0.7290809862
LA         0.5023061491        1.3650335019       -2.0764374059
LA        -2.2478160444        0.4269113699        1.0919198964
LA         0.7707954712       -2.4147431212       -0.0459356503
LA         1.4360367963        0.4971554265        2.0292497179
LA         0.3094732593       -2.2891005003       -1.0447320174
LA         1.1772545203        1.5093576561        1.6622668138
LA        -0.5404941826        1.0354707197       -2.2500857940
LA         2.0175150455        0.9523609723        1.2041016466
LA        -1.9890339172       -0.5852908295        1.4589029286
LA         1.3522737335       -1.9595377375       -0.8710837610
LA        -2.4503560305       -0.4596480754        0.4601066161
LA        -0.3379543472        1.9220304188       -1.6182725185
LA         0.1043668927       -1.1993558294        1.6494780216
LA         1.8554716343        0.1714816243       -0.8354304027
LA        -0.6749478296        1.8488609294        0.5443194019
LA        -1.2848908000       -0.8209866236       -1.3583672040
LA         0.4339445592       -1.7962200089        0.8030569386
LA        -0.5052629599        1.8774033312       -0.5288485934
LA        -1.8566781357       -0.6386386502       -0.4522184337
LA         1.9279962879        0.5574555839        0.1780100046
LA        -1.4510160814        1.1370283774        0.8132239046
LA        -0.9109248605        0.1017361437       -1.7942908975
LA         1.1776729762        0.7618087462       -1.4464950875
LA         0.7633684682       -0.3542635712        1.8306774357
LA        -0.4900255242       -1.5445735832       -1.1974062970
LA         0.2450603665        1.6730500073        1.0956566844
LA        -0.9327079775       -0.8902850900        1.5482445743
LA         1.5985724180       -0.8845009621       -0.8496105889
LA        -1.7403282018        0.9127480498       -0.7228712010
LA         0.5066734351       -0.5767578515       -1.9480824855
LA         1.7403282031       -0.9127479033        0.7228708949
LA         1.0483001433        1.7940556130       -0.2585050960
LA        -0.5066732823        0.5767574587        1.9480825877
LA        -1.0483002258       -1.7940554472        0.2585054202
LA         1.0102136471       -1.3365966142       -0.0254602103
LA         1.3393953636        0.1042998116        1.0014049320
LA        -1.6473334369        0.2462331713        0.1825704869
LA         0.3327667717        1.3131746561       -0.9861588219
LA        -0.0248287413       -1.6637075209       -0.1978166850
LA         0.1317337088        0.4332106831       -1.6132715296
LA         0.5053861174        0.6571527312        1.4561611831
LA        -0.7022755873        0.9860637668       -1.1585154288
LA         1.0825384657        1.1089716779        0.6371521211
LA        -1.1894434274        0.1215251987        1.1739361043
LA        -1.3904766207       -0.7584386246        0.5468233642
LA         0.5523236421       -1.2118886978       -1.0168258257
LA        -0.3485538624       -1.0518482783        0.6395079090
LA         0.7982550793       -0.1540785905       -0.9878732816
LA         0.6703895308       -0.7298252745        0.8091836382
LA        -0.2394436966       -0.4820289825       -1.1606721096
LA        -0.1506475504       -0.1855713463        1.2568664916
LA        -1.0604807893        0.0622250224       -0.7129893069
LA         0.1600116266        1.2664702903        0.0854086250
LA        -0.8589317509        0.9444472190       -0.0842671493
LA         0.9961613151        0.7121984471       -0.3705147452
LA         1.2490231034       -0.2768468927       -0.0119274034
LA        -0.8076190961       -0.9268202524       -0.3544019187
LA        -0.4081637343        0.8216789268        0.8916787996
LA        -0.0340091486        0.3908240544       -0.5375015240
LA         0.2199395433       -0.6024727221       -0.1773727608
LA        -0.6046268587       -0.0558792382        0.2722344989
LA         0.4186965661        0.2675280275        0.4426395780
