          38
Energy of minimum      1=    -173.9284266     first found at step       17 after                 3203 function calls
LA         1.4537673200        0.6394054372        0.7338688122
LA        -1.4537672706       -0.6394056334       -0.7338686635
LA        -1.5777232915        0.7549326747       -0.0413276473
LA         1.5777231836       -0.7549326153        0.0413274543
LA         1.1276883181        0.6740790662       -1.1553254521
LA         0.3843744286       -0.7317023147        1.5419818961
LA        -1.1276881861       -0.6740789289        1.1553255054
LA        -0.3843744595        0.7317022379       -1.5419818164
LA        -0.0611191318       -1.7483252233       -0.0215391169
LA         0.3096349583       -1.0471423250       -1.3669161473
LA        -0.3096347206        1.0471423790        1.3669160109
LA         0.0611189270        1.7483251744        0.0215391525
LA        -0.8802883636        1.4265456992        0.5008998181
LA         0.6317725736        1.3689225912        0.8875557694
LA        -0.6317724202       -1.3689227566       -0.8875558679
LA         0.8802881838       -1.4265456787       -0.5008998816
LA         1.7011223309        0.2928276158       -0.2850893238
LA         1.3303688236       -0.4083547190        1.0602858462
LA        -1.3303688117        0.4083543618       -1.0602859585
LA        -1.7011222870       -0.2928273638        0.2850894955
LA        -0.3096792174       -1.4000587970        1.0023840061
LA        -0.4336347593       -0.0057227523        1.6949241515
LA         0.4336348363        0.0057228873       -1.6949240511
LA         0.3096791925        1.4000588321       -1.0023839861
LA        -0.6311020595        1.0739677609       -0.5184890205
LA        -1.0009590281        0.3744810812        0.8236336386
LA         1.0009590237       -0.3744808586       -0.8236335576
LA         0.6311018943       -1.0739678281        0.5184889679
LA         0.8773028711        1.0164839197       -0.1327677643
LA        -0.5074457850       -0.3169973705       -1.2093546248
LA        -0.8773028477       -1.0164838531        0.1327677991
LA         0.5074458728        0.3169971986        1.2093545864
LA         0.1841997210        0.3483650452       -0.6684166339
LA        -0.0615844343        0.6927415792        0.3440714646
LA        -0.7512302696        0.0286286829       -0.1921005351
LA         0.7512302622       -0.0286286151        0.1921005135
LA        -0.1841997506       -0.3483650394        0.6684166553
LA         0.0615843726       -0.6927415518       -0.3440714951
