          98
Energy of minimum      1=    -543.6653608     first found at step      378 after                87182 function calls
LA        -0.1387721995       -2.0910022847        1.5411583338
LA        -1.6638210060        1.3888471260       -1.4385828473
LA         1.4276931457       -1.1370045585        1.8535453064
LA        -0.0973556616        2.3428448541       -1.1261958764
LA         1.6458359085       -0.2278370134       -2.0015070727
LA         1.9939866633       -1.0222458177       -1.3212671113
LA         0.0750364254       -1.1844742878       -2.3147583658
LA         0.4231871801       -1.9788830919       -1.6345184046
LA        -1.6207843222       -2.0342740068       -0.0387575410
LA        -2.2084203863       -0.6934087163       -1.1869197322
LA         1.8569120911        1.7824315304       -0.3762047651
LA         2.4445481560        0.4415662378        0.7719574280
LA         1.5597589022        1.5333862185       -1.4080463820
LA         2.4955456471       -0.6018877077        0.4203556263
LA        -1.5775061313       -0.3772489105       -2.0336846865
LA        -0.6417193880       -2.5125228330       -0.2052826813
LA        -0.8651084192        2.0582501600        1.3348816374
LA        -0.2758465927        0.7136752121        2.4862203508
LA        -1.7931763469        1.4930447463        1.1498048791
LA        -1.2039145207        0.1484697989        2.3011435920
LA        -2.2947353584        1.0726872290       -0.5918178617
LA        -1.1178372655       -1.6127534714        1.7076834386
LA         0.1997976394        2.5918902033       -0.0943541874
LA         1.3766957333       -0.0935504993        2.2051471147
LA         0.0018754461        1.5450551527        1.8034113666
LA        -1.8447323527        0.4204470357        1.4351579491
LA         0.5750648893       -0.1924202598       -2.2960327707
LA         1.2677920650       -1.7730819699       -0.9425366176
LA         1.7752176547       -1.3478074268        0.8194567099
LA         0.4879811674        1.5894029186       -1.6956310399
LA         0.1904300986       -2.3129636173        0.5034158932
LA        -1.0968063878        0.6242467261       -2.0116718548
LA        -2.3521578192       -0.0048272106       -0.3268353594
LA        -1.7576484046       -1.3613760812        0.8347564387
LA         1.0792370902        2.0849368280        0.3574587848
LA         1.6737465055        0.7283879558        1.5190505843
LA        -0.6224733497       -2.1140898523       -1.2531441955
LA        -0.9722217971       -1.3160354402       -1.9365058344
LA         2.4397480980       -0.2491572421       -0.6424711967
LA         2.0899996502        0.5488971706       -1.3258328361
LA        -0.6255534327       -0.8119053211        2.3187738896
LA        -1.7742998254        1.8092989580        0.0742772425
LA         0.3067734239       -0.2441061655        2.5046999706
LA        -0.8419729692        2.3770981146        0.2602033226
LA         2.3885168736        0.7990854479       -0.2892559219
LA        -1.6060316180       -1.6336464335       -1.0858550390
LA        -1.1404902391        2.1269101449       -0.7763736455
LA         0.3580047721       -1.2923489366        2.1514849748
LA        -0.0108834193        0.6515897922       -1.9353133661
LA         1.0423737145       -1.7517275316        0.1226100542
LA        -1.9195825506       -0.3048863960        0.6263961260
LA         0.8880923339        1.4050240507        1.1863070468
LA         1.6274000239        1.0991218889        0.4506814893
LA        -1.7563286793       -0.9616128110       -0.2241069867
LA         0.2136143823       -1.9238805666       -0.5591659950
LA        -0.4868877382       -0.3254780232       -1.9278533491
LA         1.7300098818       -1.0003760244       -0.2567640292
LA         1.0295077613        0.5980265192       -1.6254513834
LA        -0.5702132820        1.3794499127       -1.3533622621
LA         0.6991419025       -1.5169589575        1.1267878161
LA        -1.2708011794       -0.5546913052        1.4618466619
LA        -1.8396542230        0.7433149752        0.3503839776
LA         0.5965321917        0.5825389537        1.8342332057
LA         0.0276791477        1.8805452349        0.7227705207
LA         0.9159588164       -0.9769174384       -1.6096725119
LA        -0.9159587696        0.9769173937        1.6096724358
LA        -1.7142454747        0.3078713907       -1.1623128378
LA        -0.7789575658       -1.8262642938        0.6651145117
LA         1.7142454083       -0.3078713230        1.1623129532
LA         0.7789574985        1.8262643635       -0.6651143981
LA        -0.7684188700       -1.4361267843       -0.3933732857
LA        -1.1155653474       -0.6440095357       -1.0716510234
LA         1.6722525844        0.0502738109        0.0933492383
LA         1.3251061068        0.8423910600       -0.5849284999
LA        -0.1393244699       -1.1208786296       -1.2376954903
LA         1.3759561870       -0.1980530410       -0.9355158484
LA        -0.3340984003        0.0109398086        1.6419283113
LA        -0.9025331986        1.3079917385        0.5312828225
LA        -1.1988296830        1.0596650937       -0.4975823055
LA        -0.2832482794       -1.0295043770        1.2913411712
LA        -0.2734389321        1.6232400725       -0.3130394338
LA         0.6421424720       -0.4659293991        1.4758840437
LA        -0.0412237779        0.8212330370        0.9801641805
LA        -0.9689895044        0.2562116677        0.7951476870
LA         0.9708132488       -0.6913331623        0.4652153563
LA         0.2810288437        0.8826137470       -0.8825310168
LA         0.0598159472       -1.2461423430        0.2835428478
LA        -0.6299684576        0.3278045656       -1.0642035248
LA         0.3310879784       -0.1416473118       -1.2276652498
LA         0.6791253843       -0.9357974770       -0.5476467571
LA        -1.2606773332        0.0117474328       -0.2177144037
LA        -0.9189303136       -0.7680493577        0.4500135165
LA         0.5780855662        1.1315779051        0.1489745723
LA         0.9198325860        0.3517811141        0.8167024929
LA        -0.2893951473       -0.4578433090       -0.3865718446
LA         0.6255181387        0.0993507575       -0.2041184045
LA        -0.3396694826        0.5708206267       -0.0399539969
LA         0.0035465402       -0.2123281286        0.6306441588
