          98
Energy of minimum      1=    -543.6653608     first found at step      985 after               200778 function calls
LA        -1.1556913073       -0.3678499662        2.3012563600
LA         2.3109931459       -0.6911076218        0.9738571574
LA        -1.4432486176       -0.6561627778       -2.0623289300
LA        -0.4177316724       -0.7517890758       -2.4550010621
LA         1.3168609928       -2.2365353405       -0.1746484689
LA        -1.4396044740       -1.9795034189        0.8808067111
LA         2.4794606435       -0.7787561156       -0.1119408584
LA        -2.0127407510       -0.3598721613        1.6081304746
LA         1.7394376417        0.9240551465        1.6991747751
LA         0.0037014735        1.0859072018        2.3637910205
LA        -0.1297344156       -2.2230705991       -1.3445600008
LA        -1.1552513850       -2.1274442985       -0.9518878591
LA        -2.2999430022        1.1073503861        0.5007529637
LA         2.1922576311        0.6884665038       -1.2193180770
LA        -1.3279100814        1.8202933599       -1.2999621380
LA         0.4030371823        1.6588878555       -1.9627447042
LA         0.7416606371        0.7019687149       -2.3924663462
LA        -2.0148036408        0.9590005240       -1.3370116223
LA         1.8536339902        1.6453855922       -0.7895964413
LA        -1.6130493187        1.9686431404        0.5378023230
LA        -0.1664544892        1.9551777002        1.7077143866
LA         1.5692815659        1.7933256553        1.0430981844
LA         1.1483933462       -2.1488867599        0.9111494742
LA        -0.5825549554       -1.9874811578        1.5739324377
LA         0.8189153781        1.9973889341       -0.9895990295
LA        -0.9322774295        2.1606822732       -0.3190644112
LA         1.7832482815       -1.3910089415       -0.7243011569
LA        -2.0084513099       -1.0374446244        0.7275468788
LA         0.3197331212       -1.3773867165       -1.9078964570
LA        -1.7207724757       -1.1871158505       -1.1265834939
LA         0.8698021943        0.4174425878        2.1699487448
LA         0.5312370956        2.1470594768        0.8645311576
LA        -0.3031510710       -1.0533181237        2.1066827391
LA         1.4480427528       -1.2166115582        1.4361477316
LA        -2.2990126798        0.4469388366       -0.3927827417
LA         1.4926860415        0.0933746018       -1.8446304437
LA         0.0687451859       -2.4151871811        0.7677009382
LA        -1.2195023107        1.6154906289        1.5265071490
LA         2.1642582549        1.2999653708        0.2308596399
LA        -1.3536784550        0.4610420294       -2.0933739596
LA        -0.3234553150        0.3649768933       -2.4878481012
LA         2.5044357750        0.3386547839       -0.2008340065
LA        -1.9095481461        0.7502451993        1.4892877262
LA        -0.7922374907       -2.4071729345        0.0713942721
LA         0.2379859063       -2.5032380954       -0.3230799685
LA         2.3351951220        0.4267055387        0.8899469148
LA        -1.0485655351        0.7422308052        2.1855944586
LA        -0.6636327462        1.3262876283       -2.0561545814
LA         0.1347116308        2.0326035913       -0.1431761850
LA         1.1591460318       -0.8623546842       -1.4432085021
LA        -1.9433406501       -0.5730573505       -0.2552612280
LA         0.6494829132       -0.5971920299        1.8416458357
LA         0.3592029917       -1.4949691882        1.3021731958
LA        -1.3652367551       -1.4789176740       -0.0924414382
LA         0.6981707007       -1.6713240683       -0.8825235607
LA         1.1391716779        1.6613497466        0.0426399622
LA        -0.5364480877        1.8175961323        0.6842375378
LA        -1.6432591866       -0.0585931524       -1.1644228681
LA         0.4201480302       -0.2509995238       -1.9545048990
LA        -0.2611845430        1.6743844172       -1.0898770859
LA         1.8205044492       -0.2640340693       -0.8219879663
LA        -1.9185229329        0.0846187258        0.6096917931
LA         1.4815368387       -0.0876793657        1.3627088279
LA        -0.1940832616        0.0685670514        2.0043065315
LA         0.6963613113        1.2746394854        1.5082335122
LA        -0.6963613160       -1.2746397894       -1.5082334515
LA         1.6060549343       -1.2960707168        0.3538105141
LA        -1.1489402631       -1.0391758935        1.4087027254
LA         1.1489397980        1.0391762872       -1.4087026282
LA        -1.6060544668        1.2960710225       -0.3538107744
LA        -0.4991496038       -1.4826869017        0.6001329962
LA         0.5234092117       -1.5780373640        0.2085935369
LA        -0.3311680099       -1.5700828715       -0.4825328229
LA        -0.9466328447        0.8033563350       -1.1252443696
LA         0.0759257869        0.7080058902       -1.5167837584
LA         1.3072711630        0.7823766330        0.6975666199
LA        -0.3671169381        0.9385081699        1.3386925890
LA         1.4752526877        0.6949808714       -0.3850992737
LA        -1.2216941250        0.9464628608        0.6475661148
LA        -0.6089862018       -0.1508025671       -1.5537261973
LA         1.6449179192       -0.1717821205        0.2690846458
LA        -1.0520290831        0.0796998868        1.3017501070
LA        -1.2289958686        0.2842137162       -0.2136279912
LA         0.8028410763        0.0947511751       -0.9916217129
LA         0.4690596651        0.2684078108        1.1596488581
LA         0.9698673183       -0.7585301436       -0.3476129448
LA        -1.0619697612       -0.5690675897        0.4303808284
LA         0.2989590982        1.1373952356        0.5037860051
LA        -0.8966009363       -0.6551042378       -0.6354451639
LA         0.1285822011       -0.7506994099       -1.0279894804
LA         0.8014546393       -0.6709100444        0.7378315963
LA        -0.2051992839       -0.5770426643        1.1232810461
LA         0.4643278448        1.0513587270       -0.5620401861
LA        -0.5423260712        1.1452261062       -0.1765907393
LA        -0.0438973219       -0.6623475031        0.0466556987
LA         0.6332599937        0.1867372134        0.0831797906
LA        -0.3777211627        0.2810080946        0.4702861450
LA        -0.2116415222        0.1946016884       -0.6001215453
