50.000000000000000     50.000000000000000     50.000000000000000
50.288700658441641     50.517162431641623     49.550150000694678
49.528008673671593     50.629471942649090     49.906891143035857
49.768723461956242     49.358615976610878     50.274100508055220
50.539715253250549     50.998149165269048     49.440358290096661
49.853075899422450     50.821181273843500     49.291899806136037
50.705860397508772     50.894302260224947     48.931030312523085
50.704589960217021     50.343662419553475     49.114622007828075
50.650637762581979     50.746393681327312     48.432377312972491
49.902720912774775     50.823818808476247     48.791315580107039
51.366379115412954     50.015361952336953     49.239260160595670
49.525811795168977     50.053683040961232     49.383032984537763
48.827693528974571     50.829492280876977     50.013776687356803
51.659776833402631     50.000662588046026     48.833924465739933
50.660775547079574     51.420129387204355     49.122491855347924
50.715026887560015     51.663949085961974     48.484213353685831
50.514788724296686     51.143415479849224     50.090926086507650
50.883512085015859     49.805607096468442     49.085401816687686
48.435658243503468     50.209719521698595     49.776957447123600
50.908297520055484     51.098511961296516     48.036654697521847
50.129490302178638     51.030403680278944     47.931955156330488
48.828611350998791     51.069244409338573     50.593079711960542
50.587660958433204     51.280442890411500     50.730771496117015
51.206380870741413     51.930328703945719     47.955374898125285
48.744063335363677     51.005926721557621     51.164488139245826
50.268290097846005     51.909120597274750     48.959185322628990
48.288872593716697     49.449990196361050     49.648952201833360
48.168546199857389     50.385269355889449     50.427905768799171
50.456341570680479     49.899947794598866     48.616809252653439
49.476975791070871     50.134597746398605     50.137964065459208
50.997810311045697     50.406690883966689     48.665979591230155
49.636774066438569     51.329207855900130     47.408522722085586
48.507790472868464     50.303931159300468     49.102291966781728
48.060973219375860     49.748383386418077     50.491855486512016
48.458058494911590     49.285657275790633     50.899194155382368
49.977777868495210     48.674273239625030     50.408156533197648
50.741731338277368     51.867641192560725     49.577787412107710
52.006198444143756     49.349701468051016     49.069599022337769
