          98
Energy of minimum      1=    -543.6653608     first found at step      164 after                35577 function calls
LA        -1.7471303368       -1.9220343068       -0.1415476749
LA        -0.8213150944       -1.1834816385        2.1659936930
LA        -1.0089675338        2.3970222333       -0.0546336695
LA        -1.8038882600        0.7000209971        1.7385837635
LA        -1.8234145157       -0.8356628724       -1.6563643119
LA        -1.8897385632        1.0144927500       -1.4718724774
LA         0.5823097436        1.7075193738        1.8740352547
LA         2.0779460924        1.5326940133        0.3157610194
LA        -1.0187439933        1.6281195637       -1.7544524972
LA         2.1893412597       -0.9593174739        1.0262607115
LA        -0.9131256891       -1.3181790645       -2.0482482956
LA         2.1230169009        0.8908381739        1.2107529054
LA         0.7093654207       -2.4521972410        0.5002448917
LA         2.1835647048       -1.4136046582        0.0219646360
LA         0.5177128874        0.8136911815       -2.4159047980
LA         2.1074907366       -0.3302305509       -1.4886725141
LA        -0.8368414038       -2.4045505459       -0.5334314625
LA        -0.8878230018        0.6717924607        2.3509957949
LA         0.5570069273       -0.2824518348       -2.5252090436
LA        -1.7373802740       -1.1552532024        1.5535815937
LA         0.7151415524       -1.9979100999        1.5045410037
LA        -1.8799618969        1.7833953018        0.2279463871
LA         0.5372386781        2.3493752209        0.9790434189
LA         2.0681963224        0.7659123958       -1.3793683224
LA        -2.0903472100       -0.9629725740       -0.5853416752
LA        -0.4243998052        2.1297771169       -0.9609508273
LA         1.1398912926        2.0815729755        0.0848164278
LA        -0.2791148240       -1.9230512050       -1.3650863848
LA         1.2082129978       -0.8752097035       -1.8476258674
LA         1.2295702193        0.8044507484        1.8656118261
LA        -2.0804832736       -0.1872229267        1.1296144429
LA         1.2851767361       -1.9712552116       -0.3193196802
LA        -0.2577574805       -0.2433904108        2.3481512073
LA         1.2966702857       -1.0673447366        1.6789620997
LA        -2.1574468205        0.9088230453       -0.3986919171
LA         1.1300277136        1.3058228580       -1.6301395112
LA        -0.5605629843       -0.3325595413       -2.4499782292
LA        -0.4060463940       -1.9940326234        1.5120119857
LA        -0.4118489519       -2.4504047122        0.5031070365
LA        -0.6000374515        0.7686138748       -2.3401726580
LA         2.4225794911        0.6754708872       -0.3194787552
LA        -0.5809787160        2.2675642525        0.9735683209
LA         2.4678571303        0.0306695269        0.5796203903
LA        -1.4559702430        1.6511213285        1.2574451932
LA        -1.3263154612       -1.9656744505        0.8967892541
LA        -0.5357008636        1.6227630514        1.8726675500
LA        -1.4750291799        0.1521710193       -2.0562956974
LA         2.4620541654       -0.4257024505       -0.4292845545
LA         0.5949455322        1.7785875678       -0.8079549903
LA         0.7312975857       -0.1632124763        1.8996554020
LA         0.7138223547       -1.5375631632       -1.1386317306
LA        -2.0400656067       -0.0778119361        0.0469313478
LA         0.1650490496       -1.0691457512        1.6997943025
LA         0.0797842708       -0.9344559531       -1.7832669060
LA        -1.7423384655        0.7786701027        0.6461759825
LA         0.0101593836        2.0133276268        0.0776066407
LA         0.1534265811       -1.9832014493       -0.3209151953
LA         1.4975051165        1.2249316111       -0.5627031803
LA        -1.7517764929        0.0363981175       -0.9947705428
LA         0.1008447325        0.7218718113        1.8783890774
LA        -1.6781341990       -1.0123474966        0.4675812378
LA         0.0007215890        1.2710555348       -1.5633399571
LA         1.5881905126       -0.0665243162        1.2380791476
LA         1.5765678888       -0.9805797795       -0.7826303495
LA        -1.1776983237       -1.4344460700       -0.9694250560
LA        -1.2832603041        1.5102813927       -0.6757859558
LA         1.1776980800        1.4344459909        0.9694251279
LA        -1.1621803954       -0.2140285716        1.7285606782
LA         1.1621803687        0.2140284726       -1.7285606356
LA         1.2832604700       -1.5102812271        0.6757857593
LA        -0.8317964627       -0.4443322161       -1.3850465343
LA         0.1552143937       -1.5204541892        0.6868755905
LA         0.0518762209        1.3622276655        0.9743278239
LA        -0.7582083458       -1.4923067814        0.0762301644
LA        -0.8615464425        1.3903751319        0.3636823778
LA        -0.7524486310       -1.0393300208        1.0776292057
LA        -0.8709774102        0.6486488089       -1.2760578870
LA        -0.8166057557        0.7503709499        1.2560926876
LA         1.5323687849        0.1214345460       -0.6669103950
LA         0.0366855655        0.1675245415       -1.6668114593
LA         1.5773095446       -0.5185697022        0.2254998268
LA         1.5381285127        0.5744112545        0.3344886707
LA        -0.1944470464       -1.0322066788       -0.7304690087
LA         0.7105428450       -0.6057769934        0.8746475229
LA         0.6605265824       -0.4298667058       -1.0078513187
LA        -0.2723001814        1.1395602030       -0.5139070050
LA         0.6719711906        0.4702037312        0.9819410265
LA         0.6269150905        1.1118505260        0.0872405204
LA         0.6212450540        0.6659193440       -0.8985827644
LA        -0.1830024476       -0.1321361912        1.2593233403
LA        -1.1044395158       -0.5498477020       -0.3387125614
LA         0.7047682888       -1.0599162973       -0.1293215643
LA        -1.0987693746       -0.1039165457        0.6471107438
LA        -1.1430110399        0.5261330962       -0.2314190881
LA         0.6647788702        0.0253558827       -0.0152931335
LA        -0.2326073498        0.5010326446        0.3710362373
LA        -0.2383017852        0.0531846417       -0.6190246984
LA        -0.1938699199       -0.5795732963        0.2632814917
