          38
Energy of minimum      1=    -173.9284266     first found at step      499 after                71168 function calls
LA        -1.7024918080        0.1718778525        0.3644466612
LA        -1.3131807491        0.1387549476       -1.1476693608
LA        -1.1423452302        0.1106731417        1.3204698452
LA         1.7024917964       -0.1718777877       -0.3644464863
LA        -0.3618263723        0.0442658203       -1.7111292916
LA         1.5869850695        0.6215441389        0.3949719000
LA         0.9107689437        1.4800369768        0.2020672128
LA         1.4286877278       -0.9321771374        0.3882506246
LA         1.3131808865       -0.1387551908        1.1476689840
LA         0.3618267385       -0.0442660716        1.7111290504
LA         0.5934029083       -1.6349759883        0.1885922278
LA        -0.5934031937        1.6349757890       -0.1885922858
LA         1.1423452057       -0.1106728920       -1.3204694103
LA         0.4694079491        0.7436571334       -1.5124387597
LA         0.3111108716       -0.8100641611       -1.5191597357
LA        -0.9107688874       -1.4800368254       -0.2020673720
LA        -0.4694079539       -0.7436570532        1.5124387976
LA         0.0359724671       -1.5740678205       -0.7627951940
LA        -0.3111104272        0.8100641589        1.5191599367
LA        -0.3533384711       -1.5409450114        0.7493201135
LA        -1.4286877160        0.9321768338       -0.3882507848
LA        -1.5869849069       -0.6215440390       -0.3949719312
LA         0.3533381499        1.5409450355       -0.7493201465
LA        -0.0359724084        1.5740678165        0.7627950720
LA        -0.4771251876        0.8357425300       -0.9457343438
LA        -0.6350395436       -0.7142210116       -0.9524391780
LA        -0.8654945665        0.8687853382        0.5627244721
LA        -1.0234090281       -0.6811782446        0.5560195555
LA         0.4771250931       -0.8357426954        0.9457341013
LA         0.8654944566       -0.8687852358       -0.5627241660
LA         0.6350397250        0.7142210534        0.9524390557
LA         1.0234088395        0.6811784122       -0.5560193521
LA         0.1934193284       -0.0164561790       -0.7512568159
LA        -0.7473103319        0.0769775815       -0.1940894490
LA        -0.0786461446       -0.7719275395       -0.0033391983
LA         0.0786459566        0.7719276400        0.0033392248
LA         0.7473102561       -0.0769775735        0.1940894905
LA        -0.1934194430        0.0164562574        0.7512569361
