          98
Energy of minimum      1=    -543.6653608     first found at step     1031 after               209165 function calls
LA         1.7203045752        0.4679850127        1.8942698587
LA        -2.2644292656        0.7033312062       -1.0697673726
LA         2.0343963369       -1.1907135140        1.1000677504
LA         1.8522806316        0.1749037003       -1.8180155758
LA         2.1002931173       -1.3370518126       -0.7535106747
LA         1.5390557399        1.8290260365       -1.0260053396
LA        -2.3303260087        0.8496690756        0.7838113251
LA         0.4765612530        2.4415648233        0.7605037486
LA        -0.1840889885       -2.4861365040        0.7429352705
LA        -0.1450478041       -2.5728360479       -0.3552358410
LA         0.5426408325        2.2948217216       -1.0982031719
LA         1.4729761939        1.9757693005        0.8327020054
LA        -1.8705686936       -1.6977553728        0.6207372755
LA        -0.8259616126        1.4269053226       -2.0120746878
LA        -2.1837939816       -0.0436328007        1.4127478476
LA        -1.8315275688       -1.7844547951       -0.4774338003
LA        -0.6403887499        0.4469038778       -2.4813089000
LA        -2.0788562896       -0.2766701659       -1.5390018109
LA         1.2894512482       -1.8512575088       -1.2949428596
LA         1.1845134377       -1.6182199700        1.6568063585
LA        -0.8114058396        0.8266845507        2.3291475478
LA         0.8704215604        0.0404787815        2.4510084728
LA        -0.9579376047        1.7199864638        1.7002110638
LA         1.0414387955       -0.3393017770       -2.3594477799
LA         1.8889444231        1.4384807444       -0.0464122418
LA        -1.4782656751        1.4872219607       -1.1146273317
LA        -0.9364848380       -1.8156307412        1.2107736691
LA        -0.8588033478       -1.9881396542       -0.9742942739
LA         2.1391656137       -0.0869390474        1.0275721662
LA        -0.0936556962        2.3652896900       -0.1900670322
LA        -1.1090247998       -0.4627196839       -2.0482787344
LA         2.2058331277       -0.2349889595       -0.8476865609
LA         0.4481250244       -0.9375628658        2.1353338487
LA        -1.5449332521        1.6352715484        0.7606314913
LA        -1.2533736090       -0.1421611728        2.0120477278
LA         0.5924739257       -1.2581213684       -1.9249925120
LA         0.4651632408        0.6209648880       -2.4135543840
LA         0.2971237280        0.9941329812        2.3131442457
LA         0.2787388486        1.6054635276       -1.9421665586
LA        -2.3390814088       -0.7896196822       -0.5765577108
LA         0.9486555458       -2.3265426354       -0.3383368580
LA        -2.3783016711       -0.7025224073        0.5266529739
LA         0.9094352348       -2.2394452989        0.7648736282
LA         0.1499195929        1.8915343012        1.6813212552
LA         1.1509070853        1.4236009799        1.7538506336
LA        -2.5255061837        0.1948790147       -0.1051698925
LA         1.2797264024        1.1375301819       -1.8696374504
LA         1.7632185074       -1.8099770523        0.2055800963
LA         2.0096549249        0.3599465379        0.0430281512
LA        -1.0047897038        1.7691131972       -0.1753911607
LA        -0.5614877694       -0.9333841628        1.7273245743
LA        -0.4433770889       -1.1956752181       -1.5949616242
LA         0.0083716477       -0.2911111563       -1.9936895626
LA        -0.4288042938        1.8223762956        0.7447723644
LA        -0.1339722522        0.0249945316        2.0102339267
LA         1.6398383711        0.7435044137       -0.9042923442
LA        -0.3650136220        1.6807156728       -1.0495592038
LA         1.8792613335       -0.7160851251        0.1233439337
LA        -1.3802753270       -0.9896248834       -1.0840189328
LA        -1.4588285640       -0.8151799326        1.1255732496
LA         1.5760477093        0.8851651218        0.8900390812
LA        -1.7536605261        0.9822018322       -0.1398882920
LA         0.1692411178       -1.5762558324        1.2435387680
LA         0.2477943934       -1.7507008560       -0.9660531526
LA         0.8923159157        1.8905953709       -0.1175377716
LA        -0.8923156317       -1.8905955013        0.1175378059
LA        -1.2859661991        0.5092104388       -1.5720654641
LA         1.2859660362       -0.5092102207        1.5720652620
LA        -1.3908480618        0.7421236439        1.3781102322
LA         1.3908479909       -0.7421236444       -1.3781100069
LA        -0.1742753967        0.6927413901       -1.5157201917
LA        -1.4157920169       -0.8959838032        0.0204040937
LA         0.6342274989        1.2054637950       -0.9758498175
LA        -0.2769475811        0.9207472744        1.3722954079
LA         0.5704837800        1.3470203199        0.8171625927
LA         0.8192653146        0.2282895098       -1.4437306262
LA         0.7165930993        0.4562953773        1.4442848749
LA        -1.5619014573       -0.0052588404       -0.6067182050
LA        -1.6008299897        0.0811904551        0.4882850390
LA         1.0195835298       -1.1437778073        0.6781533177
LA         1.0585120759       -1.2302272247       -0.4168496940
LA         0.2110805718       -1.6565002818        0.1382829937
LA         1.1722737718       -0.1522259084       -0.4893326737
LA         1.1339507324       -0.0671211487        0.5886387275
LA         0.9901139037        0.8097493826       -0.0287292431
LA         0.2843444545       -0.4944881703        1.1451962307
LA        -0.4725545827       -1.0859069470       -0.4840904508
LA        -0.5115829682       -0.9992357158        0.6137230563
LA        -0.8402270551        0.8557505274        0.4455948339
LA         0.3616959014       -0.6662641592       -1.0305886365
LA        -0.8019040143        0.7706458649       -0.6323768051
LA        -0.0059765654        1.2753933424       -0.1009035341
LA        -0.6937428142       -0.0372603744        1.0743265765
LA        -0.6163913666       -0.2090363159       -1.1014584720
LA         0.3274222659       -0.5764858668        0.0571531375
LA         0.1829672494        0.3041540123       -0.5628686872
LA         0.1444794701        0.3896245679        0.5197366356
LA        -0.6548693455       -0.1172926314       -0.0140212199
