          38
Energy of minimum      1=    -173.9284266     first found at step      184 after                22501 function calls
LA         1.2662482315        1.1718976334        0.2900219241
LA         0.5505888385       -1.4286195469       -0.8466052937
LA        -1.6024470670        0.7004175931       -0.0492016833
LA         0.8425926778        0.2880539491        1.5059560225
LA        -0.5174698871       -1.2609419837       -1.0968555290
LA        -0.9616382599       -0.3550294959        1.4177610654
LA         0.1122640300       -1.4169616263        1.0200278590
LA        -1.5913717942       -0.1990104171       -0.6991224697
LA        -0.5505875198        1.4286195264        0.8466054596
LA         1.6024472068       -0.7004163737        0.0492022703
LA        -0.1122643136        1.4169610728       -1.0200285202
LA         0.9616375855        0.3550294402       -1.4177613863
LA         0.9506156252        1.2500964257       -0.7709923806
LA        -1.2883449627        0.6225979516        1.0066677832
LA         0.8646910227       -1.5064391536        0.2092641960
LA         0.1012412202       -0.5218954749        1.6667979415
LA        -0.8425935701       -0.2880551706       -1.5059550475
LA        -0.8646902406        1.5064395908       -0.2092640045
LA         1.2883453928       -0.6225973756       -1.0066675730
LA        -1.2662479069       -1.1718971133       -0.2900227088
LA        -0.1012423680        0.5218942966       -1.6667980588
LA         1.5913709683        0.1990113423        0.6991232793
LA         0.5174709933        1.2609410286        1.0968555180
LA        -0.9506157986       -1.2500962722        0.7709915666
LA        -0.8489945009        0.6073134763       -0.8549304845
LA         0.2223101096       -0.4520498355       -1.2517014668
LA         0.2003203715        1.3337543705        0.0387094305
LA         1.2716243992        0.2743915834       -0.3580613247
LA        -0.2003198224       -1.3337543935       -0.0387098178
LA        -1.2716245402       -0.2743910052        0.3580612853
LA         0.8489940750       -0.6073135034        0.8549307555
LA        -0.2223101376        0.4520493706        1.2517016187
LA         0.2104822495        0.4391149817       -0.6041058689
LA         0.5335413333       -0.5275940736       -0.1976036769
LA        -0.5225895714       -0.3617890541       -0.4450592752
LA        -0.5335412321        0.5275942574        0.1976036245
LA         0.5225895891        0.3617890451        0.4450592471
LA        -0.2104824269       -0.4391150668        0.6041057231
