          98
Energy of minimum      1=    -543.6653608     first found at step      290 after                60517 function calls
LA         1.3580527202        2.1253993604       -0.6364645098
LA        -1.5037186385        0.2571413178        2.1069943551
LA         2.1139033008        1.2676665294        0.8313551855
LA         2.3535171072       -0.6531518823       -0.8950230745
LA        -1.1299322593       -1.2129587795       -2.0046696413
LA        -0.8786071794       -1.4876755673        1.9446304602
LA        -1.7567726656        0.5366851206       -1.8418564318
LA         0.0737289464       -2.5788641137        0.3327761114
LA         2.4842566491        0.2339325111        0.7351608354
LA        -1.5485762686        1.9493304919        0.7541474174
LA        -2.2616602174        1.1172468997        0.6351131916
LA         0.2048302045       -1.6893258101        1.9674702679
LA         0.6987774422       -1.5533202457       -1.9661183668
LA         1.9057061699       -0.1449793927       -1.7646476521
LA        -2.3923991340        0.2301630303       -0.9950717885
LA        -0.7906345697        1.0892248502        2.2260283801
LA        -1.0097083496       -2.3772136480        0.3099361886
LA         1.2805951940        1.5998376443       -1.6022833796
LA        -0.5531738794        1.9411404798       -1.6409409491
LA         1.1465882817       -2.0614927168       -1.0964935730
LA        -0.4757164898        2.4667020731       -0.6751219048
LA        -1.7655586694       -1.5194806817       -1.1578848899
LA         1.4084291579       -0.2848702489        2.1683843861
LA         1.0380756903        0.7488637601        2.2645786509
LA        -2.0687470381        0.1548281135        1.1557712513
LA        -0.9362879236       -0.1327343157       -2.1783569330
LA         0.4355085217        2.3338756823       -0.0533692125
LA        -1.4363242103       -1.6103965575        0.9915083229
LA         0.7194276333       -2.0116271357        1.0369534313
LA         1.8048354481       -1.4882043796       -0.4090333758
LA         0.9138109877       -0.4770766734       -2.1393547697
LA        -0.6498997082        1.8104528721        1.3926172985
LA         1.2001997006        1.4661107374        1.4316184526
LA         1.9371042384       -0.5907445589        1.2402174930
LA         0.2813886262        1.2881479788       -1.9750915362
LA        -2.2010152609       -0.7426313722       -0.4934807167
LA         0.0144965555        0.3620857176        2.5091637799
LA        -0.9574372197       -2.2079417673       -0.7971989857
LA         2.0339734918        0.8455008379       -1.2551093924
LA         0.3865495938       -0.6763921506        2.4125281489
LA        -1.4630857548        2.0388332089       -0.3602195668
LA        -2.1794420110        1.2029311023       -0.4798002136
LA         0.1309719695       -2.4105177386       -0.7742541383
LA        -1.5408986523        1.5108598453       -1.3304708912
LA        -0.3188939459       -1.9000132967       -1.6478698122
LA         2.4838395334        0.3349964306       -0.3814941830
LA        -0.7018598056       -0.4738164112        2.3895835509
LA         2.1117866672        1.3734743873       -0.2848584088
LA         0.0834660023        0.2186774939       -2.0286297632
LA         1.4382241663       -1.3186913160        0.6022371574
LA         0.3177978492        1.8086540298        0.8932526280
LA        -1.8394884326       -0.7086403682        0.5331400966
LA         0.1662826302        1.0847975416        1.6897272411
LA         0.9114578313       -0.9951427563        1.4961782011
LA        -1.3950496187       -1.4481385530       -0.1278544479
LA        -0.7212577175        0.8576495475       -1.6744665432
LA        -0.5654080884        1.9151137941        0.2688243091
LA         0.7848971959       -1.8538723227       -0.0818990293
LA        -2.0001798471        0.2409072555        0.0293196896
LA        -0.1161276386       -0.8313963363       -1.8316408122
LA        -1.2684891275       -0.5894091202        1.4502232357
LA         1.0489995408        0.5281673850       -1.6371477914
LA         1.9500244480       -0.4943085181        0.1125935349
LA         1.2048494449        1.5856317170        0.3061426809
LA        -1.3512543564        0.9768074925        1.2666306081
LA        -0.3563205033       -1.8002615801        1.0082103985
LA         1.3512541335       -0.9768076543       -1.2666304280
LA         0.3563207046        1.8002616330       -1.0082098630
LA        -1.5593399969       -0.4350847291       -1.3279887841
LA         1.5593403852        0.4350849795        1.3279879629
LA         0.5337273293        0.0434700079        1.5877391179
LA        -0.6439446782        1.3798823194       -0.6992353492
LA        -0.3037672078       -1.6443114845       -0.1078686162
LA         0.3300255431       -1.3386738770       -0.9522108231
LA        -1.2777375213        1.0742445228        0.1451067310
LA        -0.7502863763       -1.1376050522       -0.9749849031
LA        -0.5465847578        0.2445386697        1.5649653006
LA        -1.3549716447        0.5501990168       -0.8179262511
LA        -0.1772996991       -0.7862133435        1.4690486302
LA         1.4942962373        0.0198903503       -0.7578610417
LA         1.1250113078        1.0506424866       -0.6619442465
LA         1.5715306133        0.5439360536        0.2051716966
LA         0.2352095670        1.2554518233       -0.0732265181
LA         0.9689833467       -0.7926652771       -0.2638142909
LA         0.5213182379       -0.2846584423       -1.1331556841
LA         0.6747837194        0.7566267241        0.7804023356
LA         1.0450164270       -0.2767705616        0.6842394279
LA         0.1577771707        0.7300613453       -1.0387308104
LA        -0.5421905405       -0.0867170627       -1.1555755106
LA         0.3450486802       -1.0935490217        0.5673950557
LA        -0.3887251931        0.9545680112        0.7579827426
LA        -1.1015770883        0.1227553905        0.6389874803
LA        -0.7380359191       -0.8919643386        0.5445626935
LA        -1.1776100068       -0.3931392081       -0.3090664640
LA        -0.1035583121       -0.5893708643       -0.2910765974
LA        -0.4686621213        0.4297107098       -0.1962458846
LA        -0.0271984657       -0.0712586137        0.6610524782
LA         0.5994183668        0.2309185626       -0.1737298433
