          98
Energy of minimum      1=    -543.6653608     first found at step      493 after                88205 function calls
LA        -0.4112912429       -1.5530680192       -2.0458583160
LA         1.4314962459       -1.6020704482        1.4665962835
LA         2.4829545267       -0.2538455610        0.7329496275
LA        -0.5319569507        2.2984520583        1.0958354225
LA         0.2116555943       -0.7542988183       -2.4805144994
LA        -1.5863239405        0.9464974615        1.8315114764
LA         2.0191509252        1.6208984838       -0.2498686018
LA        -2.0132826243       -1.1275919561       -1.2008103904
LA        -0.3829972513        2.4607186943       -0.7515930850
LA        -0.7096213237       -1.8780503191        1.6541104096
LA        -0.3388773877        1.0194023275       -2.3691131345
LA        -2.4888226572       -0.2394610018        0.7177295322
LA        -0.1749270765       -1.1754174325        2.3139816396
LA         0.5661185284        2.2086413956       -1.2522496825
LA        -2.1626538058       -1.2903076029        0.6517292219
LA         1.6687075690       -1.3436675055       -1.4753603516
LA         1.9308983278        1.5247621969        0.8446588037
LA         1.0457607665       -2.1424366397       -1.0407041543
LA        -0.7254608327        0.5982836699        2.4253823129
LA         0.3289063025        1.9502384198        1.6897061273
LA         2.5712069308       -0.1577093003       -0.3615778001
LA         0.8968019173       -2.3047032127        0.8067249896
LA        -1.2879929250        1.2714797472       -1.8684562052
LA        -2.3394512996       -0.0767453417       -1.1348096575
LA        -1.4164286239        1.6364723469        0.9773333656
LA         0.8534328108       -0.8508271722        2.0462742201
LA        -0.0597654475       -2.0847147902       -1.1357310126
LA         1.1797328930       -0.4953768101       -2.0005810838
LA         1.9171892430        0.5131669286        1.3040466526
LA        -1.2657267600        1.8006369498       -0.8917030632
LA        -2.3294832379        0.4366427301       -0.1494756203
LA        -1.6804941254       -1.6542622335       -0.2807992118
LA         0.6227607025        1.2990699678       -1.8878767317
LA         2.0927881501        0.7044526526       -0.8737715240
LA        -0.2104665881       -2.2488793673        0.7333060811
LA         0.2964599662        0.9436195850        2.1589779168
LA         1.5532678928       -2.0029999317       -0.0506902476
LA         2.1790734999       -1.2005651346       -0.4873411533
LA         1.0142006977        2.1701947842        0.8299828846
LA        -1.0412533307       -0.4653964970        2.2641593565
LA        -1.5784013853       -1.1712538930        1.6012599349
LA         1.1028583369        2.2667723390       -0.2695674429
LA        -1.6148726422        0.2016241616       -1.9439013918
LA        -0.6614015029       -0.0516100888       -2.4468560125
LA        -1.2872071819       -0.8540450004       -2.0102051263
LA         2.0904161744       -1.2971426765        0.6122093339
LA        -1.9060671042       -0.1155847232        1.6675631018
LA         0.1493868156        2.5200064512        0.2333867652
LA        -1.6156167671        1.2487928740       -0.0205820446
LA        -0.6288613426       -1.9303231178       -0.2202529759
LA         1.2557336169        0.4861854165       -1.5352140324
LA         0.9887443747        0.1953449193        1.7760490526
LA         0.4543331951       -1.9582826706       -0.1353701901
LA         1.7077430592       -0.3511067609       -1.0099269447
LA        -1.6085276308        0.7250458550       -0.9729137548
LA         1.5301734613       -0.5445394663        1.1923340758
LA         0.9972372318        1.1724673171        1.3001742718
LA        -1.0964524860       -1.5464064948        0.6826665945
LA        -0.0206124673       -0.1326631947        2.0103707134
LA        -1.7527256530        0.5679657377        0.8154638832
LA        -0.7348759490        1.8730962931        0.1052674885
LA         1.1748071012        1.3659000145       -0.9020865681
LA         0.3011551546        0.2178495475       -1.9802681321
LA        -0.9522547290       -1.3893263996       -1.1057114329
LA         0.5566595939       -1.2823880011       -1.5588474038
LA         0.3195747939       -1.5406532559        1.3815402720
LA         1.9930869807        0.6051958342        0.2138604968
LA        -0.5566601368        1.2823880293        1.5588468526
LA        -0.3195745827        1.5406532947       -1.3815399019
LA        -1.9930867412       -0.6051958297       -0.2138603166
LA         1.0785488431       -1.1499421077       -0.5674823095
LA         0.9905511263       -1.2458012110        0.5238878635
LA         1.6117009641       -0.4493362474        0.0904855080
LA        -0.6522327829        0.4664111931       -1.4712998033
LA         0.1327787479        1.5177585236        0.6974589532
LA        -1.2733826644       -0.3300538434       -1.0378974796
LA        -0.8843226427        0.2135875066        1.4071332461
LA        -1.4174745498       -0.4870184644        0.7491655795
LA         0.2207767377        1.6136176345       -0.3939110595
LA         1.0791567001        1.2664082503        0.1982465081
LA        -0.5590945853       -0.8342278159        1.3413231962
LA        -0.3270049614       -0.5814041391       -1.5371101906
LA        -0.9360589373       -0.8589883845       -0.1509231398
LA         0.2981735790        0.7235975168       -1.0120989688
LA         0.1233206764        0.5331242775        1.1564669011
LA        -0.7372622734        0.8812247514        0.5627896069
LA        -0.6506330708        0.9755928919       -0.5116052294
LA        -1.2621215833        0.1915160767       -0.0849440497
LA        -0.0044011746       -1.1064292046       -0.6423710685
LA         0.6183428487       -0.3079200892       -1.0768857314
LA         0.4434901162       -0.4983933295        1.0916804166
LA         1.0549786469        0.2856834938        0.6650191813
LA         1.1432023577        0.3817885758       -0.4291518950
LA        -0.0910301883       -1.2007973446        0.4320239937
LA        -0.3221937144       -0.0636554235       -0.5787460802
LA        -0.4091951993       -0.1584292223        0.5002672279
LA         0.2049218472        0.6290180020        0.0717719908
LA         0.5264674899       -0.4069336822        0.0067068693
