          98
Energy of minimum      1=    -543.6653608     first found at step      279 after                53854 function calls
LA         0.8338391166       -0.7816521211        2.3367602325
LA         0.2392068500       -1.7698796988       -1.8913015352
LA        -1.6353766663        1.9940604906        0.3405623138
LA         2.3127650392        0.2764070078        1.1582026058
LA        -0.6604321496        2.4475410264        0.5831721187
LA        -1.6912824035       -0.9048052356        1.7571591507
LA        -1.2453380142       -0.6858132987       -2.1784190867
LA        -1.9012656447        1.1910573954       -1.3165439187
LA        -1.0838497870        1.1687903199       -2.0557029248
LA        -2.0627537640       -0.6635462057       -1.4392598567
LA         2.2173544328       -0.8193396285        1.0856974999
LA         2.0503895079        0.8471444832       -1.3582949373
LA         1.9514642572       -1.6223423383       -0.5714086758
LA         0.9292493007        0.3140944672        2.4092648251
LA        -1.0783734668       -2.3522958294        0.2655751041
LA        -0.8117487737       -1.5470711367        1.9272653690
LA         0.7192668527        2.4099570150       -0.6644372957
LA         2.2079187264        1.3228908676       -0.3765257208
LA        -1.5302399692        0.9446814953        1.8795364487
LA         0.3013241043       -2.3898795509       -0.9820367616
LA        -0.5552955449        1.3981620313        2.1221462811
LA         1.8893469015       -1.0023422946       -1.4806733000
LA        -1.9579069573       -1.7100299445        0.0954688434
LA         0.5617377724        1.9342105617       -1.6462066628
LA         1.3901720881        1.9238374080        0.0759165752
LA         0.9138051910       -0.8938908894       -2.0013521637
LA        -0.5881034374        0.2028552275       -2.2918282390
LA         1.3064021740       -1.3151299864        1.4843308008
LA        -2.2145429934        0.2471604397       -0.8210983910
LA        -1.9455438917        1.0595555944        0.8553896825
LA        -0.3584327747       -2.0895018142        1.0700466488
LA         1.4962444380        0.8651134371        1.6285952933
LA        -0.0056642340        1.9618608321        1.3381187896
LA        -2.1084701985       -0.8115633457        0.7315809336
LA         1.0374023160       -2.1275250786       -0.1921574612
LA         1.0767313404        0.9772282309       -1.8775427124
LA        -0.1847156281        0.4079419160        2.4953323186
LA        -0.5479275749        1.9757405505       -1.4911218396
LA        -1.6839103932       -1.6173786020       -0.9878017463
LA         2.4165531282       -0.7663040862       -0.0164096232
LA        -0.8003409570       -2.2625923601       -0.8169148169
LA         2.3541503468       -0.1434585050       -0.9298466257
LA        -1.1641340794       -0.0476198093        2.2516091375
LA        -1.3690944613        1.9981096545       -0.7485704682
LA         2.5124021128        0.3344710395        0.0564283186
LA        -0.3896756182        2.4536711201       -0.5048474462
LA        -0.2805638675       -0.6928332074        2.4224956348
LA        -0.8627430968       -1.6397477637       -1.7303528195
LA         0.6400302134       -1.7834180237        0.7615158454
LA         0.4521066280        0.0922608460       -1.9892743525
LA        -2.0208134656        0.1596237910        0.2468965145
LA         0.9286766787        1.5315333645        0.9808619959
LA         0.3734677867        0.9687660087        1.7267392516
LA        -0.0449854932        1.0245660454       -1.7343168854
LA         1.3921077037       -0.0248497953       -1.4563764825
LA        -1.8455747647       -0.7210022537       -0.3655462846
LA        -0.0758960588       -2.0132838163       -0.0232824089
LA        -1.5881843406        0.0563337734        1.2385922900
LA         1.5170923272       -1.2723301031        0.3731236761
LA         0.2719724498        1.9818001045        0.2410668035
LA         1.7090658622        0.9323837436        0.5190071921
LA         0.1814945446       -1.2359477570        1.5808563229
LA        -0.2008805855       -0.7658041062       -1.8527830098
LA        -1.6896795375        1.0693680078       -0.2470804599
LA         1.3930050571       -0.2236726135        1.5472237606
LA        -1.3930047887        0.2236721340       -1.5472239187
LA         0.9698124501       -1.5017403971       -1.0902444287
LA        -0.9698128508        1.5017406369        1.0902437481
LA         1.2261299205        1.4419223537       -0.8954657879
LA        -1.2261296025       -1.4419220604        0.8954666028
LA         0.1096776640        1.4976888004       -0.7433504343
LA        -0.6039595962        0.5076017109        1.4782569523
LA         1.4505784358       -0.6435417407       -0.5379094465
LA        -0.9562967697       -1.3617485869       -0.1969972022
LA        -1.0182349353       -0.7435376185       -1.1036393900
LA        -0.8624545391        1.0455163888       -0.9852603635
LA         0.2730368257       -0.1328117696        1.6478720548
LA         1.6076528677       -0.1691674322        0.4410276298
LA         1.5457145138        0.4490440874       -0.4656141589
LA        -0.6990954147       -0.5849840508        1.4059622896
LA        -0.1412388405       -1.3839510825       -0.9340242371
LA        -0.7053802084        1.5198912666       -0.0063234775
LA         0.5658531405       -1.1380354701       -0.1467321980
LA         0.7204843389       -0.6710393737        0.8169782704
LA        -0.0474909885        1.0548029933        0.7224820325
LA        -1.1157743305       -0.4741213589        0.4087808679
LA        -1.1767491760        0.1344739694       -0.4837593824
LA        -0.3595994945        0.1122147022       -1.2226778864
LA         0.8158644783        0.4243504102        0.8894587918
LA        -1.0221179941        0.6014703602        0.4799510311
LA         0.5037558257       -0.5182377555       -1.0557010147
LA        -0.2365273122       -1.1161784810        0.5788311793
LA         0.5974121462        0.5573540123       -0.9845305865
LA         0.7548895112        1.0329461179       -0.0030811832
LA        -0.1473241714       -0.0300642441        0.6482280099
LA         0.6585054283       -0.0520151865       -0.0804541854
LA        -0.3026200217       -0.4990678469       -0.3196250520
LA        -0.2085611671        0.5811474143       -0.2481487926
