          98
Energy of minimum      1=    -543.6653608     first found at step    11932 after              1685017 function calls
LA        -2.1128283125        0.0010160365        1.5174561688
LA        -1.5169538185       -1.8146743850       -1.0828312387
LA         1.9044307706        1.5904492278        0.7812369232
LA         1.9979898498       -0.9311907443        1.3811723538
LA        -0.9233926049       -2.2350637691        0.9584105791
LA        -0.4915215865        0.0594270770       -2.5537407668
LA         0.3407727771        2.5436513596        0.4247679084
LA         0.5359153390        2.4592892238       -0.6568157472
LA        -1.2823616687        1.9637128477        1.1252090567
LA         2.3651600765       -0.1668167212       -1.0700025129
LA        -1.3463285103        0.4289679402        2.1840565071
LA         1.0300301874       -1.7979115268       -1.5726626207
LA        -1.7194849322        1.3933673400       -1.3669729208
LA         1.0678228459       -0.8911451496       -2.1982561640
LA         2.3273667913       -1.0735830057       -0.4444089119
LA         0.2130161598       -0.5216043317        2.5395409042
LA        -1.4531632360       -0.2841643688       -2.1387575842
LA        -1.8472414005       -1.6718875148        0.7478007554
LA         1.8406410145        0.0599376488        1.8371621312
LA         0.3703649950       -1.5127327151        2.0835511354
LA        -0.5931045031       -2.3778502179       -0.8722218216
LA         2.0995737459        1.5060867156       -0.3003466185
LA        -2.0488612401        1.5357606220        0.4586086638
LA        -0.7578428834        1.7369579614       -1.7819559861
LA         0.8926542827        1.8874585618        1.1314420076
LA        -2.0059018861       -1.2432442121       -0.2649389597
LA        -0.1676887800       -2.3638146094        0.1541188074
LA         1.2809363921        1.7196004042       -1.0206211416
LA         1.4744305972       -1.7770932121       -0.5545147671
LA        -0.7494646794        1.3007368297        1.8400755048
LA        -2.2745948252        0.4492260447        0.5137183598
LA         1.1412010547       -1.6330353777        1.2924194860
LA        -1.9413655053        0.3051671508       -1.3332159907
LA         1.5496289067        0.0271304918       -1.7992788361
LA         0.8281184566        0.3390462046        2.1997178964
LA        -0.0279540321        0.9888210757       -2.1589217610
LA        -0.5606811281        2.3229521177       -0.8466106933
LA        -0.0794624469       -1.8582674288       -1.7227152106
LA        -1.5267365172        1.9777850158       -0.4297231848
LA         2.4876192720        0.4647155063       -0.1516869079
LA        -0.8814197326       -0.5842332112        2.3041246295
LA         2.2915812218        0.5494651412        0.9348601616
LA        -1.6514370442       -1.0141489327        1.6344651283
LA        -0.7233486686       -1.5799098712        1.8460417295
LA        -1.0075515290       -1.2925077344       -1.9342914981
LA         2.4496524871       -0.4462118699        0.4767778556
LA        -0.7567191631        2.4077012814        0.2399363690
LA        -0.0414967004       -0.9473396207       -2.3511794191
LA         0.9034860521        0.8818681682       -1.6050375907
LA        -2.0057603221       -0.1575922569       -0.3495930830
LA         0.3131234351        1.1370873335        1.6670664870
LA         0.7891507737       -1.8613634305        0.2875642860
LA        -1.7602068671        0.9004905328       -0.3878187666
LA         0.1746801085        1.5918167220       -1.2227920319
LA         1.6081395117       -1.1528452771        0.3800656062
LA        -0.2797104776        0.2799687234        1.9755995475
LA        -0.2179592817        1.7615587022        0.9534250248
LA         0.4317774343       -0.0276138985       -1.9678465773
LA         0.0368866327       -1.7142463379        1.0581177971
LA         1.2915425014        0.8413697482        1.2975473622
LA         0.3557353577       -1.8520872915       -0.7091114169
LA        -1.5031091070       -0.7189406020       -1.1328729368
LA        -1.8219576994       -0.5810988189        0.6343560720
LA         1.6841820041        0.6716280192       -0.8786695238
LA         1.0803440704        1.7928236819        0.0550814166
LA        -1.0803439342       -1.7928235314       -0.0550813673
LA         1.5030542824       -0.8697873194       -1.1699106792
LA        -1.5030542119        0.8697875233        1.1699107805
LA        -0.9788148646        0.6431534889       -1.7357040960
LA         0.9788146608       -0.6431539233        1.7357038249
LA        -0.9837804069        1.3273984214        0.2790337984
LA        -0.8885907378       -1.1413713258        0.8457823828
LA        -0.0249122934        1.6699974896       -0.1347522317
LA        -0.7892009695        1.2432796705       -0.7994297627
LA        -0.1243023556       -0.7146537460        1.5104599058
LA         1.6403751169       -0.2377839696       -0.2455573696
LA         0.3888916178       -0.9365119496       -1.3339336515
LA         1.4834797325        0.7504852914        0.2091173224
LA        -0.5699764285       -1.2791113533       -0.9201474735
LA         1.4457955992       -0.1536654002        0.8329062309
LA        -0.5322924803       -0.3749607335       -1.5439364108
LA        -1.0454862239       -0.1531020051        1.3004571475
LA        -1.0204331248        0.1829287943       -0.7497322245
LA         0.8099708512       -0.9328810180       -0.3324538218
LA        -0.1339830400       -1.2701512919        0.0748962476
LA        -0.4457362342        0.6935520457        0.9783403777
LA        -0.0591043044        0.5264072244       -1.1645802404
LA        -1.2119862371        0.2657392087        0.3119570640
LA         0.6932966016        0.9464877449       -0.5102409373
LA         0.8477515912       -0.0264098596       -0.9578435973
LA         0.4982176651        1.0308222998        0.5709904206
LA         0.6184176549       -0.8500709140        0.7292354124
LA        -1.0575310783       -0.7071585719       -0.1356455357
LA         0.4611195601        0.1407347209        1.1850769615
LA        -0.2571538911        0.6065466928       -0.0937062462
LA        -0.2944114253       -0.2873668288        0.5230201314
LA        -0.1020348515       -0.3705330382       -0.5432328871
LA         0.6536001441        0.0513531492        0.1139190924
          98
Energy of minimum      2=    -543.4923253     first found at step    10238 after              1437317 function calls
LA        -0.0318874363        2.4520974939        1.1565288816
LA         1.5260747640        1.0374899589        1.9670282235
LA         1.4213370850        0.1352485137       -2.5432329872
LA        -2.1166372597       -1.6493067483        1.1428730629
LA         0.4901039244       -2.5220937813       -0.7506136613
LA         0.0684097805        1.8362609675       -2.0405310369
LA        -2.5988592678        0.4908900467        0.7384146806
LA        -2.4946978410        0.9029851632       -0.3008848043
LA        -1.0196419242        1.6470035940       -1.8376995963
LA        -0.0824623185       -1.7939774048        2.0472654582
LA         2.5845859249       -0.4487169992       -0.7314495813
LA         2.2709623226       -1.3398831708       -0.1253615371
LA         0.7959192665       -2.0838955410        1.4114403766
LA         1.7242666123        1.8369636314       -0.1556322354
LA        -0.6800823774        0.6242095410        2.3493834703
LA         1.1093304815        1.7930217088       -1.6130356402
LA        -2.0483136544        0.2003049104        1.6768164016
LA         2.3821795625        0.6370627176       -0.9507243709
LA        -0.7752437618       -0.9555429253        2.3388973468
LA        -1.7929825618       -0.8738903922        1.8745420021
LA         1.7856156134        0.9311558198       -1.8538888393
LA        -2.1555559366        0.2361706539       -1.1289411572
LA        -1.4202946895        0.6070364035       -1.8949868300
LA        -1.7708895834        1.2853327585       -1.0774554678
LA        -1.9232425137       -0.8389363594       -0.9230406573
LA        -0.7396805621       -0.2419477315       -2.1561571492
LA        -1.0505441291       -1.1305767721       -1.5556724666
LA         1.5451504838       -1.7260814614        0.6474076988
LA         0.7523883961        1.7568852501        1.5727145964
LA         0.7462008027        0.9864216185       -2.2938022021
LA        -2.3595530995       -0.5801213213        0.9419869254
LA        -1.1009301445       -1.7228904215        1.5965782658
LA         2.0046430124       -0.1564380943       -1.6390223369
LA         0.8541355230        2.1654599362        0.5072039783
LA        -0.3578380281        1.5541404010        1.7699207570
LA         1.6403197655        1.4515967792        0.9162119997
LA         0.4283644544        0.8402863256        2.1789101949
LA         1.3812583646       -1.9327938151       -0.4374991861
LA         0.6443301897       -2.3045005493        0.3302835005
LA        -0.1907709286        2.2261157914        0.0614194922
LA        -0.9327576963        1.8518576366        0.8344720787
LA         1.1249524254       -0.0164381705        1.9048597063
LA         1.8668207176        0.3577604646        1.1319301805
LA        -2.0232702716       -1.2461778175        0.1094469735
LA         0.3408130907       -0.0537336329       -2.3536185089
LA        -1.2499113404       -1.9484371893        0.5122272895
LA         1.1146038357       -0.7557748599       -1.9512880401
LA         0.8046379739       -1.6411161819       -1.3538943094
LA        -0.3812524483       -2.2392797755       -0.1183517182
LA        -0.2808002562       -1.8288453050       -1.1549151205
LA        -1.8024855527        1.2184105766        0.5011481120
LA        -0.3408481442        1.9556604831       -1.0216862357
LA         2.1635189955       -0.3180927988        0.2812658545
LA         0.7018983019       -1.0553347776        1.8040829449
LA        -2.2708853548       -0.1747630033       -0.0947614661
LA        -0.3389254504        0.7997178500       -2.1076107517
LA        -0.2305633819       -2.0272033290        0.9662607389
LA         1.7009654275       -1.0529393066       -1.0461395092
LA         0.6908588753        1.9161535037       -0.5919591428
LA        -1.2529003864        0.9357210792        1.4331825953
LA         1.9626756678        0.7613491089        0.0697563488
LA         0.0189914122       -0.2190457177        2.0948203657
LA         0.0324463537       -0.9488402753       -1.7648323841
LA        -1.1578343871       -1.5492181600       -0.5247156059
LA        -1.0873638733        1.6030707766       -0.2675720955
LA         1.4495111984       -0.7006414366        1.0520589166
LA         0.1910631953        0.4743097388        0.4130128110
LA        -1.0071871503       -0.1513249661        1.6249272226
LA         1.3659604896        1.0456916829       -0.8475817184
LA        -1.1267731433       -0.1203375394       -1.1397510575
LA         0.0807233485        1.4461194628        0.7775895806
LA         0.8473963486        0.7499806035        1.1764312239
LA         0.9975982355        0.2510983648       -1.5263652868
LA        -1.3225970917       -0.9192089233        0.8909744404
LA         0.9429567610        1.1479245645        0.1435655705
LA        -0.2300744608        0.5562474534        1.3657099690
LA         0.3870606061       -1.4930696269       -0.3513343107
LA         0.3317025195        1.0974307785       -1.2812217520
LA        -1.5659014420        0.1402788382        0.6958331824
LA         1.5790846563       -0.0354082791       -0.6322229751
LA        -0.3183537606       -0.9924770132        1.3446592669
LA        -0.7377586698        0.9117324272       -1.0849323649
LA        -1.4663991711        0.5442060699       -0.3257845475
LA         1.2720243925       -0.9131658410       -0.0392151811
LA         0.5435520130       -1.2806075471        0.7197576601
LA        -0.7868972643        0.8472677448        0.4581387230
LA        -0.0716083565        1.2080595766       -0.2870984219
LA         0.4476763110       -0.2736253154        1.1003801078
LA         1.1629106692        0.0871390686        0.3551997173
LA        -1.2358279156       -0.5262463294       -0.1267813222
LA        -0.0655463476        0.0640439483       -1.3460614812
LA        -0.5560843824       -0.2115203941        0.6525050705
LA         0.5914809469        0.3673119965       -0.5431076989
LA         0.6977060375       -0.6289249160       -0.9488039781
LA        -0.4724287364       -1.2191413715        0.2703232839
LA        -0.3732534426       -0.8157376266       -0.7531769236
LA        -0.4601219178        0.1829566176       -0.3530564811
LA         0.2895526783       -0.4973694857        0.0371248838
          98
Energy of minimum      3=    -542.8362915     first found at step    10382 after              1455619 function calls
LA        -1.4550568967       -0.1089288461        2.5818448594
LA        -0.0519422334        2.4687588392        1.1417094916
LA         1.4668536834        0.1640408161       -2.5401069693
LA        -2.0693338814       -1.6700474391        1.1207351620
LA         0.5651492113       -2.5034339576       -0.7482035783
LA        -1.0021524178        1.6393270455       -1.8541688565
LA         2.6271095801       -0.3988971448       -0.7195762961
LA         0.0845634634        1.8453169307       -2.0487913618
LA        -2.4743487622        0.8754662199       -0.3235151085
LA         2.3231933071       -1.2943472309       -0.1133201652
LA        -0.0434751940       -1.7788388044        2.0452577539
LA        -2.5792681749        0.4627233887        0.7168154742
LA         0.8461021094       -2.0562600327        1.4161451560
LA         1.7267148897        1.8772153867       -0.1607752140
LA         2.4096026251        0.6832515781       -0.9441265345
LA         1.1236136172        1.8188051624       -1.6158359320
LA         0.7410608892        1.7913419486        1.5673717029
LA         1.8145169857        0.9668313965       -1.8509776095
LA         1.6454375695        1.4974415471        0.9095866509
LA        -0.6750842624        0.6364026179        2.3352040216
LA         0.4225328193        0.8633737456        2.1787014931
LA        -1.3857583917        0.5935169768       -1.9114682411
LA        -2.1194994527        0.2134151425       -1.1491306535
LA         1.8885889809        0.3983805942        1.1364887605
LA         1.1383446306        0.0118350371        1.9112437075
LA        -1.7520203600        1.2678343406       -1.0971350678
LA        -0.7541504541       -0.9505884694        2.3270907943
LA        -2.0300963239        0.1782778105        1.6587539595
LA        -0.6898766395       -0.2448194055       -2.1663573721
LA        -1.8724297257       -0.8573101110       -0.9418912465
LA         1.5967901242       -1.6897043240        0.6558240554
LA        -0.9904936209       -1.1365565813       -1.5664881791
LA        -1.7630484742       -0.8901153918        1.8509660336
LA         0.8450355052        2.1949981981        0.4975655574
LA        -0.3685098527        1.5663965235        1.7563184541
LA         0.7770332709        1.0053917249       -2.2964073644
LA         2.0485107324       -0.1172748363       -1.6314742295
LA        -2.3258156265       -0.6039769791        0.9199098905
LA        -1.0570396267       -1.7253828537        1.5842410571
LA         1.4446952370       -1.9005128500       -0.4298992633
LA         0.7073848103       -2.2812979145        0.3337425618
LA        -0.1977629210        2.2350387740        0.0483810526
LA        -0.9382396149        1.8492074569        0.8187330548
LA         0.3885052486       -0.0407215161       -2.3569710132
LA        -1.9739462730       -1.2651233612        0.0893238392
LA         1.1702869532       -0.7302693207       -1.9480998184
LA        -1.1925204580       -1.9554222546        0.4990718374
LA         0.8702526973       -1.6188746039       -1.3509342584
LA        -0.3147807877       -2.2332309005       -0.1233542557
LA        -0.2131079188       -1.8222649363       -1.1591252914
LA         2.1973682241       -0.2737450582        0.2899023757
LA         0.7310185670       -1.0296194685        1.8067971572
LA        -0.3349602407        1.9593213263       -1.0335816686
LA        -1.7930788642        1.2013119849        0.4827942406
LA        -0.3060512488        0.8025991652       -2.1170186823
LA        -2.2360313829       -0.1979157238       -0.1157708856
LA         1.9816609310        0.8037378247        0.0722828651
LA         1.7550513951       -1.0169458576       -1.0381844259
LA        -0.1765226985       -2.0167590500        0.9624753950
LA         0.6942657159        1.9376616426       -0.5991941404
LA         0.0904861807       -0.9389410167       -1.7683630860
LA        -1.0988089608       -1.5552949001       -0.5366543976
LA         0.0279229424       -0.2038797905        2.0915321351
LA        -1.2488583987        0.9258015983        1.4200524155
LA         1.4817864338       -0.6658236779        1.0583033667
LA        -1.0796752468        1.5959326017       -0.2826186960
LA         0.2161472168        0.4922585464        0.4117176359
LA         1.3862973140        1.0767565740       -0.8479197198
LA         0.8685206178        0.7831371470        1.1865304750
LA        -1.0848590717       -0.1269244075       -1.1526528362
LA         0.0841471207        1.4625726430        0.7695411422
LA        -0.9817251294       -0.1535034338        1.6006214123
LA         0.9558831117        1.1763320424        0.1409506831
LA         1.0349931479        0.2755357454       -1.5258477943
LA        -0.2168790466        0.5688428465        1.3573726140
LA        -1.2833885432       -0.9271545292        0.8739360234
LA         0.4439343502       -1.4750430958       -0.3514657427
LA         1.6148144345       -0.0005334337       -0.6271903729
LA         0.3542486465        1.1118986790       -1.2865780588
LA        -0.7132994950        0.9103477344       -1.0973302137
LA        -1.4402504449        0.5327647368       -0.3418432544
LA        -1.5414428642        0.1279102917        0.6786264715
LA        -0.2836346436       -0.9833397794        1.3376723280
LA         1.3176162536       -0.8816937515       -0.0341782510
LA         0.5880875829       -1.2580990844        0.7207546781
LA         1.1912410846        0.1183909406        0.3589228065
LA         0.4737294136       -0.2515063261        1.1009186366
LA        -0.0572448750        1.2179698431       -0.2946963427
LA        -0.7710165717        0.8467552522        0.4473937800
LA        -0.0257303352        0.0730068270       -1.3520459390
LA        -1.1952605887       -0.5330976707       -0.1416527318
LA         0.6211835214        0.3879637567       -0.5444146306
LA        -0.5240029866       -0.2071608517        0.6392776895
LA         0.7452049922       -0.6074972859       -0.9484036649
LA        -0.4238226891       -1.2141437410        0.2622943428
LA        -0.3234953160       -0.8097417822       -0.7595596790
LA         0.3296239837       -0.4795362821        0.0349589044
LA        -0.4273141365        0.1887011119       -0.3613568612
          98
Energy of minimum      4=    -542.7163149     first found at step    10367 after              1453446 function calls
LA        -1.4408382111       -0.1098129850        2.6013042549
LA         0.0743474470        2.4131066019        1.1883639798
LA         1.5863834572        0.9224370382        1.9484308778
LA         1.3827400872        0.1146809425       -2.5759822926
LA         0.3723023682       -2.5393156392       -0.8206840952
LA        -2.5731005174        0.5613314119        0.7748994027
LA        -0.9871129831        1.7071119477       -1.8056169587
LA         0.1048336914        1.8573638174       -2.0200909890
LA        -2.4672562941        0.9913966662       -0.2585780027
LA        -0.1350517990       -1.8422510159        2.0001074005
LA         2.5469179287       -0.5505021045       -0.7923828327
LA         2.2071225037       -1.4409414353       -0.1993728751
LA         0.7240416253       -2.1540687865        1.3459206003
LA         1.7860433421        1.7552154610       -0.1612636254
LA         1.1493419907        1.7645608093       -1.6094618573
LA         2.3846785179        0.5464713895       -0.9883307342
LA         1.7878132679        0.8817824815       -1.8769955335
LA        -1.8088920967       -0.8604188009        1.8612823725
LA        -0.6222521866        0.5948629444        2.3541026462
LA        -2.3745940108       -0.5235541541        0.9512925401
LA        -1.1561467200       -1.7246229182        1.5635942000
LA        -1.4294101287        0.6851580980       -1.8768670812
LA        -2.1674496184        0.3287620064       -1.1060912852
LA        -2.0193278297        0.2280554841        1.6983603266
LA        -0.7916981556       -0.9820792380        2.3152377579
LA        -1.7408752305        1.3602987904       -1.0403618809
LA        -2.0782207282       -1.1845146514        0.1016832351
LA        -1.9757087541       -0.7592883440       -0.9258268196
LA        -1.3287992507       -1.9235480386        0.4790594922
LA        -0.7861078602       -0.1847548947       -2.1647660366
LA        -1.1233338712       -1.0722351269       -1.5767859092
LA         1.4769514964       -1.8127034258        0.5769713763
LA         0.8365081559        1.6795381000        1.5792621883
LA         0.7450289691        0.9866493106       -2.3001422476
LA         1.9665426546       -0.2177974921       -1.6859937943
LA         0.9390604713        2.1047415133        0.5204787938
LA         1.7022139743        1.3523519559        0.9041167596
LA        -0.2776745125        1.5173874976        1.7889518207
LA         0.4855820873        0.7649253427        2.1726045249
LA         1.2904354837       -1.9920297626       -0.5095897600
LA         0.5498364518       -2.3486889311        0.2621951241
LA        -0.1098143479        2.2150573897        0.0923645626
LA         1.8875396427        0.2458567025        1.0964889233
LA        -0.8543599795        1.8533755045        0.8708521445
LA         1.1401088366       -0.1128385941        1.8732971802
LA         0.2982797081       -0.0354410905       -2.3744468770
LA        -0.4787157620       -2.2355454523       -0.1706699083
LA         1.0493925046       -0.7753885991       -1.9970638241
LA         0.7131028527       -1.6597209628       -1.4121302061
LA        -0.3760368445       -1.8083098712       -1.2007601867
LA        -0.2858132539        1.9722963000       -0.9932571645
LA         2.1452881990       -0.4241841891        0.2289256352
LA        -1.7523453016        1.2616065130        0.5397870693
LA         0.6745283934       -1.1307992908        1.7596962995
LA        -2.2846952994       -0.0981901352       -0.0790054492
LA        -0.3440443018        0.8391813617       -2.1018323764
LA        -0.3045092496       -2.0503160050        0.9159397120
LA         1.6361086484       -1.1134345977       -1.1061502621
LA         0.7499514158        1.8837032632       -0.5802593558
LA         1.9846660060        0.6664614484        0.0404956542
LA        -1.2328463737       -1.5072661427       -0.5531433623
LA        -0.0369331352       -0.9294091172       -1.7985836452
LA        -1.2022367295        0.9360058762        1.4589283477
LA         0.0261658971       -0.2749186380        2.0763433014
LA        -1.0345070841        1.6336678668       -0.2337605818
LA         1.4262912951       -0.7926267264        1.0030657514
LA         0.2084205894        0.4429757438        0.4033757263
LA         1.3870793219        0.9926439768       -0.8627196219
LA        -1.3541089375       -0.9018133154        0.8748829170
LA        -1.1540178785       -0.0681382294       -1.1407746200
LA        -0.9921727157       -0.1599994226        1.6098856711
LA         0.1419384255        1.4111130710        0.7883828066
LA         0.8858556705        0.6776947952        1.1623303609
LA         0.9781520196        0.2268088910       -1.5511336540
LA         0.9824169012        1.0917465051        0.1361873204
LA         0.3158406595       -1.5152531649       -0.4009539251
LA        -0.1946505182        0.5234565672        1.3633123948
LA         0.3493386693        1.0936922184       -1.2796176052
LA        -1.5565355389        0.1716565208        0.7065126844
LA         1.5601405535       -0.1002067338       -0.6708872587
LA        -0.3469493486       -1.0208207673        1.3143350043
LA        -0.7238895471        0.9466051755       -1.0715110543
LA        -1.4549513554        0.5927514390       -0.3078080435
LA         1.2272708899       -0.9769765702       -0.0904989921
LA         0.4948078488       -1.3293276885        0.6721851344
LA        -0.0355980452        1.2002528838       -0.2776773310
LA         1.1628506204        0.0187826771        0.3248292333
LA        -0.7535853317        0.8521300492        0.4726634231
LA         0.4427676426       -0.3272373770        1.0739955745
LA        -1.2652443670       -0.4900395486       -0.1354823807
LA        -0.5613805281       -0.2190722947        0.6366596374
LA        -0.5234270161       -1.2211351608        0.2374155124
LA        -0.0889706527        0.0781723401       -1.3591575825
LA         0.5908063698        0.3393617637       -0.5601492745
LA         0.6519401589       -0.6521927545       -0.9865184747
LA        -0.4227699846       -0.8003460391       -0.7786970924
LA        -0.4644706477        0.1931327536       -0.3588677904
LA         0.2636551225       -0.5243029843        0.0073448552
          98
Energy of minimum      5=    -542.3950010     first found at step    10145 after              1422840 function calls
LA         2.1151561996        1.8792691677       -0.7816061241
LA         0.8377952247       -2.3443250330        1.0684523838
LA        -0.7822853642       -1.4188636285        2.1672514231
LA         1.4818189052        0.6456364991        2.1739945462
LA        -0.0986273227        2.1493085577        1.5968159254
LA        -2.0878067926       -1.9307605079        0.8451451504
LA         1.4444451013        0.5398532189       -2.4282167126
LA        -1.7821928807       -0.1869763959       -1.9854814462
LA         2.3060560593       -1.3098800273       -0.2937919275
LA        -2.6149640134        0.2375743036        0.8074254543
LA        -2.5104515902        0.8258046062       -0.1419693137
LA         2.6035693775       -0.3175383012       -0.7268627879
LA         0.0522772079        2.0997996077       -1.6553279567
LA        -1.0337106367        1.8560412636       -1.5021697085
LA        -0.7203863898        0.1331785371        2.4467087762
LA        -2.0699837876       -0.1976504250        1.6899120242
LA        -1.7941182376       -1.2842651374        1.7035718148
LA        -1.0755734292       -2.0617098433        1.2978772787
LA         0.6987837170       -2.3771754552       -0.0378099928
LA         1.6817087098        1.8058845829        0.2345335628
LA         1.4321163946       -1.8614620525       -0.7166867440
LA         1.5841639567       -1.8410585593        0.3903148534
LA        -0.3234852168       -2.2575999834       -0.4765189107
LA         2.3743445237        0.7849391763       -0.7596828818
LA         1.0897988401        2.0016734934       -1.2267468468
LA         0.8580958660       -1.4304313109       -1.5737736636
LA        -0.2223268741       -1.6736000727       -1.4239794565
LA        -1.7863477334        1.3510704892       -0.8296269153
LA         0.6991288996       -1.4090355139        1.6401309141
LA         0.6966856199        1.4079911895        1.8981547018
LA         1.7803482789        1.2093485864       -1.6062714191
LA        -2.3535117621       -0.8473367019        0.8267755536
LA         0.3863294476        0.3967473395        2.3329563430
LA        -0.4117026443        1.1539750207        2.0412878371
LA         1.5980051732        1.2378836401        1.2135504114
LA         0.8001896699        1.9971058573        0.9223965587
LA         2.0257203421        0.1116278732       -1.5788870931
LA         0.7489943913        1.3209219899       -2.0430232295
LA        -2.1473577645        0.3203635606       -1.0650104327
LA        -1.4101127103        0.8352247987       -1.7448584593
LA         1.1052627320       -0.3898699914        1.9238527814
LA        -1.2068022936       -2.0984746809        0.1850293524
LA         1.8471928403        0.1306241139        1.2370769516
LA        -0.9816481010        1.5959779601        1.1613748031
LA        -0.2376527034        2.1128694668        0.4766160845
LA         1.1532243781       -0.4462533403       -2.0039981852
LA        -1.9926743904       -1.3534023602       -0.1013774616
LA         0.3672665255        0.2989339231       -2.2885459058
LA        -1.8912361751       -0.7720573925       -1.0443110488
LA        -0.7078245115        0.0569129765       -2.1411274692
LA        -1.0036807159       -0.9318643534       -1.7068162660
LA        -0.1888135521       -2.2341868504        0.6345658331
LA        -1.8332197998        1.0118339209        0.7112521231
LA         2.1683967443       -0.3793074443        0.2867398820
LA        -0.3688729493        2.0313737065       -0.6372714789
LA         0.0022046111       -0.6361014105        2.0617958031
LA         1.7384778679       -0.8801454722       -1.1565431462
LA        -2.2631379751       -0.2673512032       -0.1227356420
LA        -0.3334587244        1.0822292151       -1.9072022503
LA        -1.2888954839        0.5849217404        1.5888831559
LA        -1.1142311064       -1.5232569263       -0.7664997531
LA         0.0734963820       -0.6912186828       -1.8682861342
LA         1.9452554387        0.7177367432        0.2592774300
LA         0.6609678453        1.9380312986       -0.2079208482
LA         1.4541751597       -0.9071086675        0.9705887600
LA        -1.1173014340        1.5379519200        0.0317702366
LA         0.1767035927        0.3333917516        0.5269320083
LA        -1.0206239119       -0.5134392196        1.5943208063
LA         0.4276329189       -1.4666407286       -0.5680347264
LA        -0.3063128246       -1.2903024229        1.1897158268
LA         0.8180876862        0.4858661637        1.3361285327
LA         0.0406763952        1.2259438575        1.0518760133
LA         1.3425253583        1.1329922530       -0.5974779770
LA        -1.3080609607       -1.1526299131        0.7356055158
LA         0.5698881675       -1.4380420326        0.5255832516
LA        -0.2569496901        0.2438787214        1.4728073218
LA         1.0069286653        0.4674910393       -1.4119679778
LA        -1.1093900509       -0.0086344912       -1.1227964881
LA         0.9153105763        1.0590253082        0.3904212665
LA        -1.5735926875       -0.0796188783        0.7208927236
LA         1.2959174335       -0.9281365788       -0.1465878891
LA         1.5869450440        0.0454040529       -0.5726449892
LA         0.3217179448        1.2447791910       -1.0329796814
LA        -1.4738140892        0.4974489341       -0.2135530035
LA        -0.7445448076        1.0056915206       -0.8856793248
LA         0.4425311926       -0.5175102693        1.0778143736
LA        -0.8092916787        0.6736819277        0.6204600184
LA         1.1582661258       -0.0155559723        0.4156838971
LA        -0.0924787426        1.1729834464       -0.0400161726
LA        -0.4443484096       -1.3226465881        0.0840067722
LA        -0.5549379186       -0.4009024519        0.6350994017
LA         0.7233033032       -0.5047985809       -1.0006856051
LA         0.5866810941        0.4005110923       -0.4285138787
LA        -1.2199115553       -0.5871541838       -0.1979870731
LA        -0.0529448989        0.2305349151       -1.2811437627
LA        -0.3451773218       -0.7449571830       -0.8539575338
LA         0.3021362447       -0.5553646951       -0.0118558123
LA        -0.4599295596        0.1663573957       -0.2866069321
