          98
Energy of minimum      1=    -543.6653608     first found at step    30231 after              4147768 function calls
LA         0.4699742307        2.0773305970        1.4934985039
LA        -2.3717786320        0.9773026329        0.4315804883
LA        -0.1436906454        1.9865093310       -1.6732754026
LA        -1.3184211092        0.3432669099        2.2159985282
LA        -0.2687905054       -2.3532664130       -1.0754558856
LA         0.5648360759       -2.1372196279        1.3711193940
LA         1.5895978534        0.0955054703       -2.0568843737
LA        -2.1073408636       -1.4913847584       -0.3187499550
LA        -2.4728445985       -0.0546961276        0.8054587187
LA         1.9061570111        1.7673204936       -0.0992928057
LA        -1.7897287942       -1.3105662214       -1.3586768516
LA         1.5645110604       -1.7212746244        1.1645750696
LA         2.2716606011        0.3306321885       -1.2235016941
LA        -1.2173546453        1.3752657581        1.8421205491
LA         2.1006015753       -1.4160749245       -0.5906946553
LA        -0.5864025060       -2.5340847774       -0.0355289072
LA         1.1979962878       -0.2806114688        2.2918938390
LA         0.1983212972       -0.6965563343        2.4984382847
LA         1.4185388978       -1.6512015794       -1.4240773778
LA         0.0728556641        1.1353289762       -2.3393239307
LA        -1.8356877737        1.2825022401       -1.3236892862
LA         1.0075481352        2.3833741753       -0.2666271666
LA         1.3685829750        1.4612768940        1.6608330101
LA        -1.6191415768        0.4313219098       -1.9897378327
LA         0.9648492435       -0.8220283436       -2.0081901216
LA        -1.0005026319        1.9235793042       -0.9686739172
LA        -1.7439581169       -0.4385927373        1.5510444094
LA         1.7796115649       -0.6629582693        1.4258194420
LA        -0.2094753261       -1.4905781157        1.8367876449
LA         0.1642011377        2.3250862308        0.4544267679
LA        -1.5428635433        1.6148099171        0.8071263633
LA         2.3219723475       -0.3541889138       -0.3499805846
LA        -0.7422156878       -1.5323046864       -1.6554909888
LA        -1.3741792326       -1.8920852550        0.4136866361
LA         1.9521935192        1.0993036962        0.7873775813
LA        -0.5696332907        0.2299572119       -2.2939330725
LA         0.7700520859        0.7557242385        2.2941490937
LA        -2.1656515063       -0.2562972011       -1.2928590868
LA        -2.4847212892       -0.4379455492       -0.2481598108
LA         0.7993676403       -2.2890066807       -0.7407291300
LA         0.9153014945        1.9712276689       -1.3052602664
LA         1.4845605130       -2.0528008732        0.0964780555
LA         1.1328415426        1.1161411937       -1.9743653265
LA        -2.3831914544        0.5987892652       -0.6237539140
LA         1.8180343093        1.3523468993       -1.1371581204
LA        -0.2342106661        0.3378705379        2.5016411452
LA         0.4802979830       -2.4706547858        0.3039702206
LA        -0.1326804006        1.3746051961        2.1260468575
LA        -0.7669786798        1.8902260678        0.0944163305
LA        -1.0727324557       -1.2318697730        1.2255069786
LA        -0.1118633560       -0.6848414304       -1.9205739335
LA         1.9515744063        0.0264851139        0.6006506331
LA        -1.5641280327        1.2428506270       -0.2616103053
LA         1.8773279767        0.6829344442       -0.2624014190
LA        -0.6530387005       -0.4494186157        1.8523439113
LA        -1.1284227554       -0.4697798641       -1.6017436607
LA        -1.7674793815       -0.8335985235        0.4906573552
LA         0.3398386029       -1.4763665982       -1.3283320229
LA        -0.2992178211       -1.8401850207        0.7640690927
LA         1.7121935457       -1.0032762341        0.3484885956
LA         1.3583727350        0.3874902684        1.4367632644
LA        -0.4496871947        1.6270303681        1.1000759909
LA         0.5049730475        0.2098442453       -1.9392219577
LA         0.0692678619        1.9224746313       -0.5990886889
LA         1.6336553850       -0.5846175460       -1.1720862085
LA        -0.7804076952        1.0703765494       -1.6216200478
LA        -1.6336553897        0.5846176112        1.1720862071
LA         0.7804078930       -1.0703764783        1.6216200503
LA        -1.0519159011       -1.7020312069       -0.6172164490
LA         1.0519157960        1.7020312130        0.6172163776
LA        -1.3429100056        0.3829929174       -0.9260557448
LA        -1.6596060664        0.2026959703        0.1108713293
LA         0.3500321344       -0.0276830919        1.6384082304
LA         1.0202887474       -1.2371303198       -0.4859936041
LA         0.9693802388        1.2965657171       -0.4323073028
LA        -1.4436844444       -0.6460289108       -0.5532559088
LA         0.0234975955       -1.6518755970       -0.2800451988
LA         0.7035928378       -1.4174271427        0.5509335315
LA        -0.5459845938        0.5865934118        1.4715567512
LA         1.1853018113        0.4478408013       -1.0964344857
LA         0.4508066521        1.0013387134        1.2656082600
LA         0.2892850297        1.0621173813       -1.2632859560
LA        -0.8503649239        0.8382194228        0.4594700869
LA         0.1309221856        1.2465137921        0.2567249196
LA        -0.5385948200        1.0157120388       -0.5613286682
LA         1.0292386126        0.6306607912        0.4240045608
LA        -0.4213260038       -0.8482075623       -0.8601589916
LA        -0.3221190450        0.1648089157       -1.2271603100
LA        -0.0693177828       -0.7981652936        0.9974830448
LA        -0.7388348101       -1.0289671299        0.1794293580
LA         1.2418017413       -0.2048631119       -0.2297927815
LA         0.9300316506       -0.3823556134        0.7910060193
LA         0.5599610980       -0.4399132238       -1.0629041439
LA        -0.9513979977       -0.1934432894        0.8332267882
LA        -0.6359430267       -0.0086304951       -0.1957289300
LA         0.2499288335       -0.6159520151       -0.0307666271
LA         0.3495622482        0.4014189616       -0.3993456205
LA         0.0364519668        0.2231634448        0.6258411613
          98
Energy of minimum      2=    -543.6429572     first found at step     5170 after               721879 function calls
LA         0.4770648029        2.4171243608        1.2063242272
LA         0.9513938137        0.0933293455       -2.7374107624
LA        -0.4945476272       -2.0038278181        2.0365105436
LA        -1.0998500707       -2.0752556040       -1.2447750297
LA         2.0216809951       -1.6968250991       -0.1330719386
LA        -1.1836140454        0.6377429975       -2.3918663517
LA        -2.2744816221       -0.9444247191        1.2097432005
LA         2.2243572369        1.0513585256       -1.1761253298
LA         1.1343484156       -0.5295599746        2.4226450948
LA        -2.4778611049       -0.9640084383        0.1053586931
LA        -1.8746284863       -0.0890928057       -1.8862760095
LA         1.9800410102       -0.4231887298        1.6922290793
LA         2.5828345172        0.4510873928       -0.2979528225
LA         0.0798824881        2.3352797129       -1.0399265332
LA        -0.9055873785        0.9059785574        2.2137009339
LA        -0.3696268908        1.4004780048       -2.2361072927
LA        -1.6612901200       -0.4729177948        2.0284480235
LA         1.3539973998        1.6102318432       -1.6205960349
LA         0.0629508885       -0.2622670283        2.6419197411
LA        -0.5821906380        2.3102411510        0.8385405781
LA         0.7049671611        1.1242320198       -2.3955740868
LA        -0.7581355089       -0.9978145125        2.4350047004
LA        -1.2844162458        1.5492742149        1.3539038665
LA        -0.7835022513        2.2757874710       -0.2999132974
LA        -1.6210820573        1.5112801155       -0.4755628830
LA        -1.9268427168        1.0678121215        0.5339359340
LA        -2.1928612369       -0.5319005806       -0.8978416577
LA         2.2993426718        0.0132241028        0.7022426343
LA         0.2804346871        2.4002461502        0.0858668970
LA        -0.2163025623        1.6797905185        1.7258950515
LA        -0.1156953774        0.3659360131       -2.5665679115
LA        -1.3851516330       -1.4752518283        1.6246700396
LA         1.5887525739        0.5730172147       -1.9587169279
LA         0.3195937020       -1.2677373445        2.2315369407
LA        -1.7899706161       -1.5199817740       -0.5709451961
LA        -1.4887058818       -1.0830339532       -1.5656018628
LA         2.3035753246       -0.6233630426       -0.2146566714
LA         2.0024962266       -1.0600402641        0.7793854162
LA         0.8675511086        1.4076338690        1.5241196942
LA         1.1707306901        1.8473582608        0.5231412016
LA         0.3477297054       -1.9076959714        1.3161448530
LA         1.3138041878       -0.5065258087       -1.8734478304
LA         0.2664766983       -0.6336099348       -2.2466374569
LA        -0.6996655265       -2.0348790551        0.9431793123
LA        -0.4170722146       -1.3556772816       -1.7495520236
LA        -0.9016437016       -2.0584883419       -0.1496895577
LA         1.1860036827       -1.8052312948        0.5937392246
LA         1.6705095060       -1.1025162854       -1.0059057657
LA        -0.0575069563       -1.9545718249       -0.8760507076
LA         0.9821212408       -1.8285148748       -0.5057881987
LA        -1.5614856517        0.8379666153       -1.3739740028
LA        -2.1599070800       -0.0299696917        0.6017740264
LA         1.2336095280        0.3824845923        1.8080194749
LA         1.8307185067        1.2485164527       -0.1633963160
LA        -0.7555544543        1.5992327074       -1.2152373738
LA        -1.5519127218        0.4442145164        1.4140185425
LA        -0.8058393760       -0.3637368019       -2.0781856579
LA        -1.5953111623       -1.5087680694        0.5283362579
LA         1.9573729888       -0.0286958555       -1.0935630930
LA         1.1681405445       -1.1733775887        1.5121658391
LA         0.9672233887        1.8070915938       -0.5990553688
LA         0.1723129745        0.6541733800        2.0254215601
LA         0.6302713614       -1.2386451233       -1.3843665666
LA         0.1440733814       -1.9438147875        0.2208656635
LA        -1.8839534913        0.4028243503       -0.3936600597
LA         1.5534448454        0.8197189229        0.8306103598
LA        -0.1768941395        0.6477006559        0.2309528318
LA        -0.6479431846       -0.0976607616        1.8190380289
LA         0.3225299880        1.3098889757       -1.3850756064
LA        -0.9050303835        1.4012552377        0.3414450193
LA         0.1448445451        1.5158873057        0.7097917386
LA        -0.5347686868        0.7851054795        1.2014580223
LA        -0.0545102248        1.4816604632       -0.3841633743
LA         0.5643220308        0.2817406027       -1.7161118272
LA        -0.3838062989       -1.0934009159        1.4142290026
LA        -0.4924362739        0.5553061276       -1.5504745116
LA        -1.2682079312       -0.5698539869        1.0108136380
LA        -0.7811295430       -1.1413909239       -0.7379980168
LA         1.2670828760       -0.8929833072       -0.0085041535
LA         1.1971688534        0.7599974158       -0.9480443834
LA         0.4217537123       -0.3646443045        1.6120655430
LA        -1.1710075536       -0.1603767530       -1.0569321610
LA        -1.4689124533       -0.5924511845       -0.0733688352
LA         1.5510370772        0.1691226780       -0.0870946499
LA         1.2534279844       -0.2625218464        0.8954911249
LA        -0.8613699794        0.7460466489       -0.5538394091
LA        -1.1540307564        0.3215784555        0.4124094316
LA         0.5189461287        0.5231642339        1.0065831959
LA         0.8110888771        0.9468807730        0.0420445008
LA         0.1897417347        0.4697581633       -0.7302498783
LA        -0.2789849080       -0.2100713596        0.8172981782
LA        -0.1089107593       -0.4366121636       -1.2387162988
LA        -0.5869951519       -1.1300140672        0.3397275614
LA         0.9246056454       -0.3112395733       -0.8704589290
LA         0.4465904546       -1.0045408187        0.7077564414
LA         0.2458774237       -1.0286933488       -0.3774271166
LA        -0.4759625660       -0.2356876729       -0.2476975887
LA         0.5382716159       -0.1124074200        0.1136534551
          98
Energy of minimum      3=    -543.5467256     first found at step     5369 after               748208 function calls
LA        -1.6861903439        2.1195144236       -0.1699839375
LA         0.2521411093        2.5477511838        0.8999234591
LA        -0.7994403738       -1.7532614816        2.1500810223
LA         2.0640474173       -1.6513071526        0.4372849651
LA        -0.8035002729       -2.2848362083       -1.1455286599
LA         2.4205403100        0.9386907576       -0.9225558045
LA        -0.7101889188        0.2470180208       -2.6506370315
LA        -2.4122753454       -0.8763697354        0.8828880504
LA         0.7182485816       -0.1847396093        2.6108573171
LA        -1.4726151170       -0.4295945889       -2.1799844943
LA         2.6217325796        0.4749722119        0.0799906314
LA         1.6801666491       -0.1468030457        2.0338249797
LA        -2.4134884952       -1.0512167415       -0.2257682294
LA         1.1444451021        0.7910959031       -2.3900072107
LA         0.2652585346        2.1534564607       -1.3424968622
LA        -1.2690550397        1.1402975000        1.8427111194
LA         0.0530307101        1.0529732081       -2.4598108284
LA         1.6372184467        1.4029680513       -1.5853804638
LA        -1.9616770762       -0.2775712984        1.7232996477
LA        -0.3779395180        0.0723255786        2.5974824295
LA        -1.1410078862       -0.7122767224        2.3522311990
LA         1.9408476876        0.3373216438       -1.7334738319
LA         0.3766798850       -0.0082503292       -2.5968538699
LA         0.7070126172       -0.9409532398       -2.0816223651
LA         1.6673106271       -0.7287943542       -1.5515623798
LA         2.1679611768        0.1641511117        1.0651723291
LA        -1.9579401970       -0.7473866480       -1.2122197509
LA        -0.7220896732        2.3497971505        0.3676761986
LA        -1.6069431798       -1.3158569593        1.5182127875
LA        -0.0411472544       -0.9699238632        2.3824923429
LA         0.2599438928        2.3738728331       -0.2219052551
LA        -0.7181522492        2.1577814795       -0.7617883071
LA        -1.4915748693        1.6471184360        0.8437582613
LA        -0.5134428403        1.8632177468        1.3836609425
LA        -1.1395630467       -1.3585101479       -1.6631961113
LA         2.3443902816       -0.5887982114        0.2598573113
LA         1.8739467964       -0.8993727302        1.2359671907
LA        -1.6096056768       -1.6689960797       -0.6868651724
LA         1.0674797561        1.9179395251        0.4372628280
LA        -1.4926793610        1.3523219668       -0.9758774790
LA         0.5939736876        1.6053052542        1.4200304728
LA        -1.9660161032        1.0397249232        0.0069834200
LA        -0.0485327033       -1.6154538267       -1.6165561110
LA         1.8690837134       -1.1917938083       -0.5580806401
LA         0.1581716748       -1.7257062558        1.5836840975
LA        -0.8038821260       -1.9382535778        1.0526546545
LA         1.1122325893       -1.6915676971        1.0134017723
LA        -0.8056078732       -2.1152774467       -0.0451975652
LA         1.1098233472       -1.8689853863       -0.0913717139
LA         0.1545534437       -2.0800338043       -0.6186562874
LA        -1.2670057480        0.5681984680       -1.7522035576
LA         1.8488665176        1.2565898962       -0.0323234895
LA         0.9159376099        0.6406196105        1.9039772065
LA        -2.1995976058       -0.0476979024        0.1842827549
LA         2.1553547466       -0.1294620936       -0.7398613615
LA        -0.3838189507       -0.6904428287       -2.1414201716
LA        -1.6157934978       -1.5040252424        0.4174072959
LA         0.9223638562       -0.9432680895        1.8184057339
LA        -0.5131762011        1.3713212693       -1.5593574744
LA         1.0693068732        1.7209400768       -0.6858683035
LA        -0.1711380491        0.9018197900        1.8889991935
LA        -1.7533936227        0.5522510180        1.0156354578
LA         0.9150011228       -1.4145068997       -1.0915239118
LA         0.1555463015       -1.9157561152        0.4849916920
LA        -1.7541154365        0.2570134344       -0.7949700905
LA         1.4023807859        0.9543801573        0.9473335135
LA        -0.1853895496        0.6366566516        0.0810410185
LA         0.5833291959        1.1005114603       -1.4972905540
LA        -0.9313994692        0.1005951677        1.6471323626
LA         0.8942087493        0.0446598389       -1.6378940104
LA         0.0304998379        1.5751401974        0.4837272948
LA        -0.9233359351        1.3644086894       -0.0427646699
LA        -0.5877064799       -0.9317324438        1.4376658246
LA         0.0308832258        1.3882967374       -0.6116242812
LA        -0.7177836897        0.8941188523        0.9425181085
LA         1.3726741427        0.6444099234       -0.8413083997
LA        -0.1798555550        0.3014090941       -1.6982644716
LA        -0.5907919853       -1.2818327883       -0.7239772683
LA         1.2911704603       -0.8660496954        0.3148181076
LA        -1.3905177740       -0.4979715650        0.8156315715
LA         0.1615147331       -0.1550795064        1.6723136311
LA        -0.9279863206       -0.3660397971       -1.2382942824
LA         1.5727597313        0.1864514889        0.1420533585
LA         1.1077554136       -0.1205890255        1.1069327471
LA        -1.3926206995       -0.6729986637       -0.2732108140
LA        -0.7223262871        0.6081863945       -0.8180572973
LA         0.8137161405        0.9475451756        0.0297979293
LA         0.3571936461        0.6461500252        0.9773116774
LA        -1.1786906193        0.3068259961        0.1295436536
LA         0.3468025785        0.3488043896       -0.7679056212
LA         0.1529835569       -0.6268582234       -1.1907551838
LA         1.1027901631       -0.4170170190       -0.6664862460
LA        -0.3858288412       -0.1345181712        0.7528393911
LA         0.3558871209       -0.9098278271        0.8836069340
LA        -0.5936707350       -1.1196142964        0.3594751768
LA         0.3539963379       -1.0862533932       -0.2065488468
LA        -0.3875436335       -0.3097436418       -0.3171068029
LA         0.5448787618       -0.1037429945        0.1975664078
          98
Energy of minimum      4=    -543.1896663     first found at step     5049 after               702158 function calls
LA        -2.4003997041       -0.9937503397        0.6472092349
LA        -1.2129885513       -0.4060214115        2.3565828502
LA        -1.5463031335        2.1433876090        0.6889567150
LA         0.6705107866        2.4404295906        0.9858445872
LA        -0.0577428682       -1.9398976258        2.1923864432
LA         0.3772324031       -0.0581580321       -2.8643203644
LA        -1.3060445454       -2.1647802081       -0.8974864832
LA         1.9696516537       -1.7278482051       -0.4515739742
LA         1.9266655429        0.9714738787       -1.6346212505
LA         1.6005576595       -0.4472409943        2.1751247565
LA        -1.6509599658        0.4965194962       -2.1183892083
LA        -2.2170402801       -0.2111046357       -1.4580146072
LA         2.2808117701       -0.3721839756        1.2864869687
LA         2.4604343994        0.4131646208       -0.8202764347
LA        -0.4570194316        0.9796294873        2.3156375172
LA        -0.1696911952        2.2542402130       -1.1212698875
LA         0.5940393031       -0.1703683367        2.5938891921
LA        -0.8320875005        1.2674555962       -2.1625084479
LA         0.9777848646        1.5077545127       -1.9174692447
LA        -0.2428477439       -0.9162508611        2.5912070245
LA         0.1919216140        0.9864182896       -2.5240898619
LA        -1.0213412772       -1.4316005388        1.9483253922
LA        -2.3259468695       -0.6080668725       -0.4091354410
LA         2.3892325244        0.0196875513        0.2344541497
LA        -1.9963677544       -0.0458600805        1.0438923107
LA        -0.4405761172        2.3082420403        0.8424310683
LA         0.7720827765       -1.1946729857        2.1854275447
LA         1.1524291927        0.4570875116       -2.2515219188
LA        -0.6369515398        0.2195268735       -2.4939015395
LA        -1.0106914308        1.5799426200        1.5153695200
LA        -1.8541924002       -1.5802173542       -0.1256463713
LA         0.1073489875        1.7281773557        1.6653895820
LA        -0.8663822733        2.2204553124       -0.2168683910
LA         0.2522308202        2.3705819040       -0.0669290901
LA        -1.7626458661       -1.1887856150       -1.1781519034
LA         2.1268602381       -1.0503644683        0.4170362977
LA         2.2168047546       -0.6579626318       -0.6356409209
LA        -1.7934588621        1.0556216999        0.8721281189
LA        -0.4785527873       -2.0219851837        1.1649803538
LA        -1.7038735477        1.4505008363       -0.1888136640
LA         1.2233688036        1.8424425094        0.2041896010
LA         1.1334814416        1.4477505271        1.2638012278
LA        -0.8944916661       -2.0964985790        0.1355284471
LA         0.6215092609       -1.8761403112        1.3131389099
LA        -0.1858322967       -0.7650548220       -2.2154509390
LA         0.9130482296       -0.6185471942       -2.0654654961
LA        -0.7467387632       -1.4668506786       -1.5605077669
LA         1.2972442045       -1.8052691818        0.4326769774
LA         1.4436925755       -1.1745199136       -1.2616969885
LA        -0.2128814263       -2.0253747996       -0.7501713730
LA         0.8781559799       -1.8796387775       -0.6017429444
LA        -1.8209397130        0.7379801175       -1.0532740164
LA         1.5633359278        0.4367948482        1.5143403049
LA         1.7407890535        1.2144569451       -0.5735621529
LA        -1.4472173761       -1.5169923704        0.9154506571
LA        -1.2421871296        0.4818346281        1.6858879520
LA         1.4573860864       -1.1321744830        1.3065767770
LA        -1.2052434128       -0.4906404757       -1.8473195064
LA         1.6943675164       -0.1045364234       -1.4525240529
LA         0.5644112352        0.7177497341        1.9282723585
LA        -1.0104218369        1.5078060901       -1.0930978954
LA         0.7984353086        1.7500311889       -0.8490728818
LA         0.2029448203       -1.9633552320        0.2834950425
LA         0.3505980373       -1.3306935783       -1.4174967125
LA        -1.9332992188        0.3470664817       -0.0096651221
LA         1.6748256722        0.8299737402        0.4740146446
LA        -0.1350515571        0.6198509261        0.2422768380
LA        -0.2704265665       -0.0442575826        1.9252864870
LA         0.0174716235        1.2158672117       -1.4663452549
LA        -1.0459026186       -0.5605246065        1.2858253318
LA        -0.8291734509        1.3675888912        0.4616133745
LA         0.2618848058        1.5139253789        0.6073618481
LA        -0.0852766311       -1.0597509994        1.5211260915
LA         0.2011837995        0.1740941949       -1.7954105781
LA        -1.4499123828       -0.6304000613        0.2556224459
LA        -0.2940147864        0.8074695197        1.2575089125
LA        -0.1539088680        1.4287967601       -0.4188790341
LA        -0.9029814641       -1.2084539770       -0.5069444336
LA         1.2464125975       -0.9217640281       -0.2134360758
LA         0.7367561673       -0.3211475283        1.5187018771
LA         0.9696055136        0.6879655494       -1.1920109137
LA        -0.8041878798        0.4520766690       -1.4317961649
LA        -1.3609043274       -0.2435791034       -0.7835026532
LA         1.4073619508       -0.2503344563        0.6461825029
LA         1.4959717071        0.1373320443       -0.3944801055
LA        -1.0544816338        0.3020611609        0.6330249029
LA        -0.9677317080        0.6829884648       -0.3902796284
LA         0.7011434902        0.5372006896        0.8679041481
LA         0.7882670176        0.9179122139       -0.1539909983
LA        -0.4994098562       -1.1466019461        0.5109490857
LA        -0.1139144815       -0.2070234174        0.8769740418
LA         0.0305035029        0.4039768928       -0.7640530425
LA         0.5862211704       -1.0022765945        0.6580041021
LA        -0.3535433695       -0.5248020502       -1.1623953913
LA         0.7310698872       -0.3801685697       -1.0141224195
LA        -0.5160556511       -0.2816788210       -0.1277956999
LA         0.1735737808       -1.0772677296       -0.3636931225
LA         0.5486152596       -0.1398517287        0.0183178521
          98
Energy of minimum      5=    -543.1654807     first found at step     5089 after               707305 function calls
LA        -1.6332636202        0.4201542289       -2.1840923464
LA        -1.6526003650        2.0852636946        0.6141585862
LA         0.5425671464        2.4806334347        0.9467887697
LA         0.4278338934       -0.0541978105       -2.8898152743
LA        -0.0082887789       -1.9199767617        2.1726543030
LA        -1.2010710538       -2.2163206912       -0.9328267286
LA         2.0481275984       -1.6358182899       -0.4395262697
LA        -1.9639309668       -0.9926549959        1.6402399491
LA         1.9091820694        1.0506302252       -1.6417086208
LA        -2.3642212242       -1.0902906952        0.5980303435
LA         1.5799129682       -0.3543428163        2.1723319816
LA         2.2703271379       -0.2553800872        1.2937845557
LA         2.4514129337        0.5221890138       -0.8144214055
LA        -0.2526369558        2.2436837722       -1.1737916664
LA        -0.5430954955        0.9779809730        2.2674184983
LA        -0.8473826773        1.2252017241       -2.2195287151
LA         0.9437922534        1.5437598410       -1.9440523086
LA         0.5539822570       -0.1207132916        2.5717665692
LA        -1.2385853286       -0.4432657631        2.3022120156
LA        -2.2961922671       -0.7068959028       -0.4586378168
LA         0.1930985147        0.9843134853       -2.5605243339
LA        -0.2491340399       -0.9030937951        2.5596764668
LA        -1.6992899619       -1.2628104145       -1.2273120943
LA         2.3794233845        0.1333887450        0.2411933642
LA        -1.8397722669        0.6486865901       -1.1239187428
LA        -0.5586980088        2.2987001969        0.7857961144
LA        -0.6025241503        0.1833787340       -2.5392233299
LA        -0.9864388083       -1.4572914909        1.9078618319
LA         1.1692118454        0.4987585109       -2.2678347272
LA         0.7859120197       -1.1380709467        2.1744063693
LA        -0.9620447626        2.1856660694       -0.2810961721
LA        -1.7840111686       -1.6548323457       -0.1685942263
LA        -0.0004247336        1.7475996102        1.6216519446
LA         0.1459326687        2.3854796020       -0.1127337409
LA        -1.1076584086        1.5484924171        1.4541744275
LA         2.1609821491       -0.9457912977        0.4267690549
LA         2.2515236007       -0.5573843865       -0.6266474024
LA        -1.7650014549        1.3796277079       -0.2617875528
LA        -1.8542757224        0.9909703011        0.8040095211
LA        -0.6611505044       -1.4999718182       -1.5924758769
LA         1.1349353728        1.9029134213        0.1787528414
LA         1.0443175391        1.5116422907        1.2395418813
LA        -0.1174622036       -0.7795365226       -2.2443071774
LA         0.9724311743       -0.5855162580       -2.0783459178
LA         0.6812845459       -1.8317745885        1.3041060577
LA        -0.4079263495       -2.0268884718        1.1390251026
LA        -0.8052913141       -2.1257410868        0.1046092180
LA         1.5122232257       -1.1120072355       -1.2620275624
LA         1.3664869768       -1.7369964895        0.4341105385
LA        -0.1161723392       -2.0288766986       -0.7707583704
LA         0.9660383153       -1.8354862029       -0.6063550398
LA        -2.0131043301       -0.1121964738        0.9747418661
LA         1.5143226660        0.5225859624        1.5040726312
LA         1.6932781254        1.2932765732       -0.5860023649
LA        -1.1554911942       -0.5463741968       -1.8961208176
LA        -1.3910904016       -1.5676727661        0.8730556089
LA         1.4819880683       -1.0510220631        1.3061514637
LA         1.7198137281       -0.0333319375       -1.4557870252
LA        -1.0606860306        1.4601762530       -1.1547365857
LA        -1.2951565609        0.4387417921        1.6301027102
LA         0.4962816136        0.7606752002        1.8990560083
LA         0.7329285009        1.7853059989       -0.8808889099
LA        -1.9480154743        0.2725151857       -0.0718131437
LA         0.4284236903       -1.3158926423       -1.4342049790
LA         0.2827652670       -1.9434696590        0.2682171727
LA         1.6263596976        0.9132688585        0.4629734864
LA        -0.1687636047        0.6221060472        0.2019277205
LA        -0.0108150299        1.2132991458       -1.5075805989
LA        -0.3035401922       -0.0382426604        1.8876858924
LA        -1.3494837932       -0.3011885568       -0.8406238167
LA        -0.8986561393        1.3400411347        0.4041766074
LA         0.1819016166        1.5346819106        0.5678985887
LA        -0.7977415170        0.4159303296       -1.4814689953
LA         0.2234718121        0.1777801411       -1.8256868851
LA        -0.0634160472       -1.0458647334        1.4937820299
LA        -0.2123231600        1.4246803165       -0.4654009442
LA        -0.8469666466       -1.2416294507       -0.5436991490
LA        -0.3538966934        0.8073245164        1.2137532326
LA        -1.0338558845       -0.5874976675        1.2364158616
LA         1.2863889229       -0.8606062056       -0.2192910465
LA         0.9575523005        0.7290148136       -1.2133616822
LA         0.7232190307       -0.2712188305        1.5005137689
LA        -1.4283427535       -0.6849724815        0.2110722285
LA         1.4032394155       -0.1766295958        0.6380254924
LA         1.4925983007        0.2073143789       -0.4032446005
LA        -0.9933119183        0.6434026036       -0.4452324982
LA        -1.0787480381        0.2683768581        0.5815394419
LA         0.7474940338        0.9579716263       -0.1804108657
LA         0.6598627870        0.5807345425        0.8423130613
LA         0.0245100486        0.4070151938       -0.7990915528
LA        -0.3148158174       -0.5394004829       -1.1961215139
LA        -0.1179746222       -0.1985600044        0.8420081199
LA         0.7617985587       -0.3478628610       -1.0321952177
LA         0.6177997815       -0.9646450302        0.6416103453
LA        -0.4578291278       -1.1567704218        0.4780008737
LA         0.2225051571       -1.0629079465       -0.3856160758
LA        -0.5078242511       -0.2968443129       -0.1679154197
LA         0.5509514460       -0.1086058371       -0.0053264112
