          98
Energy of minimum      1=    -543.6653608     first found at step      740 after               186243 function calls
LA         2.1561281365       -1.2575282345        0.7324274737
LA         2.2347238551        0.3827193844       -1.2752454977
LA        -2.1967867168       -0.8834375203        1.0772107919
LA         1.6980542936        0.5066850052        1.9043625660
LA         0.4866600023        1.2165913618       -2.2471721483
LA        -0.5245971471       -0.7158741856        2.4452068701
LA        -0.6574707002       -2.5056851148       -0.2366226103
LA         0.2176109295        2.5913754949       -0.0643022153
LA        -2.0086336287       -0.6892063451       -1.5023652922
LA         0.9898850400       -1.8817503780       -1.4986187138
LA        -1.8455494671        1.4400497166       -1.1344240876
LA        -1.5068745133       -1.7301782974        1.2257770162
LA        -0.5500257082        1.7960604656        1.7995427613
LA         2.5498080317       -0.2709683849        0.4379168553
LA         1.0670141925        1.8158681285       -1.5267021837
LA         0.5335664373        1.9358798369        1.6535997244
LA         1.3043742836       -0.4798748599        2.1988731089
LA        -2.5118710421       -0.2297500536       -0.6359515690
LA         1.6543695884       -0.2165573868       -1.9957154831
LA        -0.8441460481       -2.1184013712       -1.2516026208
LA        -0.8659812719        2.4515560659        0.0816407123
LA        -1.3423113301        0.9805934313       -2.0008373632
LA        -1.2145087656        0.1308669166        2.2966401270
LA         1.1765604128       -2.2690335346       -0.4836384773
LA         1.3247808042       -1.3158799350        1.4672791611
LA        -2.2170942680        0.7914822506       -0.3123141292
LA         2.1080988575        0.6471115789        0.8812819194
LA        -0.5255829409       -1.5546392326        1.7164939735
LA        -0.0376778794       -1.5686254469       -1.7825506101
LA         1.7893291429        1.3084449077       -0.8519183898
LA        -1.2157854671       -0.1227140692       -2.0362461175
LA         0.9299907789        2.0930229365        0.6275861383
LA         0.6345785769        0.1160441399       -2.2854618043
LA         0.3337558433       -2.3392165916        0.2369895572
LA        -1.8983243523        0.1301492268        1.4208858941
LA        -1.2260690564        1.8148195171        0.9179741072
LA        -0.3541981754        0.8468065497        2.3631930001
LA         1.8118141558       -1.1307686020       -1.3659837151
LA         1.9993458409       -1.5198287907       -0.3463453959
LA        -0.9701440299        2.1246734345       -0.9858004577
LA        -0.4645962496        1.6631081166       -1.8561894515
LA         0.1184211287        2.2651349235       -1.1324131103
LA         0.7343666878        0.9872673300        2.2165801831
LA         0.3388796732       -0.0038202625        2.5124420090
LA        -1.7635692555       -1.5921113947       -0.8844343860
LA         2.3948321498       -0.5287415145       -0.6422075267
LA        -2.2691158593       -1.1305464526       -0.0140445295
LA        -1.5760373549       -1.9811727610        0.1352033520
LA         1.5562294849        1.3051526359        0.2117829032
LA        -1.7219513745        0.8821580342        0.6533037847
LA         0.3652338773       -1.6794781091        1.1027616452
LA        -0.1995116961       -0.5078326097       -1.9678482883
LA        -1.0374843686        0.8609825648        1.4973139659
LA         1.1729179668       -1.5934343265        0.3805844718
LA        -0.3299501421        0.5693179236       -1.9043696036
LA         0.3506642840       -0.8427153314        1.7962406128
LA         1.1427739052        1.1423085642        1.2036666689
LA         0.7973159952       -0.8141945640       -1.6616225412
LA         1.9650274114        0.3915890285       -0.2119893187
LA        -1.3424975006        1.4937754667       -0.1610892632
LA         0.8377611220        1.7751014417       -0.4547368126
LA        -0.9731946503       -1.0426491084       -1.4231617687
LA        -1.9857412122       -0.1181920198        0.3201190279
LA        -0.5975924309       -1.8218893665        0.6190447111
LA         1.7062509620       -0.3323992158        1.1673100070
LA        -1.7062509828        0.3323991415       -1.1673095310
LA         0.1471601947       -1.9423224466       -0.7681932342
LA         1.2047596299        0.7080165824       -1.5593782089
LA        -1.2047594282       -0.7080170456        1.5593780074
LA        -0.1471603730        1.9423226269        0.7681928034
LA        -0.3394901487        0.0112821979        1.6408196208
LA         0.9839447157       -1.1970167686       -0.6377096998
LA         0.7409760494        0.1506984486        1.4952975557
LA        -0.8304150351        1.0297764134       -1.0284167010
LA         1.3764889790       -0.2133027911       -0.9313702407
LA         0.2500514432        1.1691925681       -1.1739390292
LA         1.5626251941       -0.5994689802        0.0806822382
LA         0.0530540233        0.9949965581        1.3471589685
LA        -0.2517346649        1.6273243092       -0.3100252697
LA        -0.7852640729       -1.4253036593       -0.3994244684
LA        -1.4731862680       -0.5810056976       -0.5475624648
LA        -1.2870498119       -0.9671722864        0.4644897243
LA        -1.0092098139        0.0327956992        0.7856619701
LA         0.9544490960        0.6899772508       -0.4998034135
LA        -0.3195221549       -0.8136692147        0.9341804765
LA        -0.6227714217        1.0012093649        0.4965688353
LA         0.4604678699        1.1409833154        0.3506731204
LA         0.3742835045        0.0908959458       -1.2200389039
LA        -1.1924511245        0.4129556809       -0.2106487936
LA         1.1376901124        0.3098174597        0.4965075666
LA         0.7441385315       -0.6764214437        0.7909218709
LA        -0.0121551830       -0.8775175167       -0.9309460811
LA        -0.6893773812       -0.0463516205       -1.0767800847
LA         0.1744589443       -1.2646749754        0.0837036871
LA         0.0650132387        0.1654831982        0.6412459964
LA        -0.1190155177        0.5472772332       -0.3593475714
LA         0.5611178072       -0.2874614443       -0.2128864565
LA        -0.5071152000       -0.4252991113       -0.0690119073
