          38
Energy of minimum      1=    -173.9284266     first found at step      239 after                32674 function calls
LA         0.0813667171       -1.7085371854        0.3675894472
LA        -0.8196012835       -1.2974531995       -0.8400659346
LA        -1.0402693497        0.8988115454        1.0820439631
LA        -0.2924575961        0.3376960354       -1.6915292965
LA         1.4084899995        0.6005323291       -0.8463797017
LA        -1.5138634713        0.4864733183       -0.7296592447
LA         1.5138633637       -0.4864725519        0.7296598475
LA         0.2924579809       -0.3376952179        1.6915293298
LA        -1.4084894454       -0.6005335671        0.8463790868
LA         1.0402684233       -0.8988124293       -1.0820435388
LA         0.8196004636        1.2974541094        0.8400646183
LA        -0.2415843632        1.5773846121        0.7171722159
LA         0.9798192187        1.4286073975       -0.2446958737
LA        -0.0813657411        1.7085369506       -0.3675884790
LA         0.7190514349       -1.1617547896        1.0927636493
LA         0.7738975494        0.0564011729       -1.5680376633
LA        -1.6748623430        0.3546803536        0.3603867074
LA        -1.0872710542       -0.3375851993       -1.3284271234
LA         1.6748621693       -0.3546813046       -0.3603864675
LA        -0.7738975445       -0.0564019795        1.5680375657
LA         1.0872707149        0.3375868150        1.3284266398
LA        -0.7190508345        1.1617552411       -1.0927627691
LA        -0.9798180620       -1.4286078832        0.2446947297
LA         0.2415830239       -1.5773845801       -0.7171715462
LA        -0.0238335708       -0.6170226564       -1.1996843304
LA        -1.2422833977       -0.4686053972       -0.2401421523
LA         0.3434968011        0.8786940725       -0.9645900959
LA         0.0238330290        0.6170229515        1.1996841143
LA         1.2422834669        0.4686054327        0.2401416629
LA        -0.8749536463        1.0271114246       -0.0050475202
LA        -0.3434962116       -0.8786942974        0.9645900521
LA         0.8749535386       -1.0271115143        0.0050481253
LA        -0.1829411114       -0.7449112303       -0.1170838957
LA        -0.6068241781        0.0739160713        0.4778804095
LA         0.4476224495       -0.2042362131        0.5999921729
LA         0.6068241368       -0.0739163244       -0.4778804362
LA         0.1829411315        0.7449112459        0.1170838329
LA        -0.4476224086        0.2042364417       -0.5999921010
