          98
Energy of minimum      1=    -543.6653608     first found at step     3133 after               432447 function calls
LA         1.6057830445        1.8476140522       -0.8800572437
LA         1.5852319428       -1.2971462814       -1.6034857136
LA        -2.4446498678        0.8506826685       -0.2583436454
LA         2.4446784949        0.1869986267       -0.8690764640
LA        -0.9849498254       -1.5548443628       -1.8382191536
LA        -0.3799375888       -1.8397572309        1.7993489499
LA        -0.4613065970        2.4672867601       -0.6829400103
LA        -1.8261662197        0.1103657744       -1.8492301028
LA        -1.7158458479        0.8047072972        1.7818628633
LA         0.2402577906       -2.5821214156        0.2040610742
LA        -0.7645373088       -2.4751439468       -0.2363517448
LA        -0.0198747983        0.6241416189        2.5252262976
LA        -2.2236286436       -0.0721630997        1.3479553687
LA         1.9567792658        0.3820733865        1.6708530150
LA         0.4771371689       -0.3597068067        2.5317320504
LA         2.5752635593       -0.3582420419        0.0799656434
LA         1.4597673300        1.3659217722        1.6643476775
LA         1.2393564170        2.2862216819        0.0624796108
LA        -1.3847326688       -1.7327791672        1.3589363308
LA        -0.1107398756       -1.1165818152       -2.3468485786
LA         1.7158170132       -1.8423870301       -0.6544436907
LA        -0.9519562469        0.5486280426       -2.3578594897
LA        -0.0948804403        2.0286788305       -1.6254767712
LA        -1.9368663224        1.7275525774        0.1755638782
LA         1.7229398230       -0.1947766245       -1.6226620510
LA        -1.7323132843       -0.8841259472       -1.3626828895
LA         0.3681295204        1.4269106513        1.8622295960
LA         1.3570509756       -0.5306856360        1.8751739938
LA         0.4899513898       -2.0280466579        1.1342245784
LA        -1.3476781061        1.6095883968        1.1101715750
LA         0.8742320409        1.4852617141       -1.6337710235
LA        -1.5093230802       -1.8151895373        0.2579204559
LA         0.1451406301        2.3579743939        0.2416260398
LA         1.9827694199       -1.2796603146        0.2656788504
LA        -2.3580309479       -0.1351500932        0.2468110051
LA         0.0071316281       -0.0121001085       -2.3747199041
LA         1.8795187085        1.5740667865        0.6457124630
LA        -1.0677596714        1.4864262050       -1.7543219865
LA        -1.5151076798       -0.7529044769        1.8880685954
LA         0.7033487142       -2.3075884195       -0.7794588488
LA         2.3788113695        0.5857034592        0.6522475585
LA        -0.3060575584       -2.2001197481       -1.2218928758
LA         0.5721643263       -1.7598456890       -1.7328562412
LA        -0.5057017132       -0.8603736866        2.3305026973
LA        -1.9459812914        1.0461526107       -1.2433584148
LA        -1.0049946048        0.1279898867        2.3239673145
LA        -1.4358677110        1.9270471178       -0.8074597881
LA         2.2476270927        1.1334463559       -0.3011499119
LA         0.8395569252        0.4121167344       -1.8153315706
LA        -0.2689905957        1.7390325607        1.0361154239
LA        -1.8051813707       -0.9137551600       -0.2765802415
LA         1.2346150780       -1.2373939909        1.0557963843
LA        -0.8457027826        1.8249022307        0.1188769259
LA         1.7960791173       -0.3294587805        0.8515691930
LA        -0.1084283362        0.9423945641       -1.7775684686
LA        -1.6540292200       -0.8303017383        0.7964926227
LA         0.7036530496       -0.6651415783       -1.7669390101
LA        -1.0553143387       -1.5469551379       -0.7435432760
LA         0.7960585540        1.6501083561        0.8384798173
LA         0.9663991703       -1.7622009798        0.1425959030
LA        -1.8673956840        0.0605815206       -0.7541730205
LA        -0.6323369920        0.9340189414        1.6695425478
LA         1.5333332730        0.7676010149       -1.0579657622
LA         0.3676839320       -1.0455482197        1.6826322169
LA         1.8418559642       -0.7328423171       -0.6744640314
LA         0.8574698011        0.4454524374        1.8576090098
LA        -0.5066603606       -1.9102113253        0.6919405654
LA        -0.8574704490       -0.4454530509       -1.8576086665
LA         0.5066608946        1.9102110482       -0.6919405329
LA        -1.8418556636        0.7328427560        0.6744636169
LA        -1.3499452653        0.9398178743       -0.3194678448
LA         1.6578756771        0.2211409907       -0.1010692903
LA        -0.9845754657        0.5024752828       -1.2592854515
LA         1.2925056892        0.6584833518        0.8387486552
LA        -0.1730911623       -1.1038792953       -1.2486636692
LA         0.8288054309       -1.2105481925       -0.8095213232
LA        -0.4782571828        1.3768163664       -0.8266297105
LA        -0.1348395483       -0.0570797186        1.6692006149
LA        -0.6411574834       -0.9314206366        1.2365448047
LA        -0.0428825547       -1.6475469080       -0.3023591793
LA        -1.1367358675        0.0495896790        1.2300579875
LA         1.1622975377        1.2021511435       -0.1075559573
LA        -0.7816324337       -0.9999170879        0.1614367714
LA        -1.2695024900       -0.0341654751        0.1550508048
LA         0.0962450122        1.2726209371        0.0895434183
LA         1.0809651357       -0.6766583944        0.1024325420
LA         0.9504225096       -0.1315954940       -0.8463006071
LA         0.4625524144        0.8341559269       -0.8526863941
LA        -0.0358905275       -0.0265856626       -1.2786126679
LA        -0.9098156950       -0.4647056934       -0.7701489696
LA         0.2244278845        0.7374094712        1.0211292241
LA         0.7212781072       -0.2461184941        1.0276325677
LA         0.2228353450       -1.1068599548        0.6017061962
LA        -0.7618849730        0.8424196288        0.5888168406
LA        -0.4023134285        0.4032190411       -0.3440435076
LA         0.5882392171        0.2977576962        0.0901270104
LA        -0.2735793494       -0.1342929874        0.5915467454
LA         0.0876537336       -0.5666838104       -0.3376301968
          98
Energy of minimum      2=    -543.5467256     first found at step     2307 after               324341 function calls
LA        -0.2740964393        2.1035655664        1.6924410836
LA         1.8344445411        1.7442646124        0.9781757550
LA         0.0784276492       -2.4787199304        1.4784030841
LA        -2.2303372521       -1.3370191347       -0.6452141858
LA         0.8890183010       -1.8685640266       -1.7018931682
LA        -2.0198027895        1.5799346721       -1.0077040379
LA         1.3858441682        0.9996057003       -2.1613624054
LA         2.0269585950       -1.5074709018        0.9927524975
LA        -1.3784651596       -0.9271779411        2.1463366225
LA         1.9457168184        0.0882724657       -1.8198552876
LA        -2.5081670582        0.8472240053       -0.3111070498
LA        -2.1533200353       -0.5396743393        1.4328011984
LA         2.2998101363       -1.2984985828       -0.0756923100
LA        -0.4246172572        1.7236071438       -2.1205188978
LA         0.2595917906        2.4911198537       -0.4867944759
LA         0.8374788865        0.2307039395        2.3562189345
LA         0.6650762067        1.8094759902       -1.8562611913
LA        -1.0582232255        2.1031293179       -1.2724954549
LA         1.4237285130       -1.1590350497        1.8773967705
LA        -0.2990811016       -0.8654638372        2.4609970985
LA         0.4372327478       -1.6372712846        2.1143316459
LA        -1.3963485500        1.2144248474       -1.8603736182
LA         0.3051731391        0.9244824447       -2.4367619164
LA        -0.2189928648       -0.0586798469       -2.3805483328
LA        -1.2636174329        0.1193261299       -2.0266829440
LA        -2.3492496925        0.1538807853        0.5647475793
LA         2.1389586054       -0.6109204189       -0.9556282585
LA         0.7856269355        1.9371655185        1.3447400982
LA        -0.6500813810       -1.7045742153        1.8139835499
LA         1.0532114039       -1.9948195355        1.2369943799
LA        -0.0064606022        2.3193400967        0.6104953877
LA         1.0575245469        2.1380342459        0.2500717820
LA         1.3488489395        0.9986673625        1.6831495742
LA         0.2848251496        1.1799798655        2.0435860816
LA        -2.3710607062       -0.2456431345       -0.4776044219
LA         1.4188286601       -0.8914484801       -1.7614255089
LA         1.5957214616       -1.5842068380       -0.8900135257
LA        -2.1937315347       -0.9384752156        0.3936601500
LA         1.7952105242        1.3345469186       -0.0735309405
LA        -0.9897625377        1.8091133952        0.8698749677
LA        -0.8113598715        1.1116338402        1.7470721766
LA         1.9734289664        0.6370986277        0.8037285584
LA         0.3358570740       -0.9650450968       -2.0447954969
LA        -1.7501507068       -0.6095851153       -1.3381622331
LA        -0.6958353182       -2.1051210391        0.7716311917
LA         0.3506993044       -2.2834530984        0.4171183727
LA        -1.4651597760       -1.7247010544        0.0644962175
LA         0.6210917608       -2.0802028076       -0.6422197828
LA        -1.1923578519       -1.5196112096       -1.0011137616
LA        -0.1532028810       -1.6966852113       -1.3531264892
LA         1.7160571348        0.9045368239       -1.1114547658
LA        -1.6734283165        1.4821130610        0.0367289440
LA        -1.3219279913        0.1079000764        1.7650293374
LA         2.0671904091       -0.4696142408        0.6169691368
LA         0.8666689120        0.0133895798       -2.1114959546
LA        -1.8954768602        0.4840647519       -1.1758220658
LA         1.3303490715       -1.8020962140        0.1724238207
LA        -1.4306911179       -1.3316082498        1.1077238322
LA        -0.7178553577        2.0028891627       -0.2204243504
LA         1.0035898566        1.7095507476       -0.8035619797
LA        -0.2505818568        0.1754931059        2.0778103209
LA         1.4706155022       -0.1178031470        1.4947567443
LA        -0.7114714898       -0.7952204773       -1.7002689055
LA        -0.4253847909       -1.9138215510       -0.2930339391
LA        -1.5194274007        0.7998125028        0.9091723956
LA         1.9142489764        0.2147055975       -0.2539812907
LA         0.2077658472        0.5327759508        0.3453283495
LA        -0.0897175151        1.6188293216       -1.0791756142
LA         0.4808495551       -0.6124029389        1.7275458906
LA        -0.4359832595        0.7379004366       -1.6582287655
LA        -0.0299987149        1.3041294120        1.0071422563
LA         1.0075956271        1.1273206262        0.6556586533
LA         0.1225618284       -1.4430189225        1.0876956628
LA         0.2369457008        1.4977819332       -0.0539633788
LA         0.5189600505        0.3950180022        1.3332828867
LA        -1.0546930713        1.1065062705       -0.8188800766
LA         0.6341684752        0.8187208609       -1.3909798110
LA         0.6545355795       -1.0442059878       -0.9987445447
LA        -1.3926873817       -0.6953547932       -0.3052497278
LA         1.0900089498       -0.9650170660        0.8528728253
LA        -0.5983117280       -0.6773229858        1.4247898476
LA         1.1837444616       -0.0781704305       -1.0588460908
LA        -1.5365990438        0.3853820841       -0.1373327089
LA        -1.3613389573       -0.2995108847        0.7238876135
LA         1.3586020591       -0.7629953662       -0.1974896457
LA         0.9541242570        0.7187684783       -0.3658997268
LA        -0.7168020195        1.0034983120        0.2001244796
LA        -0.5447952514        0.3310609110        1.0458642272
LA         1.1259589767        0.0463602000        0.4798981947
LA        -0.1088504291        0.6381128841       -0.6423233421
LA         0.1099255650       -0.1573257253       -1.3406783340
LA        -0.9232861624        0.0187356769       -0.9906789900
LA         0.1671726754       -0.4407433530        0.7152093768
LA        -0.6418212301       -1.0811119914        0.3930218387
LA         0.3911200123       -1.2571276105        0.0431139594
LA        -0.3732041029       -0.8799123591       -0.6590869068
LA        -0.5837895931       -0.0723316251        0.0254123123
LA         0.4305113588       -0.2451708501       -0.3181810535
          98
Energy of minimum      3=    -543.1896663     first found at step     2373 after               331646 function calls
LA         2.1530715575        0.1466870507       -1.5846468781
LA         0.8513398487        1.8680662081       -1.7248847671
LA         1.7154319786        1.7453631043        1.2127762387
LA        -0.4634908327        2.0631023069        1.7046867246
LA        -0.4645296851        0.8998215110       -2.7472949063
LA        -0.0270574077       -2.5074592841        1.4359434118
LA         1.1137687663       -1.8213710887       -1.6246950268
LA        -2.1070831641       -1.3466747551       -0.9030909993
LA        -1.5686441502       -0.9880444773        1.9725394560
LA        -1.8999451630        1.5784423661       -1.1797053536
LA         1.9489764541       -1.5025568664        1.1847307783
LA         2.3328709305       -1.2723214747        0.1566784794
LA        -2.4503804669        0.8253666608       -0.5568456681
LA        -2.2663667737       -0.5934426648        1.1868883284
LA         0.2927101935        2.5079709250       -0.3938519813
LA         0.5976578058        0.1902487678        2.4442283397
LA        -0.9250670199        2.1197297004       -1.3270889231
LA         1.2489350997       -1.1808227515        2.0052618527
LA        -0.5306157501       -0.9202597403        2.4036731671
LA        -0.1982999256        1.7712291013       -2.1062449283
LA         0.2492866394       -1.6757649742        2.1238060617
LA         0.5795801013        0.9872988987       -2.3617613258
LA         2.2596460654       -0.5682081098       -0.7199347880
LA        -2.3769531096        0.1159686521        0.3169131145
LA         1.8300739307        0.9541087870       -0.9043249334
LA         0.6301129951        1.9169799721        1.4696686461
LA        -1.1832506570        1.2399803330       -1.9651503081
LA        -0.7980157082       -1.7493158606        1.7057070964
LA         0.9614034582       -2.0070179967        1.3118786667
LA         1.0137469851        2.1476520572        0.4170940413
LA         1.6343134765       -0.8382246302       -1.6053981745
LA        -0.0854235894        2.3073454506        0.6637032044
LA         1.1676954331        0.9785464335        1.8458076891
LA         0.0682178117        1.1391104158        2.0941664880
LA         1.7243454863       -1.5475766217       -0.7347191942
LA        -2.2803279065       -0.2612579890       -0.7297723128
LA        -2.1885739055       -0.9702005206        0.1415364520
LA         1.7947110465        1.3590164325        0.1533785227
LA         0.0649628903       -0.0084885384       -2.3812440619
LA         1.8881549303        0.6442441817        1.0308300420
LA        -0.9892107968        1.0644944565        1.6796526955
LA        -1.0821701493        1.7782314378        0.8029674180
LA         0.5908993055       -0.9148966777       -2.0068859437
LA        -1.0166006831        0.1491074020       -2.1388782354
LA         0.3553773215       -2.2868679044        0.4147387016
LA        -0.7251629750       -2.1273171255        0.6565563273
LA         0.7356055527       -2.0585442559       -0.6047603175
LA        -1.5641371436       -0.5988885962       -1.5244201258
LA        -1.4182097214       -1.7404945996       -0.1224093038
LA         0.0382588874       -1.6675028565       -1.3885923969
LA        -1.0344733509       -1.5093689662       -1.1480260304
LA         2.0168400592       -0.4570464916        0.8326392483
LA        -1.6672766984        1.4618089026       -0.1064845194
LA        -1.4844433065        0.0553904200        1.6209832144
LA         1.1142987282        0.0728078847       -1.9966949638
LA         1.0778275768        1.7445349365       -0.6421031414
LA        -1.7414877840        0.4887246354       -1.3569467495
LA         1.3488369806       -1.7898488056        0.2881136279
LA        -1.5023230838       -1.3699241155        0.9262655297
LA        -0.6987459374        2.0007157494       -0.2466761328
LA         1.3243474121       -0.1318496503        1.6486402845
LA        -0.4538292572        0.1288624500        2.0490163172
LA        -0.4897087238       -0.7638264959       -1.7756896275
LA        -0.3439050292       -1.9101970137       -0.3685613892
LA         1.9484467451        0.2457528425       -0.0368163467
LA        -1.5981360713        0.7630193401        0.7631188446
LA         0.1837089346        0.5292537016        0.3837887720
LA         0.0239463396        1.6436634151       -1.0390447575
LA         0.3208923319       -0.6425273191        1.7643677920
LA         0.7983189644        0.8620864461       -1.2965109542
LA         0.9369194616        1.1262635949        0.7903337564
LA        -0.1354258438        1.2823979620        1.0327429434
LA        -0.2406119938        0.7718131038       -1.6705025275
LA         0.0451145056       -1.4631307048        1.0730777843
LA         1.3132130585       -0.0430837179       -0.9157558569
LA         0.2398592966        1.5040247885        0.0125278999
LA         0.3885926192        0.3733408276        1.3965030224
LA         0.7935729382       -1.0148948032       -0.9343232149
LA        -1.3199479106       -0.7026327643       -0.4612944864
LA        -0.9530832969        1.1128126116       -0.8975973006
LA        -0.7182024074       -0.7134966636        1.3451502213
LA         1.0257792669       -0.9687413842        0.9541744891
LA         1.4034997016       -0.7431768548       -0.0560745970
LA        -1.4965562956        0.3718214488       -0.2880187811
LA        -1.4055797250       -0.3291481128        0.5730736949
LA         0.9990377405        0.7402518188       -0.2405066780
LA         1.0888370264        0.0508513088        0.6059247888
LA        -0.7265632479        0.9916251106        0.1490974700
LA        -0.6373326500        0.3033108033        0.9947115303
LA         0.2795772784       -0.1243751023       -1.3158807138
LA        -0.0225006033        0.6531992641       -0.6306686018
LA         0.1163072591       -0.4525108343        0.7277441128
LA        -0.7878502365        0.0320761574       -1.0767757808
LA         0.4223323965       -1.2524320512        0.0679913000
LA        -0.6442036359       -1.0947362787        0.3065770835
LA         0.4868115207       -0.2326115358       -0.2662603274
LA        -0.2661662926       -0.8680394322       -0.7060941645
LA        -0.5602030280       -0.0774026788       -0.0324671749
          98
Energy of minimum      4=    -543.1654807     first found at step     2386 after               333025 function calls
LA         1.6948787994        1.0101403144       -1.9290781649
LA         1.6387061229        1.8066106245        1.2277639455
LA        -0.5641806330        2.1122400355        1.6013970324
LA        -0.3464624868        0.7774758736       -2.7950862030
LA        -0.0565657897       -2.4604178334        1.5329545407
LA         1.2225425162       -1.8694487488       -1.4951139427
LA        -2.0381174992       -1.4218535130       -0.9425081093
LA         1.9150758402       -1.4390758868        1.3395225253
LA        -1.8601962080        1.4945111855       -1.3229185065
LA         2.3443411432       -1.2390028049        0.3238116969
LA        -1.6410911791       -0.9442413054        1.9380240399
LA        -2.3063204320       -0.5917057092        1.1064598672
LA        -2.4265114231        0.7572349285       -0.6957192413
LA         0.2899116517        2.4828258633       -0.4767145808
LA         0.4809801730        0.2843815390        2.4658406887
LA         0.9118678780        1.7995233743       -1.7537666800
LA        -0.8857280712        2.0438647526       -1.4461605087
LA        -0.6263542545       -0.8445609419        2.4145078999
LA         1.1724587135       -1.0944354680        2.1114710046
LA         2.3068127202       -0.5691875446       -0.5806809387
LA        -0.1190724819        1.6763439375       -2.1767265135
LA         0.1752658375       -1.5988219036        2.2005998202
LA         1.7306974457       -0.8765276620       -1.4916291944
LA        -2.3850042630        0.0825016926        0.2063242772
LA         1.8719201563        0.9243715681       -0.8427350696
LA         0.5408234656        1.9729640224        1.4242769011
LA         0.6740821498        0.8948416515       -2.3641468200
LA         0.9295420913       -1.9510889429        1.4373237277
LA        -1.1039736367        1.1371119185       -2.0608516645
LA        -0.8489840051       -1.7037481065        1.7370592344
LA         0.9738082977        2.1652993566        0.3806027331
LA         1.7848370792       -1.5553605211       -0.5871970852
LA        -0.0418136078        1.2116848808        2.0527861650
LA        -0.1380780894        2.3196721324        0.5697142529
LA         1.0693059296        1.0577434312        1.8647044461
LA        -2.1739631287       -1.0068432495        0.0815296348
LA        -2.2340773908       -0.3329310756       -0.8190100794
LA         1.7743395720        1.3794027091        0.1900091890
LA         1.8328382701        0.7017274295        1.1023042937
LA         0.7027850726       -0.9892576432       -1.9366148023
LA        -1.1358240803        1.7837762029        0.6849500835
LA        -1.0758468615        1.1050130094        1.5917363235
LA         0.1790490851       -0.1073455442       -2.3695585474
LA        -0.9147039768        0.0419817969       -2.1839248587
LA        -0.7212563660       -2.1210568576        0.7079169652
LA         0.3717875602       -2.2716769654        0.5227962529
LA         0.7979070026       -2.0749658959       -0.4858731435
LA        -1.4782695402       -0.6903180147       -1.5666121338
LA        -1.3815243792       -1.7750240398       -0.1165128690
LA         0.1338789557       -1.7253610125       -1.3149565271
LA        -0.9521518130       -1.5762682240       -1.1307925698
LA         1.9846611843       -0.4057761070        0.9548638017
LA        -1.5550254478        0.0863019835        1.5501454451
LA        -1.6736099564        1.4234520679       -0.2365744542
LA         1.2073209501        0.0064011084       -1.9419821017
LA         1.3629338778       -1.7653867094        0.4251789910
LA        -1.5201850994       -1.3655119325        0.9118012680
LA        -1.6782350694        0.4007725884       -1.4495151925
LA         1.0955841121        1.7185427204       -0.6609792712
LA         1.2496280509       -0.0578365490        1.7211171737
LA        -0.5480407726        0.1916053234        2.0234312319
LA        -0.7043915778        1.9696714387       -0.3531203257
LA         1.9497895837        0.2623840458        0.0605128552
LA        -0.3904519480       -0.8472639112       -1.7611801146
LA        -0.2939666264       -1.9362434839       -0.3058023053
LA        -1.6369683263        0.7590909237        0.6614875429
LA         0.1642212812        0.5368426261        0.3756372361
LA         0.0555791253        1.5931002046       -1.0972484227
LA         0.2502338952       -0.5786765160        1.8054010492
LA         1.3720147315       -0.0619489192       -0.8556914149
LA         0.8895249576        1.1598747632        0.7937808049
LA        -0.1948321090        1.3103441869        0.9776932377
LA         0.8399125018        0.8137276448       -1.2792711766
LA        -0.1716716795        0.6939014804       -1.7040269693
LA         0.0193346877       -1.4294396351        1.1338285929
LA         0.2280951320        1.4960834653       -0.0331751310
LA         0.8595202559       -1.0429993105       -0.8532188605
LA         0.3211713719        0.4235834416        1.4027253199
LA         0.9975182769       -0.9262932245        1.0438742891
LA        -1.2813754757       -0.7493827895       -0.4899288150
LA        -0.9216197369        1.0545728636       -0.9793409627
LA        -0.7656750148       -0.6812240146        1.3408289154
LA         1.4205082119       -0.7308240804        0.0442131288
LA        -1.4209747142       -0.3375673162        0.5236736313
LA        -1.4802571133        0.3285879183       -0.3664745664
LA         1.0066911287        0.7338869987       -0.2164504654
LA         1.0624773724        0.0804569038        0.6622539129
LA        -0.7402635439        0.9769500510        0.0811389093
LA        -0.6821734695        0.3225350335        0.9553914851
LA        -0.0012282979        0.6184695406       -0.6498489141
LA         0.3472985990       -0.1784800849       -1.2916258371
LA         0.0938523362       -0.4318835160        0.7529872672
LA        -0.7331284545       -0.0310820924       -1.1083002159
LA        -0.6374760356       -1.1015290304        0.3227045875
LA         0.4419558021       -1.2495710477        0.1394886565
LA        -0.2136274206       -0.9062852120       -0.6789639347
LA         0.5117713729       -0.2415472378       -0.2322558137
LA        -0.5507928422       -0.0971054180       -0.0506828556
          98
Energy of minimum      5=    -542.8137097     first found at step     2390 after               333530 function calls
LA        -2.1208102692       -0.6475447392        1.6471919282
LA        -0.5641689269       -2.2524221275        1.7879315601
LA        -0.8177204613        2.3104278259        1.2103312324
LA         1.3932569352        1.8952783206        1.3763022734
LA         0.2835551182        0.4239295870       -2.8379520272
LA        -1.8988380109       -1.4716186020       -1.1693431587
LA         1.3709603622       -2.0841996841       -0.9237736086
LA        -0.0819985230        0.5844718641        2.4949966964
LA        -2.5635207792       -0.3827515182        0.6530491534
LA         1.4584763576       -1.3178479038        1.9190288197
LA        -1.4725857078        1.3670537538       -1.8378111062
LA         2.0969020283        0.6981155084       -1.5683850621
LA         2.1092275021       -1.2570767483        1.0075458788
LA         2.4619416002       -0.1431953127       -0.9215265754
LA        -2.2053790490        0.7319219813       -1.2726793423
LA        -0.4322689409       -1.3234064105        2.3881200476
LA         0.4879922885        2.3899000188       -0.6523339063
LA         0.5869112804       -0.8595510999        2.4631030895
LA         1.3419299265        1.5275603063       -1.6664920225
LA        -0.4638460304        1.8659791803       -1.8025109693
LA         0.4228372969        1.3857677778       -2.2933668476
LA        -1.3387908667       -1.4479001102        1.7261722557
LA         2.3030822759       -0.7064027934        0.0426954761
LA        -2.4007125876        0.1752224685       -0.3113350914
LA         0.2897640943        2.1174688659        1.3021749007
LA         0.4483707560       -1.7874502969        1.8557227981
LA        -0.4572445211        1.4593509643        1.8688003123
LA        -0.5944455063        0.8963526988       -2.3397763857
LA         1.1908156452        0.5617946232       -2.2052520526
LA         0.6597103142        1.2501459048        1.9518603749
LA        -0.1661238673        2.3729360252        0.2833010898
LA         0.9492430567        2.1634917382        0.3671888179
LA        -2.2309696316       -0.9271732926       -0.2575656269
LA        -2.0539582378       -0.3704049522       -1.2212683376
LA         1.7416103872       -1.6713550475        0.0412938991
LA         1.9179023531       -1.1147656416       -0.9224077183
LA        -1.3712709291        1.3256022885        1.2046253427
LA        -1.8916449110        0.3269439649        1.1708323641
LA         1.5482609895        0.7769646784        1.4244987195
LA        -1.1927498938        1.8854533172        0.2336447530
LA         1.7263415752        1.3370537405        0.4537126210
LA        -1.0154974872       -1.9967477129        0.8043653936
LA         0.0830898126       -2.2038266928        0.8848575399
LA         0.6493377250       -0.4158310367       -2.2060620607
LA        -0.4476011024       -0.2102849270       -2.2886170484
LA        -1.4592548817       -1.7368863382       -0.1813781804
LA         0.7275899238       -2.1469217548       -0.0179438080
LA         1.0118102901       -1.2511775213       -1.5684291534
LA        -1.1747691808       -0.8413856771       -1.7325931054
LA        -0.8095210977       -1.6815090991       -1.0905268865
LA         0.2795351888       -1.8854550774       -1.0086276839
LA         1.6663053022       -0.3430504840        1.4437395789
LA        -1.5347874234        1.4276043968       -0.7369500906
LA         2.0169857788        0.7607707962       -0.4685791542
LA        -1.0045689829        0.4563563596        1.8515390757
LA        -1.7957632193       -1.1978134279        0.7348787217
LA         1.0994454832       -1.7401748741        0.9513522279
LA        -1.3317127997        0.2612146922       -1.7918932146
LA         1.5620959087       -0.2811743963       -1.5740241925
LA         0.8016236364        0.1181958361        1.9826742142
LA        -0.5348090175        1.9251526964       -0.6962157723
LA         1.2691005117        1.5865313189       -0.5603050491
LA        -0.3683400151       -1.9531783211       -0.1024629425
LA        -0.0824826156       -1.0549557980       -1.6592542369
LA        -1.7335475410        0.8819072564        0.2172858750
LA         1.8650551258        0.2058434696        0.4900620814
LA        -0.2283373682       -0.3579185044        1.9125446335
LA         0.0688514946        0.5709340001        0.3726614030
LA         0.3497360632        1.4344529643       -1.2006156074
LA        -1.1177427847       -0.4863847547        1.2517547031
LA        -0.3448476470       -1.2815140377        1.3004479177
LA        -0.3675489687        1.4251135451        0.7835615992
LA         0.7202046070        1.2208207261        0.8652374806
LA         0.2096549028        0.4735610845       -1.7335084564
LA        -0.0075526371        0.5830701547        1.4149073738
LA         0.2750290459        1.4689604573       -0.1212685878
LA         0.6539802334       -0.8195084280        1.3731437225
LA        -1.2224430077       -0.7702478101       -0.6394823350
LA         0.9232724221       -1.1723350498       -0.4786918928
LA         1.1098287660        0.6137168444       -1.1096949368
LA        -0.6596996603        0.9454692074       -1.2430072752
LA        -1.5561711013       -0.2307676301        0.2639808461
LA         1.2951873935       -0.7645940868        0.4764959773
LA        -1.3809850466        0.3198273422       -0.6910589247
LA         1.4694205243       -0.2145192354       -0.4765404367
LA        -0.8943725312        0.4565219718        0.7701707735
LA         0.8579105851        0.1283279802        0.9004184008
LA        -0.7213822657        0.9969740872       -0.1672425650
LA         1.0294368963        0.6683383759       -0.0354605568
LA        -0.1379800127       -0.3394144581        0.8377789837
LA         0.1392601869        0.5269123884       -0.6666701024
LA        -0.7929019782       -1.0351269028        0.3339597260
LA         0.2905610197       -1.2388733431        0.4130348738
LA        -0.5114155900       -0.1524267694       -1.1986659733
LA         0.5711986098       -0.3553726555       -1.1171661690
LA        -0.5703832615       -0.0897548234       -0.1263895870
LA        -0.1515474319       -0.9823936299       -0.5655645999
LA         0.4924147270       -0.2891738153       -0.0463071031
