          98
Energy of minimum      1=    -543.6653608     first found at step    34865 after              4691577 function calls
LA        -1.5474166502       -0.0751837338       -2.0896328320
LA        -0.9008018374        2.2072202153       -1.0408892962
LA         0.8799762250        0.8118409814       -2.3093879243
LA        -2.5566172299       -0.4336580778       -0.2058275607
LA        -0.2726887074        0.5788876859        2.5213580134
LA        -1.3483503643       -0.8699129254        2.0474176227
LA         1.4581480115       -1.2090992209       -1.7828624627
LA        -0.9201857193       -2.4329968224        0.0223779556
LA         0.8766357754       -2.4018740390       -0.4787754810
LA         1.8636986658        1.3165953535        1.2489671215
LA        -2.1305378290       -1.2712584834       -0.7819375887
LA        -0.4082608557        2.4599459686        0.7407457195
LA         1.1676411501       -2.2525572451        0.5738599106
LA         2.0936764279       -0.3531112798       -1.5028464790
LA        -2.0654353373       -0.1816297524        1.5708924792
LA         0.2444476634       -0.0441469411       -2.5894038367
LA        -1.9734958702        0.7624167516       -1.5135226991
LA         0.6533468101        2.4783336973        0.4446515007
LA         2.2403349674       -0.8077536673        1.0464934823
LA         0.1608056651        2.2256080442       -1.3369840061
LA        -0.6291805130       -2.2836799197        1.0750134419
LA        -0.9897733281        1.2671711236        2.0448327980
LA         1.5191755126        0.6099246948        2.0215868723
LA         2.5848580925       -0.1010825842        0.2738739063
LA         1.6735372452        0.6746772938       -1.5438834407
LA         0.4090051945       -1.0285108843       -2.1010406928
LA        -0.3278671149       -0.5078333739        2.2965410310
LA         0.9459552400        2.1049802512       -0.5601060664
LA        -1.7546751173        0.8616670650        1.3483830956
LA        -2.2516019425        0.6066908104       -0.4491182265
LA        -0.1793087213       -2.2352369897       -0.7817005842
LA        -1.1663609922        2.0683930352        0.0290431755
LA        -1.4038175282       -1.0599107095       -1.5954240098
LA         0.3997143988       -1.9381362236        1.3127634322
LA         1.4849549927       -0.4764334043        1.7909247443
LA         2.1704639882        0.9296535950        0.2536172761
LA         2.3314546847       -0.8464441689       -0.5244715610
LA        -0.0346141029        1.4245915994       -2.0967978092
LA        -1.5174935859       -1.6170310653        1.2286757128
LA        -0.6730591946        0.5646753116       -2.3780985274
LA         0.5794734293        1.2073580296        2.1526068533
LA        -2.2378693336       -0.9255891232        0.7499636655
LA         1.9853507624       -1.5563584755        0.2516933822
LA        -1.1010935588        1.4061196448       -1.7993443920
LA        -1.8098343200       -1.7670331484        0.1712096544
LA        -0.1409017691        1.8988000684        1.6738947501
LA         0.9255778625        1.9172721668        1.3764418761
LA         1.6930100076       -1.7063604744       -0.8057728259
LA         0.5018710389       -0.9421039771        1.7408880040
LA         1.5441525148        1.1957818565       -0.5965101034
LA        -1.6675187656        1.1401528930        0.2992614168
LA        -0.3785048644       -1.3938306278       -1.4436394882
LA         1.2343943463       -1.2423605923        0.9962051535
LA        -0.5227921265       -0.4181911175       -1.9003733330
LA         0.7559323564        1.3041129349       -1.3369630183
LA        -0.5001950153       -1.2724052481        1.4800014980
LA        -1.9430167976        0.1124659141        0.5212019169
LA         0.6488724577       -1.5427957615       -1.1217661476
LA         1.2314143439        1.5480855834        0.3829663283
LA        -1.0857170842       -1.5728404150       -0.6379698073
LA        -1.3800915707        1.2671153327       -0.7412016501
LA        -0.9046097081        1.5110879972        0.9787275571
LA         0.5382117527        0.1262169399        1.9375271939
LA         1.9275968568        0.1795082274       -0.5583557082
LA         1.0350901953       -0.1758666299       -1.8116438192
LA        -1.0350900683        0.1758666125        1.8116437372
LA        -1.8168603432       -0.2252648050       -1.0162028168
LA        -0.1095486413        2.0742998007       -0.2639552400
LA         0.1095487383       -2.0742998590        0.2639552408
LA         1.8168599791        0.2252648150        1.0162027271
LA        -0.9452118200        0.4248358419       -1.3167231306
LA        -1.5077229686       -0.7289647209       -0.0552475713
LA         1.2841367074       -0.6806072737       -0.8339284623
LA         0.9406077294       -1.3852400340       -0.0635378898
LA         0.1133335045        0.4431706429       -1.6119634534
LA        -0.7927065763       -1.4152626968        0.4199028130
LA        -1.2175569184       -0.5800787603        0.9943512571
LA         1.5743027095       -0.5317212496        0.2156704641
LA         0.1636157370        1.5221479791        0.6811499957
LA        -0.3115166655        1.2783546285       -1.0375149364
LA        -0.1799133832        0.8175152142        1.4515405658
LA         0.8786318851        0.8358500927        1.1563004168
LA        -1.2148803632        0.2944412077       -0.2724249955
LA         0.4702203135        1.1530663172       -0.2935575693
LA         1.1741151961        0.4774430615        0.1742023156
LA         0.8884624083        0.3308727995       -0.8590710966
LA         0.2058659967       -1.0692413032        0.6717047449
LA        -0.5910416651        1.1346843407        0.0024404646
LA         0.8297045432       -0.2289980220        0.9465702232
LA        -0.9292275291        0.4410114313        0.7608483845
LA        -0.7889397106       -0.5428862064       -0.8483477185
LA        -0.0850446408       -1.2185094539       -0.3805878188
LA        -0.2123761777       -0.2470477671        1.2372182952
LA         0.2531410990       -0.5248365766       -1.1389958049
LA         0.5433801803       -0.3715320208       -0.0975178759
LA         0.1233402405        0.4541958145        0.4704265216
LA        -0.5031800629       -0.3896592665        0.1943795516
LA        -0.1635406141        0.3069954520       -0.5672885023
          98
Energy of minimum      2=    -543.4923253     first found at step    30818 after              4143557 function calls
LA         1.5251038844        1.5993240536       -1.5708527598
LA         2.5780355004       -0.2228084967       -0.7606437060
LA        -0.1548583417        1.1258517586        2.6860755022
LA        -1.6844149703       -1.6956311488       -1.6715579749
LA        -0.9945399264       -1.9121572036        1.5871750414
LA        -0.2690979067        2.5528328593        0.9751577645
LA        -1.4222250458        0.4257244913       -2.3100503375
LA        -1.7109809485        1.2603516295       -1.6166291832
LA        -1.0732758599        2.4366872795        0.2001588356
LA         0.2783179449       -2.5172481938       -1.0012247156
LA         1.4313515373       -0.3903161620        2.2837112921
LA         1.1512466779       -1.4112794788        1.9108095208
LA         0.5135468189       -2.5876048087        0.0940365572
LA         1.9606261186        1.4469573444        0.6587970968
LA         0.9211627653       -0.4704744375       -2.3025775232
LA         0.7293230275        2.1758653760        1.3345871423
LA        -0.6358063376       -0.3423100948       -2.5546032979
LA         1.5895447368        0.6869250733        1.9964940952
LA         0.2245092735       -1.8310737068       -1.8924242463
LA         0.7872116850        1.4475496455        2.1856981742
LA        -0.7599079601       -1.4063302811       -2.2219705346
LA        -2.1343804673        1.0231872905       -0.6117300905
LA        -1.8165079822        1.6095475406        0.2938718267
LA        -1.4027532413        1.8631995293       -0.7140107817
LA        -1.7606194781        0.9014535406        1.1585681432
LA        -2.2723034165       -0.0424196151       -0.2991950067
LA        -2.0404736358       -0.1150264673        0.7906962290
LA         0.8380382444       -2.0154320070        1.0107960334
LA         2.0659346372        0.6929588223       -1.1738345570
LA        -0.2116792027        1.8406512987        1.8326393429
LA        -1.5543752374       -0.6361421423       -1.9926392716
LA        -0.7038253073       -2.1080555351       -1.3379808874
LA         0.6387937498        0.3685940523        2.4870748257
LA         1.7605891242        1.5371665854       -0.4620229219
LA         1.2366209014        0.5706364927       -1.9547792870
LA         2.2919212557        0.6176540389       -0.0531748643
LA         1.7679612304       -0.3488617725       -1.5459090191
LA         0.0784511547       -1.6636191878        1.7496251824
LA        -0.2401423228       -2.2513086791        0.8419693171
LA         0.7566087129        1.9384615762       -0.8158845447
LA         0.4358281748        1.3467384925       -1.7297703524
LA         1.8264897636       -1.0597684610       -0.6596238288
LA         2.1472187550       -0.4681397772        0.2541164954
LA        -1.9819546349       -0.8701567206       -0.9865311838
LA        -0.9599011501        1.0151655442        1.9252504955
LA        -0.4368391931        0.1107525959        2.3276525984
LA        -1.4590799704       -1.7749141456       -0.5846606828
LA        -0.7162945796       -0.9015240204        1.9616090279
LA        -1.2289858437       -1.8472546081        0.5009780372
LA        -1.5198371619       -1.0148708323        1.1905817911
LA        -0.0164304268        2.2319851511       -0.0510043828
LA        -0.6483344373        1.0663512878       -1.8512655662
LA         1.6762404948       -0.6969208850        1.2512503781
LA         1.0443440749       -1.8625418813       -0.5489903953
LA        -1.0211008176        1.7341737354        1.0707179639
LA        -1.8563360388        0.1934638018       -1.3088278631
LA        -0.4775628619       -2.1924972589       -0.2475133474
LA         0.3574872020       -0.6521308540        2.1315019278
LA         0.9775309941        1.8584460431        0.2999301861
LA         0.1371931163        0.3083274888       -2.0941482495
LA         1.8371090043        0.3709306583        0.9612786333
LA         0.9968039490       -1.1791285375       -1.4327075117
LA        -1.7609314678       -0.9510247925        0.1032322062
LA        -1.2463424182       -0.0017930808        1.5692708840
LA        -0.3418533845        1.6686758930       -0.9604414064
LA         1.3724960861       -1.2985263660        0.3590156875
LA         0.5426035543        0.1941260109       -0.3161498949
LA        -0.0023558026       -0.7628137448       -1.7594948810
LA         1.0236173148        1.1297369385        1.1634505372
LA        -1.4913513452        0.5807403116        0.1474557406
LA         1.0243746189        0.8850487260       -0.9326139040
LA         1.5425154323       -0.0116292528       -0.5339033820
LA         0.0843174496        0.8047591646        1.6532686660
LA        -0.9187624794       -1.0455631260       -1.2044569407
LA         1.2449124487        0.8087674749        0.1536169945
LA         0.7377803786       -0.1267072467       -1.2911753695
LA        -0.4670900259       -1.1886153618        0.9335571613
LA         0.0304947350        1.5161263863        0.8101490861
LA        -0.7898878416        0.0028147477       -1.5270815543
LA         0.8734701631        0.0569983810        1.4588590110
LA         0.0531586039       -1.4561812429       -0.8781675764
LA        -1.0763949744        0.8226164059       -0.8469348035
LA        -0.7613846645        1.4036964806        0.0505129300
LA         0.5969730838       -0.9469845311        1.0955814914
LA         0.2820354828       -1.5279307776        0.1983405825
LA         0.2716799056        1.1984681710       -0.1919000401
LA        -0.0375582359        0.6280359081       -1.0729029808
LA         1.1060505687       -0.2454028718        0.4500568255
LA         0.7968361491       -0.8157917949       -0.4308789544
LA        -0.7114041545        0.6978284985        0.9095158259
LA        -1.2173469649       -0.2354540914       -0.5318902574
LA        -0.1761231126       -0.4177094801       -0.7577813907
LA         0.3199989894        0.4974573226        0.6556454529
LA        -0.1954502769       -0.1948847583        1.3062879041
LA        -0.7013297963       -1.1280504992       -0.1349372415
LA        -0.9892517553       -0.3077763939        0.5465128792
LA        -0.4608550346        0.3867639850       -0.0886589951
LA         0.0460389649       -0.4897890705        0.3009691240
          98
Energy of minimum      3=    -543.1896663     first found at step     2404 after               335252 function calls
LA         0.5645922173        0.1081943681        2.6149317080
LA        -1.4567053111        0.7102515060        2.1361717108
LA        -1.2116467055       -2.1729642218        1.1269269420
LA        -2.1797807751       -1.4261560742       -0.7692892429
LA        -0.8769739507        2.4041339569        1.4227267875
LA         2.3229229729       -0.8391856240       -1.4999378679
LA         2.1376745783        0.9715114486        1.2976984101
LA         0.7020417147        2.0793340169       -1.5008042813
LA         0.3942155915       -0.6377219309       -2.6010942527
LA        -2.0165329816        1.8072972354       -0.4003128229
LA         1.9583717240       -1.8483719267        0.4561525400
LA         1.8965630114       -1.2405216246        1.3963500563
LA        -1.4873578180        1.6944826388       -1.3828112744
LA        -0.1544361358        0.3414380989       -2.5993973181
LA        -2.2900953518       -0.1670027654        1.1217359069
LA        -0.1109411739       -2.3710671810       -0.8563716730
LA        -2.2388117439        1.3227539193        0.5900970094
LA         1.4089929779       -2.1844878309       -0.4669131642
LA         0.6174382845       -1.5719465269       -2.0134121973
LA        -1.6577861662        1.6135893874        1.5036349466
LA         1.5809728851       -1.6686775044       -1.4480759435
LA        -0.6687741155        1.5016207576        2.0460855184
LA         1.2409054636       -0.5696822546        2.0205898797
LA        -0.8264725928        1.0265873383       -2.0067012481
LA        -0.3308900895       -0.3831630893        2.1956765335
LA        -1.7071298660       -1.8125484170        0.1793188925
LA        -1.4477912554        2.1075216325        0.5115697191
LA         1.3599498772       -0.7393667173       -2.0518880989
LA         2.1426300032       -1.3450293451       -0.5229504408
LA        -1.7683719751       -1.1843667198        1.1332242002
LA         1.3522709117        0.5400804499        1.9571867483
LA        -2.2561212912       -0.8062869258        0.1773735003
LA        -0.6690011216       -2.2938399723        0.1371411425
LA        -1.1577476929       -1.9171511198       -0.8197014479
LA         2.0181492935       -0.1343840735        1.3480309069
LA        -0.3925615578        1.8877017510       -1.4433282165
LA         0.2734079353        1.2117177825       -2.0513813738
LA        -0.7736035650       -1.2906339493        1.6814399248
LA         0.1304531405        1.9316253455        1.3879557438
LA        -0.1018375500       -1.9718451931        1.0696935440
LA        -1.3809005218       -0.9851055238       -1.4337363220
LA        -2.0515684333       -0.3046560489       -0.8223185777
LA         1.1346547598        1.4539565187        1.3462385019
LA        -0.3499105520        2.3038301006        0.4477046661
LA         2.2695894657       -0.2349132166       -0.5673145649
LA         1.7876861782        0.1369238108       -1.5059333210
LA         2.2081505862        0.3681383114        0.3646927824
LA         0.1756362878        2.1956913093       -0.5264411934
LA         1.2475496401        1.1090275233       -1.5064202133
LA         1.6629279650        1.3460600541        0.3647086854
LA         1.1847373385        1.7148356672       -0.5674772118
LA         0.9958325616       -1.7331394380        0.9871009067
LA        -1.8829918797        0.8089889157       -0.8531794327
LA        -0.5615404397       -0.5316159562       -2.0582229672
LA         0.3461384549        1.0278757342        2.0143021804
LA        -1.3188207408       -0.2916489966        1.6712461960
LA        -0.9220226655        2.0108466200       -0.4683011743
LA         2.0941501974       -0.7409318639        0.4141073542
LA         0.8236000806        0.2402882008       -2.0629054629
LA        -2.1051849163        0.3223032171        0.1275822528
LA         0.4455747875       -2.0701129085        0.0734145476
LA        -0.3458016609       -1.4599668463       -1.4730752695
LA         0.6612854377        1.8357224598        0.4112712554
LA         1.7374874333        0.7455315605       -0.5729583810
LA         0.3425460619       -1.0706853103        1.6107421382
LA        -1.2333178226        0.1454729093       -1.4752463533
LA        -0.4674874228       -0.4876261315        0.0694862993
LA        -1.5166289220        0.6274138811        1.0430752784
LA         0.6315703052       -1.5478085330       -0.9133531604
LA        -0.5308144305        0.5186678338        1.5845083098
LA        -0.8324181714       -1.3153332776        0.5898249568
LA        -1.3086656386       -0.9480266763       -0.3436306812
LA        -0.7353162063        1.4091806563        0.9579607906
LA         1.3632509493       -0.7172640803       -0.9598757804
LA         0.4686673359        0.0416088886        1.5308862304
LA        -1.3651425667       -0.3407884514        0.5831206470
LA        -0.3020434103       -1.4155433528       -0.3815947522
LA         1.2434882528        0.4704420907        0.8747288662
LA         0.3007163244        1.1976956298       -0.9611674730
LA        -1.3046894020        1.1166580475        0.0571148193
LA         0.4105561307       -0.6224166887       -1.5094243012
LA         1.1862075796       -1.2222935168        0.0064899866
LA         1.1262608653       -0.6251394090        0.9305939122
LA        -0.7844158603        1.0093934172       -0.9092324416
LA        -0.1258430089        0.3412168590       -1.5100135291
LA        -0.4010003528       -0.4472150917        1.1149395144
LA         0.2468182278       -1.1041703116        0.5245806974
LA        -1.1674685374        0.1442260629       -0.3868602911
LA        -0.5208192284       -0.5118862067       -0.9769138185
LA         0.2582892242        0.9496078163        0.9255845231
LA        -0.6027381211        0.4466847322        0.5119553352
LA         0.4347016952       -0.6048235244       -0.4394628208
LA        -0.2166653421        1.3169035315       -0.0020800841
LA         1.3171198461       -0.1221309199       -0.0430473417
LA         0.8412633671        0.2449396983       -0.9693893261
LA         0.3773262804       -0.0163756191        0.4683425753
LA         0.7804339554        0.8437701414       -0.0433716689
LA        -0.0901831176        0.3442750544       -0.4406977010
          98
Energy of minimum      4=    -543.1654807     first found at step     2595 after               366924 function calls
LA        -1.1065360587        0.5735579062       -2.4618991799
LA         1.7676517768        1.6021092858       -1.3286295815
LA         2.6505126995       -0.2929387615       -0.4830111396
LA        -1.5225220148       -1.5559686724       -1.9488201038
LA        -0.4208514701        1.0278667783        2.6782791236
LA        -2.5380218475        0.8794094090        0.0994984224
LA        -1.2346227992       -1.9248324761        1.3544881259
LA        -0.2772744955        2.5268061704        1.0349614607
LA         0.3149499260       -2.4817484743       -1.0889156887
LA        -0.9863000049        2.4768398562        0.1685014516
LA         1.1453983823       -0.5345158106        2.3964693782
LA         0.8742977309       -1.5267302046        1.9488924324
LA         0.4159141979       -2.6022957609        0.0214640665
LA         1.1795498711       -0.4093582615       -2.2173899399
LA         1.9315553843        1.3413489057        0.9286887131
LA        -0.3254014509       -0.2160518858       -2.6444130074
LA         0.3938173680       -1.7603988777       -1.9491487324
LA         1.3762599478        0.5451538973        2.1781110363
LA         0.6566822311        2.0934604684        1.4889423829
LA        -1.2251957749        1.9589330204       -0.8025128475
LA        -0.5283810994       -1.2847918737       -2.3733031136
LA         0.5853670884        1.3295702582        2.3063342955
LA        -1.9942967908        1.1444136921       -0.8376574194
LA         0.6490970963       -2.0808098542        0.9932400694
LA        -0.3841684150        1.1742647443       -1.8820910060
LA         2.2243159425        0.6589412919       -0.9120614791
LA        -1.3153837672       -0.4923274080       -2.2071921913
LA        -0.3491656584        1.7782806012        1.8580899313
LA        -0.6043298129       -2.0203790750       -1.5204422285
LA         0.3625652491        0.2474259045        2.5393370863
LA         1.4887953468        0.6028960726       -1.7893256716
LA        -1.7642987864        1.6789963399        0.1334579151
LA         2.3139253526        0.5289013873        0.2233223317
LA         1.9348719112       -0.3534283342       -1.3623064380
LA         1.8690355803        1.4848541670       -0.2031587695
LA        -0.1802125971       -1.7275123363        1.6521869417
LA        -0.4093480099       -2.2649883850        0.6891914297
LA         0.6952461248        1.4016120135       -1.6245774425
LA         0.9310397330        1.9429639218       -0.6518042799
LA        -2.2075760900        0.0677501075       -0.5873947321
LA         1.8629639495       -1.1014693177       -0.5071896945
LA         2.0936787001       -0.5607294513        0.4628355969
LA        -1.8689097464       -0.7444771238       -1.2693776807
LA        -1.4320190936       -1.6848661906       -0.8476557696
LA        -0.6956162734        0.0412555149        2.2438034891
LA        -1.1328196710        0.9814594068        1.8235995892
LA        -1.8381628532        0.9320713993        0.9646826260
LA        -1.3357528266       -1.8077743844        0.2526034726
LA        -0.9664788223       -0.9424399137        1.8029476616
LA        -2.1095126254       -0.0575219154        0.5201481553
LA        -1.6753007649       -0.9914935844        0.9381975428
LA         0.0842083199        2.2376759987        0.0318431539
LA         1.4996585832       -0.8095424801        1.3871442270
LA         1.0449599148       -1.8753213354       -0.5238153111
LA        -1.6680287756        0.3255051342       -1.5299298244
LA        -1.0654943229        1.7362206397        1.0026044560
LA         0.0881242138       -0.7449089194        2.1081535941
LA        -0.5131207947       -2.1544586544       -0.4161741435
LA         0.4035971908        0.3922456113       -2.0673264741
LA         1.0146221332        1.8082827195        0.4772996115
LA         1.7331715189        0.2608075106        1.1659469449
LA         1.1277890664       -1.1554655197       -1.3760298590
LA        -0.1486764193        1.7264474307       -0.9335207631
LA        -1.7830798949       -0.8747334005       -0.1659279369
LA        -1.4125560540       -0.0067358893        1.3905431917
LA         1.2827139693       -1.3617898770        0.4400271974
LA         0.5931902453        0.1899912023       -0.2613439740
LA         0.1909259372       -0.6894106684       -1.7981299088
LA         0.9295731836        1.0437240984        1.3051784909
LA        -0.9322633420        0.9116908341       -0.9582142055
LA         1.1691455861        0.8845237323       -0.7857278862
LA         1.6037399915       -0.0483090376       -0.3694996897
LA        -0.5890524651        0.0968141376       -1.6272013299
LA        -0.7948163534       -0.9558695724       -1.3672082457
LA        -0.0728147670        0.7392134477        1.6665834791
LA         0.8903280400       -0.0992901771       -1.2201848559
LA        -1.4631446853        0.6427987332       -0.0249519197
LA         1.2575058209        0.7548138774        0.3148774721
LA         0.0006177256        1.4859227875        0.8571864345
LA        -0.6071835542       -1.1981890091        0.7994993835
LA         0.1155147435       -1.4174118266       -0.9477422346
LA         0.7059770074       -0.0317839447        1.5325577467
LA        -0.6982221673        1.4374837850        0.0052897659
LA         0.4380969098       -1.0077029375        1.0954274296
LA         0.2115922713       -1.5388563193        0.1434752333
LA         0.1214712003        0.6779376515       -1.0604304748
LA         0.3482339736        1.1989922892       -0.1227285135
LA         0.8230077317       -0.8245227682       -0.3896480122
LA         1.0453928934       -0.3029443869        0.5454732873
LA        -0.0885961383       -0.3756876165       -0.8098265584
LA        -1.1418185200       -0.1578181667       -0.7015073390
LA         0.2677258041        0.4629770077        0.6901426294
LA        -0.7103561062       -1.0867463629       -0.2848668025
LA        -0.3459933284       -0.2326387242        1.2450091316
LA        -0.7776013250        0.6955627595        0.8292999889
LA        -1.0466337874       -0.2810463539        0.3918578570
LA        -0.4227065122        0.4166138253       -0.1481544163
LA         0.0022433680       -0.4963554530        0.2626733818
          98
Energy of minimum      5=    -543.0227829     first found at step     2411 after               336532 function calls
LA        -0.0495737161       -1.0757318511       -2.7936713141
LA         1.1311481162        1.7800408422       -1.7301121364
LA         2.4649211812        0.0798518999       -1.0789386783
LA        -1.6935252179       -1.8449524674       -1.5003241866
LA         0.0395657162        1.1121836242        2.6900234645
LA        -2.5676161035        0.5247497728        0.6873188726
LA        -0.6003631102       -1.9930450132        1.6483452756
LA        -1.3035511864        2.3303592142        0.3611416266
LA        -0.4275778144        2.5263831632        1.0306265698
LA         1.7166107214       -0.2228286942        2.0750629562
LA         1.5033208468       -1.2660067403        1.7220802321
LA         0.4106529128       -2.4509939158       -1.0806562564
LA         0.7823484637       -2.4960600326       -0.0239320186
LA         1.8477517115        1.6672210597        0.4297470327
LA        -0.8921238049       -0.3976813388       -2.4874248973
LA         0.6398604588        2.2561747115        1.2605207904
LA         1.7244341236        0.8656829120        1.7889704058
LA        -1.6767427290        1.7335401031       -0.5167929460
LA        -1.0047790092        1.0041176121       -1.7599454596
LA         0.8751976611        1.5346559261        2.0859494198
LA        -1.7131434332       -0.7779229789       -1.8258616734
LA        -2.3000931079        0.8160267026       -0.3554027982
LA         0.6816266959       -0.3352704744       -2.4150192556
LA         0.1801790198       -1.7734307988       -1.9469206033
LA         1.1509117373       -1.8962483005        0.8563043644
LA        -2.0217447910        0.0184120904       -1.0965878410
LA        -0.8736736663       -1.4614054187       -2.1475679994
LA         1.8112053048        0.9366700316       -1.4133954399
LA        -0.1940778867        1.8204823179        1.8621215878
LA        -1.9374719142        1.4280151667        0.5245359972
LA         0.8786179689        0.4454592872        2.3844066066
LA         2.1776824781        0.8816924618       -0.3295897954
LA         1.5051302386        1.7394715551       -0.6579818888
LA         0.9149940593        0.7283752595       -2.0928973778
LA         1.5871924167       -0.1302627291       -1.7641636325
LA        -0.6416543582       -2.1498475220       -1.2908778873
LA         0.4518312372       -1.6312350345        1.6857760281
LA         0.0623788866        1.4074509937       -1.7640401217
LA         0.0914251447       -2.2461392483        0.8135994491
LA        -1.9934018121       -1.0551723976       -0.7749231042
LA        -2.2849468051       -0.2650338173       -0.0458656753
LA         0.4296743592        2.0321611031       -0.8835134767
LA         2.1868727467       -0.2154257532       -0.0257318824
LA         1.8228231555       -0.8339102666       -0.9051576494
LA        -1.3340522519       -1.9005076836       -0.4492175385
LA        -0.1753067296        0.0744633522        2.3503594873
LA        -0.8348348814        0.9187677938        2.0291259815
LA        -1.7035620738        0.7230977404        1.3623823833
LA        -0.9694206333       -1.9499727978        0.5994569736
LA        -0.3882674170       -0.9599982911        2.0033912269
LA        -1.9169772334       -0.3175842463        1.0107421269
LA        -1.2614912523       -1.1559363534        1.3308530053
LA        -0.2717848434        2.2382966266       -0.0253976005
LA         1.8659297864       -0.4974717356        1.0157697264
LA         1.1500626928       -1.7165638208       -0.7163154796
LA        -1.0736549713        1.6308494451        1.2022765277
LA         0.6658067546       -0.5974851492        2.0479867014
LA        -0.2799415941       -2.2103706135       -0.2374627450
LA        -0.1552839363        0.3415133085       -2.1075214051
LA         0.7909057069        1.9721229159        0.1975817604
LA         1.8766628422        0.5825485525        0.7264039237
LA        -0.6391609899        1.6451688395       -0.9009561110
LA        -1.6374057182       -1.1137184959        0.2806488393
LA        -1.0539570641       -0.1211962622        1.6913350828
LA         0.9240807827       -1.0403285255       -1.5789286259
LA         1.5226184017       -1.1242891195        0.1558159665
LA         0.4633083884        0.2732277451       -0.3902079935
LA         1.0181410252        1.2482999552        1.0372003581
LA        -0.9787130187       -0.0607826218       -1.4467613628
LA        -1.2708404639        0.7313375422       -0.7175351477
LA        -0.1400531564       -0.7339059646       -1.7616537300
LA         0.7903844538        1.0140029372       -1.0484412261
LA         1.4470122930        0.1773519993       -0.7276529480
LA        -0.9519962096       -1.1162996565       -1.1169911699
LA         0.1845277182        0.8229524493        1.6302359686
LA        -1.5270145112        0.4386633394        0.3179127877
LA         1.1482850026        0.9576788904        0.0027621939
LA         0.5770298073       -0.0212601209       -1.3852199535
LA        -0.2352704681       -1.2144702881        0.9483126685
LA        -0.0447524839        1.5282401467        0.8120617508
LA        -0.9059642194        1.3356910782        0.1520718776
LA         1.0188834727        0.1652383926        1.3302238903
LA         0.0895193670       -1.4199850593       -0.9149622483
LA         0.8086909912       -0.8607982040        0.9862460550
LA         0.4523453472       -1.4683933718        0.1239383162
LA        -0.2485505547        0.6413236192       -1.0674039327
LA         0.1052493595        1.2419759669       -0.2178060353
LA         1.1585830027       -0.1065797031        0.2958314097
LA         0.8079099539       -0.7033415734       -0.5522783728
LA        -1.2534259017       -0.3410138452       -0.4036051204
LA        -0.2352086175       -0.4104384038       -0.7508896509
LA         0.3286646378        0.5468981187        0.6061651605
LA        -0.6015280120       -1.1762871289       -0.0828972127
LA        -0.6793271445        0.6344760847        0.9846403445
LA        -0.0280096483       -0.1991434499        1.3023706414
LA        -0.5208783782        0.3581496408       -0.0432354131
LA        -0.8907620224       -0.3927118672        0.6394388238
LA         0.1204977164       -0.4620751450        0.2705643802
