          98
Energy of minimum      1=    -543.6653608     first found at step       12 after                 2400 function calls
LA        -1.9474819760       -0.1523733893        1.7177927942
LA        -2.1734696356       -1.4291273466       -0.0184504461
LA        -0.7463611065        0.0756247684       -2.4907714661
LA         2.0107578358       -1.5763780836        0.4884686519
LA         2.4101669468        0.9653691776        0.1608502372
LA        -0.2964112696       -1.9079059366       -1.7432013077
LA         0.5705122424       -2.5285366579       -0.2184811242
LA         1.7107845523        0.6161320421       -1.8601915626
LA        -0.1738933893        1.7274169962        1.9371390981
LA         1.5408452086        1.5877165288       -1.3680890078
LA        -2.4610993499        0.2153257613        0.8144571606
LA        -0.1822636225        2.2781006523       -1.2424786755
LA        -1.8917507070        1.7854880279       -0.0052651670
LA        -1.0331972403        1.7155409461       -1.6601621508
LA        -1.6598520740       -1.7968265440        0.8848849874
LA         1.2166653279        0.1048639645        2.2968336113
LA         1.5539819695        1.0351221852        1.8111814251
LA         1.5035022388       -1.5350521961        1.4662236672
LA         2.5801062640       -0.0062152534       -0.3312524366
LA         0.0632570496       -2.4872108123        0.7592740694
LA        -0.5112098321        0.7971587773        2.4227913994
LA        -1.0408169553        2.3480474578        0.4124182960
LA         0.2745119291       -0.3333995592       -2.5651908843
LA        -1.3172842038       -1.4988814686       -1.6687815741
LA         1.6661770676        1.6709104402       -0.2672162180
LA        -1.3242631226       -1.0701246968        1.6554917195
LA        -2.3462250452       -0.3385015162       -0.1419054987
LA         1.4283030454       -1.8508115980       -0.4170605207
LA         2.0043109935       -0.2622839125       -1.2463693228
LA        -1.7702170596        1.2500257435       -0.9712154808
LA        -1.4800258411       -0.4090716939       -1.8115397819
LA         0.1288078505       -0.1094865245        2.3687367244
LA         0.5512395868       -1.2229216698       -1.9596148321
LA         0.7999780873        1.7414796841        1.4024179820
LA        -0.0770855084        2.3693695113       -0.1401366476
LA         0.4189997231       -1.7685837812        1.5284116404
LA        -0.9231137995       -2.3484638839        0.2445365489
LA         0.6994663561        0.6794686730       -2.3401472258
LA        -1.1449747662        1.7918708555        1.3803809363
LA         1.8845971508       -0.4922619419        1.6227111230
LA        -1.9998134965        1.2267297027        0.9607807142
LA         0.5287471607        1.6555117692       -1.8457861092
LA         2.3941805112       -0.5337774879        0.6404689963
LA        -1.4390885112       -1.9790775510       -0.6629444377
LA         2.2234614265        0.4422655531        1.1348301690
LA        -1.4838391455        0.8573434146        1.8682620186
LA        -0.3260915767        1.0903704006       -2.2653865757
LA        -0.4135307265       -2.3899794536       -0.7377057356
LA         0.7701714937        1.8638831693        0.3207821831
LA         1.2842867870       -1.0754418414       -1.1679718516
LA        -1.8041500334        0.1619771174       -0.9428316452
LA        -0.2503082523       -0.9504184438        1.7900212581
LA        -0.1814022778        1.8204695393        0.8441553114
LA         0.8079265653       -0.7195883305        1.6997240834
LA         0.9893444185       -0.2019460497       -1.7435681951
LA         0.4381943885       -1.7219200023       -0.9500479468
LA        -1.0647187151        0.6210385902       -1.5938317575
LA        -1.6158686453       -0.8989353180       -0.8003110443
LA         1.4866289632        1.1521524365        0.7225600138
LA        -0.8601048946       -0.0512710668        1.8213196643
LA        -1.8935366466        0.6885630314        0.0037488767
LA        -0.5824366166       -1.6387694760        1.0172594057
LA         0.6474155914        1.7529454487       -0.7534251008
LA         1.8285577317       -0.8027389604       -0.2675831724
LA        -1.8243497971       -0.7001321477        0.7523007203
LA         1.8243497231        0.7001323490       -0.7523002780
LA        -0.9181683723        1.7989550647       -0.5523775506
LA        -0.4616364158       -0.8111528013       -1.8743842861
LA         0.4616363271        0.8111527805        1.8743843635
LA         0.9181685272       -1.7989551327        0.5523769845
LA        -0.5869989642       -1.3069951765       -0.8688302474
LA        -1.3702550020        0.3205430407        0.9095733633
LA         0.8122248367        0.7727982411       -1.2452886641
LA        -0.2057031024        1.1806432118       -1.1710842233
LA         1.1450291133        0.2136537880        1.2045458775
LA        -0.5217760388        0.8814798070        1.3260519000
LA        -1.0339117981        1.2481177911        0.4253218703
LA        -0.0362542003        0.2118615246       -1.6617674272
LA        -1.0927910481       -1.2657882107        0.1061043702
LA         1.6508211609        0.1724469984        0.2296113191
LA        -0.0748631058       -1.6736332582        0.0318995725
LA         1.3144780984       -0.7551279071        0.7138625011
LA         0.2557002248       -0.6517570642       -1.0708293513
LA         1.0909819810       -0.0995451450       -0.6608284246
LA         0.4231732048        0.9122889507        0.7908846879
LA         0.9210981329        0.8717229380       -0.1688858170
LA         0.7598703111       -1.0126924863       -0.1841092448
LA        -0.7648402556       -0.2428654531       -0.9964341808
LA        -0.9316535097        0.7108479690       -0.5133830680
LA        -0.0809968900        1.2732243523       -0.0958355205
LA         0.2527800716       -0.9713798228        0.7933275284
LA        -0.7493150095       -0.5698784011        0.8663780615
LA        -1.2627652102       -0.2022992730       -0.0366635842
LA         0.0859667002       -0.0176664519        1.2763788861
LA         0.0815657263        0.3097047439       -0.5832991311
LA         0.5879030057       -0.0527821552        0.3072326725
LA        -0.2509692584       -0.6073677830       -0.1045306013
LA        -0.4184995877        0.3504452007        0.3805970579
