          38
Energy of minimum      1=    -173.9284266     first found at step       77 after                11779 function calls
LA        -1.2803625872       -1.1321838367       -0.3737279562
LA         1.2803626485        1.1321836360        0.3737278936
LA        -1.1449614666        0.6035605070       -1.1771232785
LA         0.6658570959        1.2229289170       -1.0592074113
LA         1.1449615095       -0.6035604937        1.1771234400
LA        -0.6658572957       -1.2229285404        1.0592074917
LA         0.0870430437        0.4216282493        1.6957282419
LA        -0.0870430253       -0.4216283834       -1.6957281371
LA        -1.5458681344        0.4403386257        0.6908214694
LA         1.5458679356       -0.4403384828       -0.6908218183
LA        -0.5751227309        1.6150332521        0.3489149549
LA         0.5751227611       -1.6150333083       -0.3489146316
LA         0.1306298613       -0.6783131205        1.6073793072
LA         1.1013747736        0.4963809425        1.2654725425
LA        -0.1306299853        0.6783131794       -1.6073793456
LA        -1.1013746890       -0.4963809750       -1.2654725587
LA        -0.7532431034        0.9823134162        1.2363355227
LA        -1.3677478847        1.0730586245       -0.1965989757
LA         0.7532429530       -0.9823136933       -1.2363355007
LA         1.3677481124       -1.0730584552        0.1965989373
LA        -0.4441511020       -1.6901504015        0.0834377561
LA         1.5020688109        0.6649624027       -0.6020421959
LA        -1.5020689788       -0.6649622588        0.6020419017
LA         0.4441510792        1.6901503035       -0.0834372839
LA         0.7053689358        0.1198350939       -1.1439501455
LA         0.2630284113        1.0520184373        0.8028701477
LA        -0.7053690158       -0.1198349543        1.1439498543
LA        -0.2630284241       -1.0520186382       -0.8028699688
LA        -0.3499906565        1.1425441343       -0.6265993982
LA         1.3183880236        0.0293094288        0.2855194115
LA         0.3499907629       -1.1425440454        0.6265994457
LA        -1.3183878790       -0.0293094766       -0.2855195238
LA        -0.4822904213       -0.5836177011        0.1698678739
LA        -0.3053015708        0.0450844024       -0.7119181085
LA        -0.5256001802        0.5093392879        0.2576558874
LA         0.3053016314       -0.0450844297        0.7119180251
LA         0.5256002782       -0.5093393270       -0.2576559661
LA         0.4822905031        0.5836176812       -0.1698679003
