          98
Energy of minimum      1=    -543.6653608     first found at step       80 after                21999 function calls
LA        -2.1372949757        1.1627813810        0.9201229493
LA        -1.9729895881        1.4277549995       -0.9140810334
LA        -1.9462925887       -0.5494077706        1.6360966696
LA        -1.5915114515       -1.9918996093        0.5158913161
LA        -0.7389331052        0.5109143954       -2.4412414717
LA        -0.6003677996       -2.4738623261        0.5350509126
LA        -1.6172274605       -0.0187274138       -2.0373857942
LA         1.9941421979       -0.0938037057        1.6677269594
LA        -1.4267517632       -1.7261928526       -1.3233872017
LA        -0.4356081611       -2.2081555693       -1.3042276474
LA         1.8036670159        1.6136610305        0.9537290097
LA        -1.3563447495        1.5354366036        1.6029594547
LA         2.2557914335        0.3281567235       -1.2531692902
LA        -1.1653424360       -0.1767523933        2.3189331020
LA         0.7177810314       -1.8448652577        1.6875950267
LA        -1.0946950259        1.9573966104       -1.3179365110
LA         0.9339962641       -0.3025799964       -2.4089024264
LA         1.9010112225        1.7706475449       -0.1329631596
LA         2.3686405706       -0.6834478051       -0.8301542005
LA         0.1261098752        2.4294064100        0.9213006715
LA         2.2043356768       -0.9484216071        1.0040497670
LA         1.0468454640       -1.3141846123       -1.9858871696
LA         0.2234541686        2.5863928358       -0.1653915718
LA         0.5075873096       -0.9902471029        2.3512719970
LA        -2.2477534293        0.0683803406        0.7631651294
LA         0.0832888109       -2.3499612735       -0.3320202794
LA        -0.3339544741        1.3902990846       -1.8960578085
LA        -2.0815263116        0.3364531845       -1.0924924097
LA         1.3585419761        0.5672896619       -1.8633404694
LA         0.8059230381        1.7142911157        1.4321960593
LA        -0.6938707759        0.8098651310        2.1218279915
LA        -1.8888227905       -1.3909834421       -0.3701426212
LA         1.4168551264       -1.7136071660        0.8340044542
LA         0.9986260415       -0.0131445652        2.1545451094
LA         1.5830817479       -1.4455341854       -1.0216527465
LA         0.9996121944        2.0266522983       -0.7300322727
LA        -0.5928113395       -1.1320576056        2.1895753533
LA        -0.8673728699        2.3635052674       -0.2978710004
LA        -0.0604596412       -1.4726114179       -2.0627602998
LA        -0.9651639470        2.2057984577        0.7938082392
LA        -1.0561517367       -0.9884367826       -2.0820076706
LA        -0.1738267660       -0.4563643304       -2.4877169263
LA        -0.3816530519       -1.9905979041        1.5228527909
LA         2.5163365190       -0.2430106412        0.1903033168
LA        -1.3773453038       -1.5064232182        1.5036051875
LA         2.4029695355        0.7732362393       -0.2346529598
LA        -1.7496981023        1.8314330180        0.1078379253
LA         2.3051786345        0.6155292318        0.8570262477
LA         0.3580524035        0.8094822502        1.8402884248
LA         0.6525470399        1.2844116523       -1.4472710868
LA         0.9939484431       -1.7759858303       -0.1675271491
LA        -2.0045486294       -0.3179081905       -0.2254902709
LA        -0.1028235158        1.8134300625       -0.8720741191
LA        -0.1142996700       -0.1553249497        2.0055982274
LA         0.4676767169       -1.6183688178       -1.1053394371
LA        -0.2986866926        1.4975631232        1.3144220596
LA         0.3086234664       -1.8748729892        0.6702366393
LA         0.2406166893        0.4170461053       -1.9564739836
LA        -1.5265690245       -0.6486279066       -1.1438896111
LA        -1.6856223784       -0.9051320311        0.6316863820
LA        -1.8700095380        0.7477563841       -0.0594899989
LA         1.7436920804       -1.0094770003        0.0103654148
LA         1.5166322601        1.0259375104       -0.8407687241
LA         1.3207693240        0.7100704603        1.3457271163
LA        -1.4620812496        0.4365160926        1.4339337206
LA        -1.2005711507        0.8582510382       -1.4854049433
LA        -0.8974080982       -1.8593690639       -0.3489973523
LA         1.4620808459       -0.4365155980       -1.4339338266
LA         1.2005712241       -0.8582507838        1.4854045921
LA         0.8974086516        1.8593683489        0.3489978373
LA        -0.2033393611        1.6486193379        0.2199489828
LA         0.0934357017       -1.0117401016        1.3324120729
LA         0.3494354675       -0.5988909867       -1.5254162227
LA        -0.8948487574       -0.5311674675        1.3133078615
LA        -0.5263251726       -1.1270050100       -1.1227253710
LA        -0.9820367706        1.2770392338       -0.4609179204
LA        -0.6388488661       -0.1183184056       -1.5445205251
LA        -1.0791003165        1.1205057387        0.6226396847
LA        -0.6852615638       -1.3833206194        0.6515454495
LA         1.6245128458        0.0095529779       -0.4105314168
LA         1.5274494977       -0.1469806158        0.6730260533
LA         1.4149259848        0.8617057058        0.2512311999
LA        -1.1966147014        0.0544502523        0.4494375404
LA        -1.1010609438        0.2085489813       -0.6172663634
LA        -0.9902875181       -0.7844484614       -0.2020318155
LA         0.7498600334        0.2649203744       -1.0021835550
LA         0.4462204902        0.9468836567        0.7356244573
LA         0.7671187815       -0.9004536196        0.4873979648
LA         0.5569938071       -0.0461137239        1.1508588708
LA         0.8626724247       -0.7463548091       -0.5793060377
LA         0.5435330480        1.1038189285       -0.3507139509
LA         0.0005333182       -1.2662545177       -0.1828785469
LA        -0.2230525180        0.7380182753       -1.0209906656
LA        -0.4159188452        0.4269842360        1.1320518091
LA        -0.3238899096        0.5787254637        0.0545905915
LA        -0.2126403756       -0.4185404014        0.4716099811
LA        -0.1166759324       -0.2637792322       -0.5996792583
LA         0.6532047438        0.1035939311        0.0734785197
