50.000000000000000     50.000000000000000     50.000000000000000
49.976991893409654     50.696338511937732     50.138782457050191
49.838898220883955     50.182212205694086     49.232900636088473
50.054087272817192     51.098808808686691     50.486486340009371
49.409809674558694     50.858742993039449     49.874759009409843
49.730694478470717     51.309828415052145     49.801492240980366
49.550553394725732     49.606137646224894     50.148291647970389
49.168365075489916     49.354881051773411     50.779518721153565
50.571844711213615     50.387649048734332     50.041265370243323
49.211579641001173     51.056989342442506     50.592762174434675
49.617559449027432     50.317382741285542     50.248360674301516
49.200832871183678     49.954984765146186     50.461626463599607
49.043091354056585     50.542027710318202     49.370942804332977
48.666054327308103     50.723465428256681     49.923566961856828
48.510126933153749     49.433794752173561     50.930556844133569
49.699844346244021     49.516544828279265     49.033582159127569
50.451978412963030     49.472621159485428     49.012928523387700
50.905720935024682     48.990997173358679     48.556882836071964
49.745545717405413     49.085303709575491     51.061929444232504
49.243934618616457     51.761972466608491     50.308202150675449
48.321484924011202     51.288573312682487     50.103216016824724
50.305473698894659     50.048767008388353     49.027910410671574
50.811734387221314     50.715964407570553     50.351438575975422
49.137887514053460     49.230366905436945     49.501750632324580
48.161588253912228     51.476119055940565     49.537171953437110
49.667552590192052     50.299621387479995     48.742782969641326
50.944118249862157     49.382829001087067     48.188103835156596
49.590815156063776     50.808618474738168     50.874180038370916
50.226984643415804     49.305103829644452     50.482199287373966
50.654485223403903     49.021789926175749     50.375820751112705
49.166872154149267     50.722617096770300     51.353031326723041
50.594703714190189     49.323047733070105     49.905332128705481
48.727045044733089     50.420226683199019     50.838682980553365
50.640540375026816     49.686823271124233     50.592850819638002
50.329312757448982     50.882042604955785     51.173090557615453
48.131581626619358     50.189187942310461     51.169703499884527
50.098017146757556     49.943982062729077     50.881479776396979
47.834669175740743     50.558592118483134     50.610148285511201
