          38
Energy of minimum      1=    -173.9284266     first found at step       22 after                 3508 function calls
LA        -0.9925286545        1.2982401822       -0.6247418596
LA        -0.1097341677        0.5344590445       -1.6622738143
LA         0.1097345266       -0.5344594391        1.6622736768
LA         0.9925285988       -1.2982398034        0.6247420965
LA        -0.8930848848       -1.4695584846        0.3219276663
LA         1.4675157265       -0.2606220611       -0.9161414262
LA         1.4428773423        0.5554350945        0.8188019918
LA         0.3023719031       -1.2706591240       -1.1639748006
LA        -1.4428774106       -0.5554344789       -0.8188020455
LA        -1.1598401789        1.2227019396        0.4696945657
LA        -0.3023722249        1.2706588845        1.1639750180
LA         0.8930847829        1.4695582347       -0.3219279255
LA        -1.4675155242        0.2606219982        0.9161415230
LA         0.6100483695       -0.3085800592       -1.6104225973
LA        -0.6100481711        0.3085794675        1.6104226804
LA         1.1598400677       -1.2227018190       -0.4696944132
LA        -0.0314392129       -1.4213677063        1.0195915054
LA         1.1337025493       -0.4113319636        1.2674248235
LA         1.6093777660        0.6306073734       -0.2703277144
LA        -1.1337022881        0.4113325481       -1.2674248069
LA         0.7265850757        1.3943865522        0.7672019783
LA         0.0314391354        1.4213673564       -1.0195916564
LA        -0.7265854965       -1.3943863297       -0.7672021541
LA        -1.6093776102       -0.6306073503        0.2703276557
LA        -1.2957229270        0.3331258536       -0.1750912378
LA         1.2957229696       -0.3331256013        0.1750913712
LA         0.7472603363        0.5787861586       -0.9628788783
LA        -0.7472602633       -0.5787865005        0.9628787569
LA         0.4150644744        0.4288071325        1.2101127720
LA        -0.4150644588       -0.4288070360       -1.2101128122
LA         0.1333979002       -1.3407191799       -0.0721426610
LA        -0.1333980495        1.3407191479        0.0721426978
LA         0.5788720859        0.5018112034        0.1231297952
LA        -0.4385939524        0.3794650448        0.5154712690
LA        -0.5788720757       -0.5018112212       -0.1231297932
LA         0.4385939154       -0.3794650851       -0.5154712734
LA         0.2731505909       -0.4541591666        0.5667427820
LA        -0.2731505654        0.4541591933       -0.5667427559
