 proc #    saddle energy   prefactor   product   product energy product prefactor  barrier         rate repeats
      0      -1774.27925 1.20000e+12        -1      -1774.39331       1.20000e+12  1.51191  1.56290e+01     226
      1      -1775.17162 1.20000e+12        -1      -1775.77872       1.20000e+12  0.61954  4.15620e+07     685
      2      -1774.27925 1.20000e+12        -1      -1774.39331       1.20000e+12  1.51191  1.56293e+01     195
      3      -1774.80236 1.20000e+12        -1      -1775.00587       1.20000e+12  0.98880  9.12392e+04     360
      4      -1774.00430 1.20000e+12        -1      -1775.10669       1.20000e+12  1.78686  1.63826e-01      18
      5      -1774.59558 1.20000e+12        -1      -1775.09429       1.20000e+12  1.19558  2.96082e+03      25
      6      -1774.80408 1.20000e+12        -1      -1775.00608       1.20000e+12  0.98707  9.38798e+04     381
      7      -1774.27834 1.20000e+12        -1      -1774.39309       1.20000e+12  1.51281  1.53968e+01     218
      8      -1775.19010 1.20000e+12        -1      -1775.77872       1.20000e+12  0.60106  5.64626e+07     690
      9      -1774.80553 1.20000e+12        -1      -1775.00790       1.20000e+12  0.98563  9.61623e+04     343
     10      -1774.80236 1.20000e+12        -1      -1775.00587       1.20000e+12  0.98880  9.12347e+04     380
     11      -1775.19009 1.20000e+12        -1      -1775.77872       1.20000e+12  0.60106  5.64589e+07     712
     12      -1774.80553 1.20000e+12        -1      -1775.00790       1.20000e+12  0.98563  9.61559e+04     363
     13      -1774.30820 1.20000e+12        -1      -1775.00974       1.20000e+12  1.48295  2.52584e+01      12
     14      -1774.27850 1.20000e+12        -1      -1774.39495       1.20000e+12  1.51266  1.54357e+01     242
     15      -1774.31103 1.20000e+12        -1      -1775.00908       1.20000e+12  1.48013  2.64690e+01      12
     16      -1774.00296 1.20000e+12        -1      -1775.10696       1.20000e+12  1.78820  1.60227e-01      16
     17      -1774.80408 1.20000e+12        -1      -1775.00608       1.20000e+12  0.98707  9.38798e+04     385
     18      -1774.00296 1.20000e+12        -1      -1775.10696       1.20000e+12  1.78820  1.60235e-01      15
     19      -1774.17486 1.20000e+12        -1      -1774.97273       1.20000e+12  1.61629  2.76946e+00      17
     20      -1774.58414 1.20000e+12        -1      -1775.09317       1.20000e+12  1.20702  2.44937e+03      16
     21      -1774.17569 1.20000e+12        -1      -1774.97273       1.20000e+12  1.61547  2.80760e+00      22
     22      -1774.27834 1.20000e+12        -1      -1774.39309       1.20000e+12  1.51281  1.53968e+01     222
     23      -1774.27850 1.20000e+12        -1      -1774.39495       1.20000e+12  1.51266  1.54354e+01     247
     24      -1774.16545 1.20000e+12        -1      -1774.99747       1.20000e+12  1.62571  2.36940e+00       1
     25      -1774.00657 1.20000e+12        -1      -1775.10639       1.20000e+12  1.78459  1.70114e-01      18
     26      -1774.00430 1.20000e+12        -1      -1775.10669       1.20000e+12  1.78686  1.63826e-01      14
     27      -1774.59558 1.20000e+12        -1      -1775.09429       1.20000e+12  1.19557  2.96102e+03      25
     28      -1774.31103 1.20000e+12        -1      -1775.00908       1.20000e+12  1.48013  2.64686e+01      16
     29      -1774.59469 1.20000e+12        -1      -1775.09375       1.20000e+12  1.19647  2.91741e+03      25
     30      -1774.30820 1.20000e+12        -1      -1775.00974       1.20000e+12  1.48295  2.52584e+01      17
     31      -1774.17668 1.20000e+12        -1      -1774.97273       1.20000e+12  1.61448  2.85410e+00      21
     32      -1774.29975 1.20000e+12        -1      -1774.39287       1.20000e+12  1.49141  2.19546e+01      16
     33      -1774.31061 1.20000e+12        -1      -1775.01016       1.20000e+12  1.48054  2.62880e+01      16
     34      -1774.16646 1.20000e+12        -1      -1774.99726       1.20000e+12  1.62469  2.40945e+00       6
     35      -1774.00657 1.20000e+12        -1      -1775.10639       1.20000e+12  1.78459  1.70111e-01      20
     36      -1774.17668 1.20000e+12        -1      -1774.97273       1.20000e+12  1.61448  2.85405e+00      17
     37      -1774.29767 1.20000e+12        -1      -1774.39155       1.20000e+12  1.49349  2.12112e+01      11
     38      -1774.58414 1.20000e+12        -1      -1775.09317       1.20000e+12  1.20702  2.44941e+03      22
     39      -1774.59469 1.20000e+12        -1      -1775.09375       1.20000e+12  1.19647  2.91736e+03      28
     40      -1774.17569 1.20000e+12        -1      -1774.97273       1.20000e+12  1.61547  2.80764e+00      15
     41      -1774.29788 1.20000e+12        -1      -1774.38966       1.20000e+12  1.49328  2.12855e+01      13
     42      -1774.17486 1.20000e+12        -1      -1774.97273       1.20000e+12  1.61630  2.76927e+00      14
     43      -1774.29975 1.20000e+12        -1      -1774.39287       1.20000e+12  1.49141  2.19557e+01      15
     44      -1774.31061 1.20000e+12        -1      -1775.01015       1.20000e+12  1.48054  2.62876e+01      16
     45      -1774.29767 1.20000e+12        -1      -1774.39156       1.20000e+12  1.49349  2.12112e+01      20
     46      -1774.29788 1.20000e+12        -1      -1774.38966       1.20000e+12  1.49328  2.12852e+01      14
     47      -1774.16646 1.20000e+12        -1      -1774.99726       1.20000e+12  1.62470  2.40941e+00       5
     48      -1774.16765 1.20000e+12        -1      -1774.99752       1.20000e+12  1.62350  2.45753e+00       6
     49      -1774.16546 1.20000e+12        -1      -1774.99747       1.20000e+12  1.62570  2.36956e+00       1
     50      -1774.16765 1.20000e+12        -1      -1774.99752       1.20000e+12  1.62350  2.45753e+00       4
