          98
Energy of minimum      1=    -543.6653608     first found at step      373 after                78298 function calls
LA        -1.3431875745        1.3661977366       -1.7595646266
LA         2.0017991547        1.2703584284        1.0703766973
LA        -1.3443124498       -0.4457372171       -2.1819394354
LA        -1.4592014076       -1.3483453231        1.6791105815
LA         2.4120998617        0.7178426027       -0.6581744745
LA         2.0000063867       -1.6150774363        0.3977631015
LA         0.1460742066       -2.2253006103        1.3391842180
LA        -1.7546233393        1.9202409497       -0.0262299811
LA        -0.8028948945        2.4741794959        0.0226168947
LA         2.4114331110       -0.3556566880       -0.9084139709
LA        -0.3932505163       -0.9652980767       -2.3833316989
LA        -2.1660482650        0.6608204188        1.2799483875
LA        -1.7568770785       -1.7086417843       -0.8721479151
LA        -1.4580724378        0.4686029490        2.1026535325
LA        -0.8058154202       -2.2282028179       -1.0735404623
LA         0.1483292321        1.4035833246        2.1851010599
LA         1.7569202703       -1.2877340607        1.4218607932
LA         0.3920816080        2.1497395100        1.4112428684
LA         0.3891601351       -2.5526436683        0.3150862919
LA         1.2131516930       -0.0303187099       -2.3008818967
LA        -2.1671769095       -1.1561275064        0.8564052216
LA        -0.3914589015        1.9201358645       -1.7107173438
LA         1.7580463757        0.5242021401        1.8442346527
LA         1.2138182363        1.0431804158       -2.0506422197
LA         1.2000497992        1.9331518146        0.6799240599
LA        -1.9025894664        1.1591968252       -0.8221369416
LA         1.1975840750       -2.0359548030       -0.2453006357
LA         0.7139073664       -1.3846291461        1.7923811912
LA        -1.9037277155       -0.6739310808       -1.2494520316
LA        -0.9101440350       -0.4974165533        2.1362831710
LA         1.6138230917       -0.7618036877       -1.5667551834
LA         1.6151496516        1.3741738612       -1.0688448660
LA         0.7150466517        0.4484996697        2.2196954249
LA        -0.0113681482       -1.7077189400       -1.6501690035
LA        -0.0089032255        2.2613863147       -0.7249437825
LA        -2.3188268943       -0.1149543427        0.4993188888
LA         0.1179974053        1.1001559546       -2.2809983085
LA         2.2091359212       -0.2836602603        1.2109816887
LA        -1.6423800046       -1.9183155467        0.2233250156
LA        -0.6869538425       -2.4402607412        0.0210081783
LA        -1.6401795846        1.6237648341        1.0490086178
LA         0.1173277593        0.0217305087       -2.5323865223
LA        -0.6840835476        2.1802454992        1.0980795046
LA        -0.9289545850        1.4306652497        1.8754892177
LA         2.4533378122       -0.6125057948        0.1821844937
LA        -0.9311554767       -2.1114156439        1.0498059610
LA        -0.8380988972        0.5436757888       -2.3300701192
LA         2.4540077687        0.4659201098        0.4335724623
LA         0.9026568318       -1.4524441502       -1.1161277516
LA         0.1672503378       -0.4621364323        1.9820650256
LA         0.9046739470        1.7952022600       -0.3590799541
LA        -1.9745812744        0.1193783313       -0.5068573608
LA         0.5113525047        1.4435513795       -1.3093096971
LA        -1.8018630137       -0.8901731120       -0.1431664193
LA         0.5100111290       -0.7163990575       -1.8128084997
LA        -0.3762800512        0.4770910862        1.9210442498
LA        -1.8007734906        0.8638456047        0.2657075885
LA         1.1776852254       -0.3718334440        1.5919835657
LA         0.1117352813       -1.9355636508       -0.5483814259
LA         0.1141664100        1.9784059573        0.3639909949
LA        -0.3773699943       -1.2769281627        1.5121705206
LA         1.6667907169       -1.0304692960       -0.4685677167
LA        -1.4035876092        0.3289914521       -1.4075940562
LA         1.6681323939        1.1294812727        0.0349307683
LA         0.9500722125       -1.7001395024        0.7689484360
LA        -0.9500730124        1.7001392127       -0.7689486058
LA         0.9518640987        1.1837568760        1.4412034748
LA        -0.9518638717       -1.1837561711       -1.4412044815
LA         1.6049026800        0.3043675131       -1.3099773247
LA        -1.6049018294       -0.3043679456        1.3099785708
LA         0.5054209611        0.3623823276       -1.5559237204
LA        -0.1338581238        1.2232425101        1.1372905322
LA        -0.8415450835       -1.4082262115       -0.3411326779
LA        -0.1356120089       -1.5998897554        0.4791995188
LA        -0.8397915426        1.4149057084        0.3169585981
LA        -0.4428975365        0.8804445026       -1.3551125448
LA        -1.0828411636        0.6709020407        1.0885845274
LA        -1.0839300912       -1.0818276841        0.6800112068
LA         1.4183001562       -0.6954606106        0.5589542095
LA        -0.4435622372       -0.1899578236       -1.6046306210
LA         1.4189651935        0.3749420062        0.8084719880
LA         1.6613504508        0.0485430500       -0.2126712782
LA        -0.9996283982        0.6606650850       -0.4484534260
LA         0.6467434169        1.0257408199        0.4079506579
LA        -1.0002828166       -0.3930881762       -0.6940904988
LA         0.6454222130       -1.1011623636       -0.0878444812
LA         0.4024151319       -0.7739258850        0.9359197702
LA         0.8846921522       -0.3687308365       -0.8474681197
LA         0.8853586705        0.7044187290       -0.5973098962
LA         0.4030698070        0.2798276788        1.1815566440
LA        -1.2388978831       -0.0717664111        0.3111704946
LA        -0.5311528691       -0.2639216336        1.1336078797
LA        -0.0495306951       -0.9124798490       -0.8954172810
LA        -0.0482097288        1.2144229009       -0.3996219990
LA        -0.2947987023       -0.5849873775        0.1170102464
LA        -0.2941413291        0.4732956966        0.3637031304
LA        -0.0545004327        0.1505925500       -0.6458788518
LA         0.6434399113       -0.0389008360        0.1651653338
