 proc #    saddle energy   prefactor   product   product energy product prefactor  barrier         rate repeats
      0      -1775.17161 1.20000e+12        -1      -1775.77872       1.20000e+12  0.61955  4.15579e+07    1164
      1      -1775.19010 1.20000e+12        -1      -1775.77872       1.20000e+12  0.60106  5.64598e+07    1174
      2      -1774.27835 1.20000e+12        -1      -1774.39309       1.20000e+12  1.51281  1.53966e+01     177
      3      -1775.19010 1.20000e+12        -1      -1775.77872       1.20000e+12  0.60106  5.64607e+07    1206
      4      -1774.80408 1.20000e+12        -1      -1775.00608       1.20000e+12  0.98707  9.38798e+04     412
      5      -1774.80553 1.20000e+12        -1      -1775.00790       1.20000e+12  0.98563  9.61527e+04     413
      6      -1774.80408 1.20000e+12        -1      -1775.00608       1.20000e+12  0.98708  9.38752e+04     401
      7      -1774.16646 1.20000e+12        -1      -1774.99726       1.20000e+12  1.62470  2.40933e+00       1
      8      -1774.80553 1.20000e+12        -1      -1775.00790       1.20000e+12  0.98563  9.61575e+04     421
      9      -1774.80236 1.20000e+12        -1      -1775.00587       1.20000e+12  0.98880  9.12287e+04     448
     10      -1774.27850 1.20000e+12        -1      -1774.39495       1.20000e+12  1.51266  1.54359e+01     208
     11      -1774.17569 1.20000e+12        -1      -1774.97273       1.20000e+12  1.61547  2.80773e+00      23
     12      -1774.27925 1.20000e+12        -1      -1774.39331       1.20000e+12  1.51191  1.56296e+01     177
     13      -1774.27850 1.20000e+12        -1      -1774.39495       1.20000e+12  1.51266  1.54362e+01     162
     14      -1774.27925 1.20000e+12        -1      -1774.39331       1.20000e+12  1.51191  1.56296e+01     163
     15      -1774.59558 1.20000e+12        -1      -1775.09429       1.20000e+12  1.19558  2.96072e+03      30
     16      -1774.80236 1.20000e+12        -1      -1775.00587       1.20000e+12  0.98880  9.12377e+04     385
     17      -1774.59469 1.20000e+12        -1      -1775.09375       1.20000e+12  1.19647  2.91721e+03      28
     18      -1774.30821 1.20000e+12        -1      -1775.00974       1.20000e+12  1.48295  2.52588e+01       3
     19      -1774.59469 1.20000e+12        -1      -1775.09375       1.20000e+12  1.19647  2.91731e+03      34
     20      -1774.27835 1.20000e+12        -1      -1774.39309       1.20000e+12  1.51281  1.53968e+01     157
     21      -1774.58414 1.20000e+12        -1      -1775.09317       1.20000e+12  1.20702  2.44945e+03      20
     22      -1774.31103 1.20000e+12        -1      -1775.00908       1.20000e+12  1.48013  2.64704e+01       5
     23      -1774.17485 1.20000e+12        -1      -1774.97273       1.20000e+12  1.61631  2.76882e+00      23
     24      -1774.17569 1.20000e+12        -1      -1774.97273       1.20000e+12  1.61547  2.80773e+00      14
     25      -1774.59558 1.20000e+12        -1      -1775.09429       1.20000e+12  1.19558  2.96097e+03      23
     26      -1774.00296 1.20000e+12        -1      -1775.10696       1.20000e+12  1.78820  1.60221e-01       6
     27      -1774.29788 1.20000e+12        -1      -1774.38966       1.20000e+12  1.49328  2.12852e+01       5
     28      -1774.16766 1.20000e+12        -1      -1774.99752       1.20000e+12  1.62350  2.45753e+00       1
     29      -1774.00296 1.20000e+12        -1      -1775.10696       1.20000e+12  1.78820  1.60224e-01       9
     30      -1774.17668 1.20000e+12        -1      -1774.97273       1.20000e+12  1.61448  2.85396e+00      20
     31      -1774.17486 1.20000e+12        -1      -1774.97273       1.20000e+12  1.61630  2.76941e+00      16
     32      -1774.31061 1.20000e+12        -1      -1775.01016       1.20000e+12  1.48055  2.62871e+01       7
     33      -1774.58414 1.20000e+12        -1      -1775.09317       1.20000e+12  1.20702  2.44929e+03      25
     34      -1774.29788 1.20000e+12        -1      -1774.38966       1.20000e+12  1.49328  2.12848e+01       7
     35      -1774.30821 1.20000e+12        -1      -1775.00974       1.20000e+12  1.48295  2.52584e+01       5
     36      -1774.00430 1.20000e+12        -1      -1775.10669       1.20000e+12  1.78686  1.63821e-01      11
     37      -1774.00657 1.20000e+12        -1      -1775.10639       1.20000e+12  1.78459  1.70108e-01       7
     38      -1774.17668 1.20000e+12        -1      -1774.97273       1.20000e+12  1.61448  2.85401e+00      25
     39      -1774.29767 1.20000e+12        -1      -1774.39155       1.20000e+12  1.49349  2.12105e+01       2
     40      -1774.00430 1.20000e+12        -1      -1775.10669       1.20000e+12  1.78686  1.63818e-01       8
     41      -1774.00657 1.20000e+12        -1      -1775.10639       1.20000e+12  1.78459  1.70103e-01       6
     42      -1774.31061 1.20000e+12        -1      -1775.01016       1.20000e+12  1.48055  2.62867e+01       2
     43      -1774.31103 1.20000e+12        -1      -1775.00908       1.20000e+12  1.48013  2.64695e+01       4
     44      -1774.29767 1.20000e+12        -1      -1774.39155       1.20000e+12  1.49349  2.12105e+01       4
     45      -1774.16766 1.20000e+12        -1      -1774.99752       1.20000e+12  1.62350  2.45753e+00       0
     46      -1774.29975 1.20000e+12        -1      -1774.39287       1.20000e+12  1.49141  2.19543e+01       9
     47      -1774.16546 1.20000e+12        -1      -1774.99747       1.20000e+12  1.62570  2.36960e+00       2
     48      -1774.29975 1.20000e+12        -1      -1774.39287       1.20000e+12  1.49141  2.19539e+01       5
     49      -1774.16546 1.20000e+12        -1      -1774.99747       1.20000e+12  1.62570  2.36956e+00       0
