          98
Energy of minimum      1=    -543.6653608     first found at step      642 after               118295 function calls
LA        -0.2694094042        0.2402640084        2.5761226149
LA         0.2235026735       -0.7412956990        2.4833936459
LA        -1.8154854001       -0.4632339924        1.8044783094
LA        -1.3225733169       -1.4447937750        1.7117493914
LA        -0.2178350263        2.5693370433        0.3431769497
LA         1.6698598410       -0.0205812074       -1.9944572240
LA        -2.5595731811        0.3494001056        0.3053217695
LA         0.8355824746        1.6407556172       -1.8375088366
LA        -0.0778779359        1.2251111471       -2.2934151211
LA         1.9413299915       -1.7303128231       -0.0630161166
LA         0.5283124522        1.7544548202        1.8464803959
LA         0.7563996442       -0.4362260337       -2.4503634722
LA         1.4938424327        1.6699925409        1.3214671121
LA         0.7476947803        2.4848750556       -0.1818364057
LA         2.3258181467        0.0132392880        1.1649512602
LA        -2.5075032991       -0.1507065883       -0.6755976712
LA        -1.2346852595       -2.2889131147        0.0560773568
LA        -1.7596444549        1.8677802184       -0.4263377926
LA        -1.6755272425       -1.8074602954       -0.8321131532
LA         1.8532001454       -0.8838579929        1.5972356391
LA        -1.7075747508        1.3676736947       -1.4072573872
LA         0.3995207108       -2.4318697118       -0.8325305000
LA        -0.0413215907       -1.9504170396       -1.7207210208
LA         2.4139479049       -0.8332156885       -0.4953007128
LA        -1.1993629170        0.4400899445        2.0018346061
LA        -0.2185994701       -1.5129520577        1.8173285516
LA        -0.1997902729        0.1229201247       -2.3631476840
LA         1.6177520441        0.9499418874       -1.4560151181
LA         1.5288367070        1.8039345269        0.2190220459
LA        -0.3923106364        1.9719913851        1.2636586404
LA        -0.1296837792       -2.3669444903        0.1422910981
LA        -1.9521540311        1.2622289082        0.4851432023
LA        -1.8485489345        0.2671501163       -1.4666253140
LA         2.3705435726        0.1278027444        0.0606755527
LA         1.4301593372       -1.6571817368        0.9208062884
LA        -1.0068419468       -1.4089812792       -1.6249713649
LA        -2.2668742585       -1.1222702523       -0.1703305126
LA         1.1900148103       -0.2344864908        2.2262305186
LA         1.6648019531        0.6667279130        1.7919626475
LA         0.2102122614        2.2553139597       -1.1386788120
LA        -0.7074400238        1.8377621914       -1.5966774403
LA         1.8366083339       -0.9834074883       -1.4446446943
LA         0.9189561088       -1.4009596144       -1.9026428816
LA        -1.8240089179       -1.6059325252        0.7219360740
LA         0.6948406826        0.7515777594        2.3193850347
LA        -2.3191830852       -0.6198683003        0.8150905970
LA        -0.7597486966        2.3401638910       -0.6112562217
LA         1.3618216296       -1.8846218016       -1.0103764617
LA        -0.9849079651       -0.3284693452       -1.7584623045
LA         1.7785744929        0.9289756164       -0.3792128332
LA         0.3487675704       -1.7850044837        0.9285716605
LA        -1.1424342496        1.1844983019        1.2091038787
LA         1.7148364761        0.7952476538        0.6975188131
LA        -0.8434105064        0.7456030667       -1.6710324807
LA        -1.6156336555       -0.7201888075       -0.9647130712
LA        -0.9481780887        1.7518503637        0.3026419253
LA        -0.7286303446       -1.6889037768        0.8223842637
LA        -1.7204016420        0.2860586002        1.0089610185
LA         0.7638977861       -1.0097711116        1.5673026698
LA         0.8489757063       -1.8269090628       -0.0354475036
LA        -0.2278734495        0.9651911835        1.7538795576
LA        -0.0380277720       -0.8581943745       -1.8225448148
LA         0.9945315370        1.5819069498       -0.7537187697
LA         1.7999140443       -0.0218905364       -0.9052314148
LA        -0.7047726891       -0.5332468037        1.8982462069
LA         0.7047722753        0.5332467663       -1.8982459554
LA         0.5648898360        1.8767558659        0.7369397665
LA        -1.8890709989        0.7601504071       -0.4878280735
LA        -0.5648895530       -1.8767558841       -0.7369395524
LA         1.8890709441       -0.7601502861        0.4878278800
LA        -1.2214703848       -0.6992836705        0.9092209107
LA         0.2699605757       -0.0206503315        1.6535918268
LA         0.0733595908        1.1612761493       -1.2057057810
LA         0.7412154291        0.8738592489        1.2225548966
LA        -1.1695507626       -1.1979477651       -0.0688688570
LA         0.8781500811       -0.4413421421       -1.3571069440
LA        -0.8893852060        1.2454948786       -0.6822073825
LA         0.0214400704        1.6599402225       -0.2276159786
LA         1.2327055949       -0.1048689215        1.1300933524
LA         0.4068954918       -1.3358517338       -0.9260699557
LA        -1.6610410560       -0.2192195224        0.0235926653
LA         1.3177207375       -0.9214063446       -0.4714787785
LA        -0.1422720113       -0.7846796588        1.0004410512
LA        -1.0157042589        0.1692139610       -0.7593134264
LA        -0.5318585979       -0.7942912027       -0.8503367623
LA         0.7941171291        0.9927221269        0.1439653514
LA         0.8452289887        0.5018142395       -0.8189111209
LA         1.2779626915        0.0292168848        0.0529419194
LA         0.8054984678       -0.8675883226        0.4850851548
LA        -0.0679338779        0.0863051867       -1.2746692619
LA        -0.6350234916        0.1965603358        1.0931398822
LA        -0.1710985645        1.0771567665        0.6688074226
LA        -0.0911599756       -1.2755874704        0.0375644615
LA        -1.0677570765        0.6691577096        0.2212866381
LA        -0.1136500808        0.5816644391       -0.3025855481
LA         0.3722754032       -0.3859824749       -0.3940002301
LA        -0.5795691950       -0.3027173458        0.1235709051
LA         0.3209437276        0.1070355617        0.5730153390
