          98
Energy of minimum      1=    -543.6653608     first found at step     2246 after               435909 function calls
LA        -2.4590736722       -0.3048658654       -0.7916625554
LA        -2.3916916427        0.1983860713        1.0035781047
LA         1.4413827985       -1.8854003393       -1.0650807083
LA        -0.4139939712        1.4540312348        2.1168651394
LA        -0.6969355835       -2.1357631328       -1.3113019385
LA         2.0215646000        1.2884976162       -1.0098347020
LA        -0.5623578499       -1.1306479474        2.2742262506
LA        -0.5883831056        0.1515820141       -2.5293367285
LA        -0.3976487171        2.0652688187       -1.5307698141
LA         0.5844045694        2.3887620562        0.8479405254
LA         2.5440338862       -0.1540509465        0.5204567347
LA        -1.4634293160        0.6272859934       -2.0570860912
LA         0.9186991090       -1.9357995641        1.4749196042
LA        -2.1739067482       -1.3328325464       -0.5142006057
LA         2.0613755379        1.5858316196        0.0508387981
LA         2.5042229821       -0.4513849943       -0.5402167765
LA         0.8515035069       -2.4376629395       -0.3153679975
LA        -0.3304525720        2.5671321041        0.2595177749
LA        -0.1070563042       -1.5835004428       -2.0610146395
LA        -2.1065248125       -0.8295804846        1.2810403802
LA         0.4773974602        1.5895647866       -2.0030204776
LA         0.0673322379       -0.2810512916        2.5851872581
LA         1.5483894040       -1.0862030019        1.7858803532
LA        -1.3288511839        1.6324011080        1.5284424524
LA        -2.3169682198        0.5174702737       -0.0580960735
LA        -1.3096785289        1.4605249505       -1.3383204175
LA         1.9936585232        0.2094120596       -1.2731707712
LA        -1.7495622495       -1.5279095248        0.4939795193
LA        -0.2553157868       -2.3402315433       -0.3124451751
LA        -1.2416964703        1.9682582401        0.4729073214
LA         0.9183869465       -1.2413760589       -1.8041736329
LA         2.0728716182        0.8010274888        0.8372869177
LA         0.5786256317        1.6133492565        1.6437116733
LA        -0.1873340923       -1.8324981943        1.4987822024
LA         0.4314302711        0.5140006538       -2.2779733385
LA         1.0655817214       -0.1420273705        2.1175115625
LA        -0.9490097523       -0.8544042473       -2.1901127670
LA         2.1096146725       -1.1442497007        0.8169686427
LA        -0.7776572211        0.4253671616        2.3751909070
LA        -1.5415959384       -1.4092014508       -1.4369595572
LA         1.1686880417        2.2475938896       -0.0985356423
LA         0.2496326250        2.4267825896       -0.6896588814
LA         1.4770346451       -1.9977452440        0.5045810109
LA         1.1286944739        1.9488954119       -1.1640767165
LA        -1.8280716581       -0.3765172972       -1.7156947576
LA        -1.4102370791       -0.4281284657        2.0628030267
LA        -1.6967127121        0.6045555138        1.7840676456
LA         2.0696209187       -1.4429483220       -0.2485723908
LA         1.1982859547        0.7325440076        1.4824355306
LA        -0.7067100215       -1.8377321730        0.5416886303
LA         1.0778462601       -0.1669774063       -1.7264098419
LA        -1.5694223205        1.2721655573       -0.2977143892
LA         1.6445862909       -0.1998813072        1.1467333369
LA        -1.1172012810       -1.6178814486       -0.4403804918
LA        -0.6621077321        1.8386337151       -0.4905646651
LA         0.0696745599       -0.5066928828       -1.9488514816
LA         0.2148250081        0.5773843931        1.9183565534
LA        -1.6259273183        0.9362767599        0.7344112158
LA         1.0985423237        0.8814859305       -1.4407640350
LA        -1.0521531517       -1.1320594578        1.2926828438
LA         0.3776082520       -1.9093252435        0.5210597419
LA         1.5644841142       -0.7981366756       -0.9874112427
LA        -1.6909756157        0.4504548437       -0.9986522240
LA         1.1786446592        1.4797412447        0.6933804988
LA        -2.0211956134       -0.5022206581        0.2166479959
LA        -0.4365174653        0.9814023324       -1.7974136131
LA         2.0211954765        0.5022207675       -0.2166482100
LA         0.3295675866       -1.7801734650       -1.0520271962
LA        -0.3295673890        1.7801734156        1.0520272989
LA         0.4365171618       -0.9814022851        1.7974136083
LA        -1.3319030810       -0.0962905669        1.0121424074
LA        -1.3969035062       -0.5817554083       -0.7196469366
LA        -0.7040291800        0.7508551673        1.3222063457
LA         0.2193856565        1.3560725108       -0.9594829815
LA        -0.8087258091       -0.0310858301       -1.4671969419
LA        -0.5243815071       -1.0560872194       -1.1905353300
LA         0.2590818363        1.6525487154        0.0981309061
LA         1.0090251484       -1.0508404736        0.8278120204
LA         1.5972029026       -0.5001709475        0.0802619524
LA         0.9693290758       -1.3473167366       -0.2298018089
LA         1.1316037095        1.1782168644       -0.3727575548
LA        -0.4196850835       -0.2741461627        1.5988679467
LA         0.5554606360       -0.1165355908        1.1466158363
LA        -0.1131032505       -1.2577203552       -0.2054075314
LA         1.1344898426        0.4255688173        0.4106931706
LA         1.0946918594        0.1283317247       -0.6496350129
LA        -0.9720540059       -0.7907662583        0.2581566293
LA         0.4765840500       -0.7056375584       -0.9548760840
LA         0.2755391990        0.8925229072        0.8742574185
LA         0.1966624652        0.3034209913       -1.2272345477
LA        -0.6780987667        0.7789702101       -0.7551376591
LA        -0.0740246154       -0.9658555280        0.8357562167
LA        -0.6390200294        1.0708350006        0.2860262116
LA        -1.2571279779        0.2368657144       -0.0192150195
LA         0.5114142591       -0.4145498024        0.0970136629
LA        -0.3512286859        0.0544115227        0.5625705338
LA         0.2302894816        0.5988462556       -0.1765155610
LA        -0.3904753559       -0.2387079243       -0.4830688018
