50.000000000000000     50.000000000000000     50.000000000000000
50.620078106697342     50.101849210674025     50.113722048772097
50.186847003182628     50.249229671338284     49.559241747659293
50.050500159377592     49.647801686200516     49.404969454724501
50.125598528878974     49.264007738687859     49.791455161414767
49.815707982053134     50.172825896984214     50.681220191142472
49.328298812259845     50.195293053056993     49.981276822204784
50.231249148438614     49.723174343311285     50.729566676434388
49.108659326905517     49.736145303708049     50.177696199718440
49.913738702573568     50.888684693140313     49.736266958746931
50.259410811426633     51.462068339073554     49.475953452379201
50.797868871566692     49.367737475927044     49.594770620162492
49.908438262561631     49.317095186787853     48.885278786585594
49.186459231124587     49.777922338264496     49.683355038302892
50.296077367431579     51.158413382388524     48.730259074053457
49.386888898460668     49.884909405285455     51.267942049789426
49.631703672048580     51.678104828349881     49.488442717054141
49.624351059941382     50.833613503257858     49.173426716946139
49.212227086236751     50.231856615722691     49.216351663869418
49.637847460705416     48.712511154532692     48.562153301687246
49.269143359705396     51.247784557050650     49.391885440113320
49.362118013322366     49.414214116851070     51.865218009031004
49.337458664714539     50.626772796776315     51.220643108657633
49.578439919285415     50.734807645779085     48.468349942619390
48.531901451622488     49.914993526232955     49.434113746519806
49.007332307833209     49.939277747352918     51.780534600427906
50.045201370522271     50.317656096690158     48.058348577473772
50.341012656412694     50.620563459452327     48.595320086809799
48.658171676492628     50.448037548506932     50.057157159650522
51.029548466914235     50.266316937802443     49.540455814894159
48.277977215236646     50.232797128696603     51.802084603625744
49.308940486664405     48.865665442670284     48.167883761388730
49.835634223247048     50.881583080879452     51.300453325693944
50.799353449736145     50.859396752083974     48.661857205576823
48.968351475431753     48.997065478753512     49.972158861329348
49.480434735884778     49.525222365854248     48.297667873805352
49.376040791532390     50.136761746959102     47.755857626200026
49.754659188480680     51.430971331726326     49.936700713173359
