          38
Energy of minimum      1=    -173.9284266     first found at step       45 after                 7545 function calls
LA        -1.1074422096        0.4794263298        1.2667135344
LA         1.6423174689       -0.2296216892        0.5575920570
LA         1.3447959602        1.1000127902       -0.2057608225
LA        -1.3447961828       -1.1000127383        0.2057608337
LA         0.3824853467        0.9135644498        1.4422016192
LA        -1.6743557833       -0.0877943221        0.4996670677
LA         1.0432096571       -1.1158044885        0.8529566275
LA        -1.6423172599        0.2296215423       -0.5575923453
LA        -0.3824850513       -0.9135645076       -1.4422016198
LA         1.1074420161       -0.4794263718       -1.2667133886
LA        -1.0432095181        1.1158044203       -0.8529566865
LA        -0.1174473673        0.9854717978       -1.4407955729
LA         1.3127581992        0.7825968207        0.8514984436
LA         1.6743554127        0.0877944038       -0.4996671855
LA        -0.4467172385       -1.5499419956        0.6774686894
LA        -1.3127578775       -0.7825969211       -0.8514986072
LA         0.4467170881        1.5499421918       -0.6774683941
LA         0.4790448317       -1.6802745674        0.0896296323
LA        -0.4790450265        1.6802744562       -0.0896293869
LA         0.2137178747       -0.0316787656       -1.7361340229
LA         0.1174475158       -0.9854715500        1.4407954307
LA         0.5112390804       -1.3613121935       -0.9727811395
LA        -0.2137177025        0.0316787905        1.7361338328
LA        -0.5112391918        1.3613120705        0.9727813894
LA         0.4143994523        1.2263144810        0.3807276925
LA        -0.4143995152       -1.2263145255       -0.3807274855
LA         0.7112014134       -0.1001039986        1.1422342214
LA         1.0719243116       -0.7932263442       -0.2056637942
LA        -0.7112010911        0.1001040416       -1.1422344037
LA         0.7751222837        0.5331919463       -0.9671706037
LA        -1.0719243519        0.7932261675        0.2056638728
LA        -0.7751224829       -0.5331917584        0.9671704894
LA        -0.1796506765        0.3451954401        0.6712930749
LA        -0.7402331892       -0.2156906944       -0.0871869197
LA        -0.1478161457        0.6605954893       -0.3792528114
LA         0.7402331336        0.2156906813        0.0871868993
LA         0.1478161530       -0.6605954477        0.3792528342
LA         0.1796506624       -0.3451954315       -0.6712930521
