          98
Energy of minimum      1=    -543.6653608     first found at step     6282 after               877127 function calls
LA        -0.9987517658       -0.2355603645       -2.3903393380
LA         1.5442165403        2.0658982419        0.3379001534
LA         0.8477968758       -1.3240787550       -2.0723830340
LA        -0.8818085448        2.3914129886       -0.5198779645
LA        -1.4772367237       -1.3738755657        1.6422405740
LA         1.8043255931       -1.7922415753       -0.5468052438
LA         2.3889454785       -1.0293714275       -0.0071110961
LA        -1.9194586817       -1.6958135514       -0.4545443618
LA        -2.4061730805        0.8513767117       -0.5021990221
LA        -0.4601479936        1.6744081298        1.9368369547
LA         1.8524791265        1.0037912212       -1.5255950853
LA         0.9775115936        2.3432658233       -0.5659435510
LA         2.4191838875        0.7264233620       -0.6217512749
LA         0.8990364647       -2.2134185648        1.0291871376
LA         0.6111028670       -0.1147690922        2.5258852781
LA         0.6414245992        1.6458828338        1.9095444759
LA        -1.8713053250        1.1002186042       -1.4333354593
LA        -0.9602839848       -2.1652712654        1.0752540942
LA        -0.4904697346       -0.0862436993        2.5531779494
LA        -2.4364114230       -0.9044177234        0.1124417039
LA        -1.0166672101       -1.2757981034       -2.0261892401
LA        -1.4166762758        2.1425709820        0.4112584723
LA         0.8657124165       -0.2838409277       -2.4365327685
LA         1.4836557908       -1.4505482852        1.5688813070
LA         2.0764961623        1.0911260144        0.3702704955
LA        -0.0494036369        0.3403211370       -2.3497303528
LA        -0.9321629511        1.6917238693       -1.3815332582
LA        -0.0850502872       -1.7294750678       -1.6251691406
LA         0.8826663334       -2.2031135242       -0.0817475752
LA        -2.0269994709       -0.5797364378        1.0930099656
LA        -1.0286912282        0.7229559206        2.0146020944
LA         1.1631449347        0.6661981232        1.9602972453
LA        -1.9964073920        1.1965945069        0.4711801048
LA         0.9489044946        1.6430136685       -1.4281377951
LA        -0.9984010654       -2.1544030104       -0.0351418363
LA         2.0459037990       -0.6852051095        0.9920997766
LA        -1.8798894279       -1.0285593978       -1.3547328415
LA        -0.4702231831        2.2836087538        0.9956110204
LA         2.3421249274       -0.3563094515       -0.9026156024
LA         1.7728194747       -0.0776687473       -1.8106071261
LA        -0.5293347897       -1.1487242814        2.1971474270
LA         0.6364047203        2.2549524734        0.9681933071
LA        -2.3992143960       -0.2335316893       -0.7851447759
LA        -1.8618919510        0.0164521156       -1.7205543572
LA        -0.0100094550       -1.9437517685        1.6275587672
LA         0.5772928555       -1.1773803827        2.1697294415
LA         0.0670991058        2.5335929036        0.0602015843
LA         1.7548219419       -1.1226804961       -1.4447864874
LA        -0.0647277107       -1.9622816899       -0.5615926444
LA        -1.6286599789        0.4319198544        1.1537058638
LA         1.7039169469        0.3456222025        1.0711382826
LA        -0.0105293366        1.1847395671       -1.6632515443
LA         1.1389307948       -0.4099981333        1.6106988534
LA        -0.9633166832       -1.4917447597       -0.9520152731
LA        -2.0034593834        0.1005951320        0.1887983669
LA        -1.0482335180        1.3470694907        1.0706189526
LA         0.8726191564        0.5546735916       -1.7293025241
LA        -0.0373623288       -1.9449431807        0.5247993981
LA         2.0128661279       -0.0034083886        0.0892904087
LA         0.8365726343       -1.5383530915       -0.9966093697
LA         1.1682027885        1.2896745363        1.0157047983
LA        -0.9272702705        0.6012817439       -1.6847088946
LA         0.0279557289        1.8477561207       -0.8028881295
LA        -1.0775052810       -0.3526031842        1.6656134108
LA         1.5037208838        1.3589548576       -0.5257938895
LA        -0.0668278756       -0.6904538958       -1.9756521172
LA         1.4555931304       -1.4355867212        0.4524741110
LA        -1.4555930489        1.4355865460       -0.4524746118
LA        -1.5037207147       -1.3589546525        0.5257943343
LA         0.0668278159        0.6904539240        1.9756520117
LA         0.5459483337       -1.1722349247        1.0655867411
LA         0.8541710930       -0.4893763414       -1.3559398216
LA        -1.4598566337        0.3463103463       -0.7460280582
LA         1.4371045570        0.2712932126       -0.8178026041
LA        -0.9443951464       -0.4428023635       -1.3113788384
LA        -0.5053328951        1.5918683799        0.1351443112
LA         0.0597370749        1.3153010049        1.0363809052
LA         0.0304867205       -0.3831221261        1.6309377177
LA        -1.4777199818       -0.6909266784       -0.3829284475
LA        -0.5524465203       -1.1437918718        1.0928007710
LA         0.5930621053        1.5634253423        0.1079307238
LA         1.4192411780       -0.7659439852       -0.4547034401
LA        -0.5137547277        0.3950098818        1.1031176624
LA         1.1124890427        0.6107587715        0.1618249759
LA        -1.0700355316        0.6672755273        0.2158988672
LA         0.5104739626       -1.1729670722       -0.0202416624
LA        -0.5353418294        0.9160366247       -0.7149342015
LA         0.5459687828        0.8880359312       -0.7417245015
LA        -1.0876209942       -0.3538283551        0.5733508286
LA         1.0949033874       -0.4103452075        0.5192765746
LA        -0.0278976716        0.1391977915       -1.2714915795
LA        -0.0458069970       -0.9007013033       -0.9074603138
LA         0.5874592607        0.3664937505        1.0758340378
LA        -0.5708364976       -1.1449663548        0.0065489863
LA         0.0034310884       -0.3860610640        0.5419897239
LA        -0.5552409911       -0.1126250089       -0.3490428293
LA         0.5307177110       -0.1407460664       -0.3759484469
LA         0.0210922367        0.6394321700        0.1830013816
          98
Energy of minimum      2=    -543.5467256     first found at step     2249 after               314870 function calls
LA         2.5366759590       -0.8494544902       -0.4562633175
LA         1.2193321809       -0.8073217528       -2.2860300684
LA        -0.0887802943        2.8828838343        0.1302994911
LA        -2.5835143107        0.6865921275       -0.1799174503
LA        -0.6346482395        0.6242618866        2.5270227261
LA        -1.6117125694       -1.9287867410       -1.1284627968
LA         0.5160180503       -1.9968376122        1.8269173816
LA         1.6348010604        1.8605486496        1.1101225037
LA        -0.4927914736        1.9285954166       -1.8450643846
LA         0.8349876811       -1.0349271726        2.3102380702
LA        -1.9476449843       -0.9459304409       -1.5547905932
LA        -1.3290017414        1.1874384412       -1.9505637722
LA         1.4531615714        1.0984562767        1.9138102814
LA        -0.7343114469       -2.6247416191        0.4682309706
LA         0.8171487437       -2.3302755138       -0.6419646099
LA         1.8253842394        1.1471590385       -1.2877740938
LA        -0.7579460217       -2.4837232367       -0.6472030536
LA         0.3187119512       -2.5181577654        0.8482559552
LA         0.5662346184        2.0830564473       -1.4950710539
LA         1.6425874939        2.0486313080       -0.0000369118
LA         0.7704161631        2.5500443797       -0.4959443699
LA        -1.5939962360       -2.0843008808       -0.0217380126
LA        -0.5309443520       -2.1183000955        1.4548223960
LA        -1.9177226139       -1.2653270053        0.6630983386
LA        -1.2650772249       -1.2862003453        1.5696112065
LA        -1.6519448790        0.1223290505       -1.7657031136
LA         1.1521332170        0.0326461027        2.1291115750
LA         1.8911095566       -0.8339601316       -1.3807103493
LA         0.7735081009        2.3739512882        0.6202870227
LA        -0.2906510871        2.4079861288       -0.8578104550
LA         1.6942968931       -1.6039962030       -0.5555530629
LA         1.0295555292       -1.5827358623       -1.4788668878
LA         1.5377902982        0.1701022724       -1.8044357800
LA         2.2025556537        0.1488410222       -0.8810886805
LA         0.1007112065       -0.2045195200        2.4204140735
LA        -2.2670809174       -0.1287906677       -0.8684076555
LA        -1.9579432447        0.9369945668       -1.0661433799
LA         0.4095770219        0.8612741320        2.2222994712
LA         0.1595574595       -1.0421775529       -1.9742367871
LA         1.8995127509       -1.0978261214        0.4425301183
LA         2.2105523309       -0.0248421071        0.2431814399
LA         0.4707120714        0.0308030996       -2.1734250645
LA        -2.2544908325       -0.2900788150        0.2417142132
LA        -0.9512249829       -0.3317608491        2.0519272807
LA        -0.2722070985        2.1361376568        0.9348557584
LA        -0.9260462601        2.1570492175        0.0266852850
LA        -0.4537050249        1.3838057897        1.7334010471
LA        -1.7571236011        1.4254927898       -0.0770235826
LA        -1.9388138764        0.6682013351        0.7264095997
LA        -1.2895855053        0.6474373622        1.6281759086
LA        -0.8890123048       -1.2550585566       -1.6226076319
LA         1.2286211931       -1.3227861945        1.3187480566
LA         1.8414466974        0.7912651146        0.9259797989
LA        -0.2759583882        0.8589858935       -2.0150568991
LA        -1.9434944983       -1.1104167420       -0.4466689704
LA        -0.2178011945       -1.1656092408        1.9502887226
LA        -1.1331773252        1.6827859918       -0.9650126027
LA         0.5918262205        1.6276152263        1.4309856242
LA         1.0378732719       -1.8382903268        0.3449277103
LA        -0.0376263163       -1.8038929309       -1.1489222538
LA         1.8528166809        0.9729065932       -0.1772248451
LA         0.7774715216        1.0072992733       -1.6708593921
LA        -1.6129813679       -0.3093909341        1.1541444199
LA        -1.1138026706        1.4116555552        0.8343892234
LA         1.5499444324       -0.2666078943        1.1408533045
LA        -0.5952983242       -0.1979970715       -1.8388504957
LA         0.5022474657       -0.2432765380       -0.3671956051
LA        -0.0248254046       -1.9472889623       -0.0269655296
LA         0.9706947138        1.4854842345       -0.6646483064
LA        -0.8611513112       -1.5496148018        0.5843054401
LA         0.8535642647       -0.5201217768       -1.3103016006
LA         1.5018174745       -0.5408548633       -0.4098895491
LA         0.1137365986        1.8071659960       -0.0402724933
LA         0.6652535225       -1.2655775879       -0.5080916420
LA         1.1573173181        0.4310656176       -0.8232868509
LA         0.1752886722       -1.4377182497        0.9536967792
LA        -0.8798537611       -1.4039719117       -0.5118773607
LA        -1.5237495419        0.3675327130       -0.2436816933
LA        -0.2447149932        0.3266255356        1.5328743722
LA        -0.0838811030        1.3403326438       -1.0213920172
LA         0.9709239307        1.3065969291        0.4437128352
LA         0.4862486540       -0.4933020484        1.4313390520
LA        -1.2133282134       -0.4389447542       -0.9293432059
LA        -0.9077906113        0.6145929127       -1.1247913516
LA         0.7915352878        0.5602435047        1.2355414699
LA         0.8666597378       -0.7737605382        0.4594118648
LA        -0.1772774980       -0.7403725410       -0.9905983197
LA         1.1665598150        0.2607202580        0.2672048481
LA         0.1227299262        0.2941049117       -1.1826557440
LA        -0.1678531315       -0.8907152256        0.1003363209
LA        -0.5592111505       -0.6148212643        1.0693598892
LA        -1.2047263030       -0.5941759230        0.1727508749
LA         0.3138065043        0.7693503321       -0.2082102802
LA        -0.0683990956        1.0774145924        0.7547867395
LA        -0.7137453731        1.0980545674       -0.1415876087
LA        -0.8941643911        0.3514089630        0.6518466503
LA         0.1355088819        0.0376724539        0.5717569372
LA        -0.4981914969        0.0579399454       -0.3084415120
          98
Energy of minimum      3=    -543.1896663     first found at step     3050 after               441534 function calls
LA        -1.1300624422        1.2192561680       -2.0987401621
LA         0.6646946349        0.1192720192       -2.5949242194
LA        -1.2600114915       -1.9593145592       -1.4259322605
LA         0.4953007993       -2.6633819768       -0.1955632142
LA         1.8066782109        1.4481177131       -1.7921951197
LA        -1.4835018941        0.5653733782        2.4144546824
LA        -0.9816890134        2.4819454709       -0.2715535888
LA         1.6170476203        1.4420653506        1.5409449631
LA         0.1709668328       -0.9247334744        2.5383905166
LA         2.6512469016       -0.2589604237       -0.6299255274
LA        -2.6658535182        0.2081703265        0.5564722214
LA        -2.4979645978        0.8521215421       -0.3459770127
LA         2.5857008973       -0.2644680459        0.4897753660
LA         1.2133899812       -0.6333035713        2.2414076069
LA         0.8516011810       -1.3339974377       -2.0064753827
LA        -1.3897207111       -1.9284207453        0.8470597657
LA         2.0942460678       -0.4474477340       -1.5887394520
LA        -2.2794277752       -0.6604316370        1.1590062955
LA        -0.8441341823       -1.2336383160        2.1613997291
LA         1.6590818746        0.4091606242       -2.1663049872
LA        -1.6728935163       -0.4821208702        2.0856344874
LA         0.8117762366        1.1609192394       -2.2094964989
LA        -1.8277005356        1.0446642615       -1.2309972983
LA         1.9144009799       -0.4513827468        1.3766304114
LA        -0.8225255022        0.1588466744       -2.0917737702
LA        -0.3853350447       -2.3277050511       -0.8155280100
LA         2.2307799445        0.5952037678       -1.2119415461
LA        -0.6572922539       -0.1797643473        2.4783106235
LA        -2.0764111752        0.3869581790        1.4873541388
LA        -0.2074353945       -1.6656189390       -1.7311110126
LA        -1.0566717896        1.8517789462       -1.1854378604
LA         0.6784234994       -2.0192443521       -1.1108718077
LA        -1.3369826963       -1.9632912636       -0.2933197318
LA        -0.4512253696       -2.3188220092        0.3274433917
LA        -1.7406830043        1.6681065868       -0.3092185101
LA         2.1024099558        0.5889558681        1.0167212734
LA         1.4168596754        0.4046399347        1.8920764948
LA        -1.0558791116       -0.9044267664       -1.7772365927
LA         0.8771053896        1.7998683083       -1.2906494099
LA        -1.7474511818       -1.0894350009       -0.8957313576
LA         0.5710681890       -2.0190455222        0.7281869343
LA         1.2615432992       -1.8339053451       -0.1524982550
LA        -0.0520289313        2.1439184000       -0.7840257556
LA         1.7490632869        1.4518245613       -0.6808033913
LA        -1.3207004396        1.2104232830        1.5227251529
LA        -0.4486517014        0.8615672221        2.1304504317
LA        -1.1538100157        1.8489857585        0.6280360780
LA         1.6862915152        1.4494647012        0.4295604416
LA         0.5842976025        1.1533484556        1.8395673792
LA        -0.1137552108        2.1414080671        0.3341414844
LA         0.7516980729        1.7948730151        0.9379102453
LA        -2.1916128206       -0.2097648931       -0.3502205311
LA         1.9907807227       -0.9759597955       -0.1110443050
LA         0.6305033185       -1.3407685214        1.6245096056
LA        -0.1241200766        1.5177700831       -1.7072552825
LA         0.0030717113       -0.6007439149       -2.0631306427
LA         2.1782205826        0.5990716680       -0.0969760336
LA        -1.9180868402        1.0364689152        0.5938047510
LA         0.3825031706        0.1166056914        2.1981195838
LA         1.4353903936       -1.1686578520       -1.0610624011
LA        -1.8084439411       -1.0768001068        0.2435710269
LA        -0.3750192533       -1.6515039511        1.2461653379
LA         0.8210587595        1.8086139892       -0.1763447405
LA        -0.2846310771        1.5117713181        1.2395539253
LA        -1.5287077987       -0.0214630205       -1.2332018620
LA         1.3286977967       -1.1669631731        0.7689907029
LA        -0.1059399297       -0.6255697154       -0.2420567664
LA         1.0056189454       -0.2967332968       -1.6378329101
LA        -1.2035228937       -0.8862578341        1.1810530796
LA         0.1629078690        0.4547441915       -1.6817000257
LA        -0.6733873845       -1.2799406109       -0.8241459483
LA         0.1902654799       -1.6265257225       -0.2183016424
LA         1.1478801750        0.7353983511       -1.2592571815
LA        -1.0090922721        0.1565625401        1.5005010866
LA        -0.7590038996        0.7925348431       -1.1665308627
LA         0.3590692735       -0.9833124967       -1.1063210159
LA        -0.7340949652       -1.2728770099        0.2854758228
LA        -0.6808063174        1.4147610029       -0.2601601699
LA         1.0249622016        0.7322554273        0.9284411275
LA         1.5706787608       -0.1107601051       -0.6878235904
LA        -0.1934017918       -0.5842829045        1.5670131788
LA        -1.5997583833       -0.0222082405        0.5843039437
LA        -1.4354314876        0.6110665936       -0.3023271263
LA         1.5090444437       -0.1138162301        0.4131800591
LA         0.8311541151       -0.2957307835        1.2783319891
LA        -0.4659356099       -0.2477346890       -1.1512706543
LA        -1.1327337200       -0.4262898118       -0.3008115119
LA         0.9240752718       -0.8051771166       -0.1766907324
LA         0.2584836912       -0.9838639106        0.6729332177
LA         0.2351594314        1.0872463915       -0.7666616315
LA         0.5119960022        0.0439655441       -0.7488962690
LA        -0.5534136152       -0.2433508103        0.6183999317
LA         1.0961010957        0.7432208454       -0.1654336091
LA        -0.8519578366        0.7956887082        0.6265946957
LA         0.0089070599        0.4512876394        1.2262526805
LA        -0.3915360904        0.3810132850       -0.2520245212
LA         0.1743444962        1.0856580686        0.3374269645
LA         0.4538890881        0.0429737323        0.3361708772
          98
Energy of minimum      4=    -543.1654807     first found at step     3076 after               445009 function calls
LA        -0.1476700330        0.6008230183       -2.6891534651
LA        -1.5673113506       -1.9053710011       -1.1703422088
LA         0.1153061318       -2.7057387587        0.1000636921
LA         1.9257065898        0.9845106842       -1.9645365451
LA        -1.3254213873        1.0325583493        2.3630249375
LA        -0.6546571255        2.5515143106       -0.5348028735
LA         1.8350318101        1.3708786131        1.3480584688
LA        -2.6049126176        0.6403978092        0.5805997439
LA         2.5640641742       -0.6856990347       -0.6319801385
LA        -2.3796630427        1.1484772254       -0.3925825187
LA         0.1141474342       -0.6500435200        2.6277601062
LA         1.1763196905       -0.5392267287        2.2845109149
LA         2.5298097361       -0.5597045429        0.4818513910
LA         0.5870019415       -1.6392440358       -1.8558122423
LA        -1.6177544071       -1.6098275859        1.0880765403
LA         0.5860112435       -0.2477366589       -2.5962863041
LA         1.9564666626       -0.8984536277       -1.5550873671
LA        -0.9442646939       -0.8553291221        2.3048268493
LA        -2.3193901451       -0.2027489229        1.2688890373
LA        -1.7207303630        1.1473940623       -1.3058041832
LA         1.6242858870       -0.0579852544       -2.2182825675
LA        -1.6648922974       -0.0088985921        2.1581575182
LA        -0.8431412002        1.8412194724       -1.3738979952
LA         1.8677536611       -0.5526687797        1.3941575233
LA        -0.8807171784        0.0533489012       -2.0712898968
LA        -0.7308541141       -2.3214624509       -0.5388009488
LA         0.8904406290        0.7930500977       -2.3286273751
LA        -1.9662810390        0.8369426948        1.4730791517
LA         2.2466399452        0.1495152780       -1.2996710134
LA        -0.6066589856        0.1914283072        2.4972438425
LA        -0.4958306609       -1.7901494099       -1.5268271565
LA        -1.5177595874        1.8520222282       -0.4647688125
LA        -0.7579690040       -2.1797398262        0.5983953936
LA         0.3532062083       -2.1945235696       -0.8853419247
LA        -1.6068151361       -1.7764335117       -0.0422790036
LA         1.5073251054        0.4158731574        1.8170078781
LA         2.1836687605        0.4057479357        0.9163413549
LA        -1.2350873894       -0.9326282819       -1.6407010488
LA        -1.9171239327       -0.9267244376       -0.7298008991
LA         0.2065867920        2.0361886964       -1.0169915809
LA         0.9872042280       -1.9912532370        0.0380693026
LA         0.3065826236       -1.9810030531        0.9453879894
LA         1.0670196722        1.5138302543       -1.4927074728
LA         1.9018300837        1.1182841164       -0.8604974291
LA        -0.2701571576        1.1500287018        2.0309328443
LA        -1.1049537048        1.5461857459        1.4001593718
LA        -0.8815842247        2.0522803829        0.4349336789
LA         1.8716423959        1.2466073149        0.2429359744
LA         0.7827081447        1.2625347108        1.6930060414
LA         0.1776263778        2.1641348207        0.0942023614
LA         1.0068160191        1.7708268224        0.7213876343
LA        -2.2213452494        0.0605155777       -0.2779604560
LA         0.4852390244       -1.2233151679        1.7597005465
LA         1.8265963026       -1.2433556233       -0.0276891474
LA         0.0263338975        1.3284076622       -1.8610746580
LA        -1.7496125131        1.3549222526        0.5079354633
LA         0.4538004408        0.3089216389        2.1692394944
LA         2.2274143591        0.2829324730       -0.1917294931
LA        -0.1547701407       -0.8017897723       -1.9808500882
LA        -1.9383019524       -0.7807130886        0.4007889212
LA        -0.5638379439       -1.4323481719        1.4358969935
LA         1.2190782908       -1.4583935244       -0.9420211026
LA        -1.5702776617        0.0551513926       -1.1854844609
LA         1.0446055319        1.6525594554       -0.3871820231
LA        -0.0478658061        1.6687082269        1.0686871322
LA         1.1730175324       -1.2429218506        0.8789910696
LA        -0.2066375210       -0.6220125200       -0.1633200585
LA         0.8973731651       -0.6037633208       -1.6047439160
LA        -1.2832799101       -0.5713084684        1.2975961525
LA        -0.6925189868        0.7652840036       -1.2462857146
LA        -0.8757879412       -1.2514537110       -0.6584159151
LA        -0.0475211427       -1.6454460768       -0.0330847098
LA         0.1684360540        0.2410426336       -1.7081183945
LA         1.1925483183        0.4321663656       -1.3437777881
LA        -0.9400095133        0.4640378138        1.4934155638
LA         0.1770729730       -1.1298538190       -0.9917003746
LA        -0.5008374181        1.4619931777       -0.4078517255
LA        -0.8985987739       -1.1157543203        0.4447748965
LA        -1.5787694265        0.2687456609        0.6148154936
LA         1.1335498534        0.6867477641        0.8288366109
LA         1.5125093702       -0.3968426690       -0.6895264720
LA        -0.2307983565       -0.3709773573        1.6301087278
LA        -1.3578299935        0.7700165578       -0.3424536230
LA         0.8136371611       -0.2601316915        1.2952533624
LA         1.4820674792       -0.2701341576        0.4048927486
LA        -0.5425209925       -0.2987839027       -1.1023916073
LA        -1.1991506311       -0.2926233608       -0.2243234354
LA         0.7913318634       -0.9348073055       -0.0945222880
LA         0.1349114029       -0.9248808388        0.7801003599
LA         0.4841252474       -0.1054774348       -0.7478683132
LA         0.3489738231        0.9583991172       -0.8834347622
LA        -0.5707706220       -0.0890491956        0.6546851051
LA         1.1736117597        0.5677868597       -0.2588936385
LA         0.0988620747        0.5835510611        1.1719959754
LA        -0.7251661292        0.9744556061        0.5484346713
LA         0.3200942148        1.0863188651        0.2131487036
LA        -0.3543990455        0.4069812175       -0.2880371067
LA         0.4558163617        0.0224821979        0.3272567091
          98
Energy of minimum      5=    -543.0573658     first found at step     2857 after               416356 function calls
LA         1.0876616094       -1.2975000163       -2.3930822519
LA        -2.3731296049        0.1804240658        1.3256738065
LA        -1.8851603696       -1.6457230781       -1.0875495981
LA        -0.3373026911       -2.6638869901        0.2011130111
LA        -1.2078300672        1.2865152190        2.3911075580
LA        -0.3199745057        2.6371799118       -0.5346848886
LA         1.9979798368        0.6807278766       -1.9287206139
LA         1.9674341871        1.1359053072        1.3757225832
LA        -0.8844396838        1.2499426065       -2.1866136526
LA        -0.0290147994       -0.5840477505        2.6893450840
LA         1.0363532283       -0.6381458422        2.3454839673
LA        -0.1072427324        0.5908442988       -2.6532773831
LA         2.3803841114       -1.0429746234       -0.5690882640
LA         2.3674238125       -0.8925162394        0.5434972206
LA        -1.8883592677       -1.3067797147        1.1639092404
LA        -1.1055679106       -0.6395027623        2.3701621552
LA        -1.5675555198        1.3891483525       -1.3029878620
LA        -2.2380895004        0.4291338030       -0.2318984596
LA        -1.6940245589        0.3004407804        2.2091765269
LA        -1.8752236042        1.1686040040        1.5045552846
LA        -1.2792953281        2.0740606871       -0.4629635476
LA         0.2795944906       -1.7225880747       -1.7668988017
LA         0.4930469962       -0.3544244796       -2.5388580491
LA         1.7455980709       -1.1769454133       -1.4896270843
LA         1.7159746834       -0.7703416087        1.4558699518
LA        -1.5864583362        1.6337478400        0.5244893687
LA        -1.1182524435       -2.1701498854       -0.4466314210
LA         1.5437706305       -0.3075652205       -2.1616393333
LA        -0.6185788212        0.3516065630        2.5424926910
LA        -1.9039878007       -1.4932112414        0.0363700186
LA        -0.6027906050        1.9458585548       -1.3611921795
LA        -1.1229594049       -2.0059109385        0.6871079401
LA        -0.0272683989       -2.2136332341       -0.7917966019
LA        -0.8081411112       -1.7001175391       -1.4421954015
LA        -2.0837844132       -0.6137448315       -0.6694290715
LA         0.9459338391        0.6361744838       -2.2924404880
LA         2.1903443171       -0.1814390983       -1.2497985307
LA         1.5035135241        0.2488208101        1.8612626001
LA         2.1689922437        0.1216383574        0.9613039476
LA        -0.9170386834        1.7442716406        1.4179965654
LA        -0.6217255118        2.1943886112        0.4424814132
LA        -1.4078551165       -0.7475499769       -1.5780377945
LA        -0.0389275888       -1.9599510027        1.0318079641
LA         0.6308136977       -2.0865983481        0.1241551984
LA        -0.1473967378        1.2419229557        2.0581580500
LA         0.4568639388        1.9915985643       -1.0041839699
LA         1.2285900313        1.3393537728       -1.4684925867
LA         1.9948743178        0.8355482012       -0.8272278804
LA         0.9103071822        1.1912469360        1.7201132076
LA         1.9848539764        0.9871415254        0.2735736145
LA         0.4447534483        2.1428701124        0.1046360843
LA         1.2066198452        1.6425484991        0.7407055898
LA        -0.9076117837        0.1561423002       -2.0275119691
LA         0.2506474707       -1.2221075999        1.8322160183
LA         1.5702712884       -1.4730459296        0.0450661953
LA        -2.0815380276       -0.4535147451        0.4573713642
LA         0.4462978687        0.3057848559        2.2131904958
LA         0.1749690784        1.3008652434       -1.8359834389
LA         2.1932281816       -0.0268660514       -0.1444061381
LA        -0.8183777807       -1.2811380537        1.5105481999
LA        -1.5887924277        0.2902561460       -1.1492578430
LA         0.1470438125        1.7040431369        1.0866306782
LA         1.2270080507        1.4997261209       -0.3649297235
LA        -0.3154134793       -0.7868277972       -1.9173790891
LA         0.9386767741       -1.6114811249       -0.8684350584
LA         0.9260654591       -1.3590708270        0.9517856241
LA        -0.3488483504       -0.5599090263       -0.1013746728
LA        -1.4018652458       -0.3275077082        1.3575158420
LA        -1.5809363106        0.5386546568        0.6582242344
LA        -1.2856309143        0.9896613705       -0.3183661694
LA        -1.1041276401       -1.0923792311       -0.5861613022
LA        -0.3420529801       -1.5935733059        0.0478356317
LA         0.7409741743       -0.7258340423       -1.5323056069
LA        -0.9121695611        0.6515466491        1.5334347952
LA        -1.1048162092       -0.9358226868        0.5131633234
LA        -0.3293880884        1.5397796470       -0.3862653828
LA         1.1903019731        0.2553828894       -1.2986441425
LA        -0.0448082202       -1.1365911561       -0.9176731342
LA         1.1717895441        0.5537693460        0.8682625087
LA        -0.3319603416       -0.2758733217        1.6860950353
LA        -0.6149279462        0.8563937774       -1.2053064719
LA         0.1502171170        0.2101251131       -1.6640911829
LA         1.3843592358       -0.6006633432       -0.6306845609
LA         0.7167522259       -0.3267342514        1.3512079797
LA        -1.2808671293       -0.0847361558       -0.1737944637
LA         1.3742638536       -0.4517941980        0.4612779393
LA        -0.6290885767       -0.2130905153       -1.0493218203
LA        -0.0537867841       -0.8929270510        0.8470738597
LA         0.5925835193       -1.0156576766       -0.0278638981
LA        -0.6270906940        1.1078737077        0.5781183920
LA        -0.6316464870        0.0357950881        0.7055059899
LA         0.4095765400       -0.1586676482       -0.6922410598
LA         0.1324489225        0.6112398422        1.2108147696
LA         0.4361149697        0.9081936084       -0.8494190558
LA         1.1934513107        0.4106218062       -0.2162901567
LA        -0.3435923884        0.4774235058       -0.2433350320
LA         0.4258129509        1.0580452999        0.2440121403
LA         0.4021761432       -0.0119270950        0.3787354287
