          38
Energy of minimum      1=    -173.9284266     first found at step      493 after                80009 function calls
LA        -1.6389334154        0.3627373691        0.4931137253
LA        -0.4970563763        0.9647578586        1.3722313815
LA         1.6389333572       -0.3627372127       -0.4931135534
LA         0.4970564319       -0.9647577564       -1.3722314186
LA         0.5468023093        0.9520124843       -1.3621747355
LA        -0.5185982621        1.6141476548       -0.4317675608
LA         1.1376233783       -0.0364951791        1.3286544121
LA         0.5185983892       -1.6141476980        0.4317676657
LA         1.1516909534        1.2434678787        0.4338622587
LA        -1.1516912413       -1.2434678082       -0.4338619345
LA        -0.5468024217       -0.9520125068        1.3621744685
LA        -1.1376231783        0.0364952303       -1.3286543903
LA         1.6773570539        0.2724197397        0.4160560149
LA         0.6119582425        0.9345534791        1.3464613045
LA        -1.6773570417       -0.2724194171       -0.4160560363
LA        -0.6119584234       -0.9345537542       -1.3464610951
LA        -0.5850391335       -1.5840902276        0.4574134741
LA        -0.5568351678        0.9820711019       -1.3365293689
LA        -1.0609614428        1.3037280396        0.4852777479
LA         0.5850392111        1.5840900902       -0.4574136161
LA         0.5568351019       -0.9820709768        1.3365294124
LA        -1.0750290906        0.0237676783        1.3800680851
LA         1.0750291886       -0.0237674997       -1.3800680565
LA         1.0609614760       -1.3037279599       -0.4852776249
LA        -0.0451623552       -1.2689819715       -0.4562596172
LA        -1.1079853499       -0.6084484657        0.4718963691
LA        -0.0311286611        0.0078847149       -1.3488871093
LA         1.0939516836       -0.6684179059        0.4207311830
LA         1.1079852860        0.6084485844       -0.4718963518
LA         0.0451623943        1.2689816965        0.4562594985
LA        -1.0939515879        0.6684179505       -0.4207310602
LA         0.0311286655       -0.0078848368        1.3488868730
LA        -0.0069892010       -0.6359173398        0.4445547315
LA         0.0069892005        0.6359171897       -0.4445549105
LA        -0.5673124377       -0.2990985948       -0.4367672718
LA         0.5293172189       -0.3289651165       -0.4622490965
LA        -0.5293171994        0.3289650158        0.4622489885
LA         0.5673124447        0.2990984713        0.4367672141
