          98
Energy of minimum      1=    -543.6653608     first found at step       35 after                 6794 function calls
LA         0.7470876716        1.4620632419       -2.0176588218
LA        -1.2568419689        2.2775032865        0.0065633339
LA        -0.1596377451        1.8468659450        1.8249159111
LA         2.3606158579        0.8213230979       -0.7208586898
LA        -1.0274450736        0.9335434849       -2.1999022118
LA        -1.7729882522        1.2369202858       -1.4468093941
LA         1.1444869421        0.5930914941        2.2594484774
LA         2.4063540488        0.0796119048        0.9848032492
LA        -1.2109769696        1.5337384616        1.7169441240
LA         2.0548197419        0.2048188422       -1.5819232231
LA        -1.6813850225       -0.2485570772        1.9692330659
LA         1.5844109381       -1.5774763911       -1.3296335199
LA        -2.2446977943       -0.5503064115       -1.1938216519
LA        -1.4991546572       -0.8536831955       -1.9469144271
LA        -0.1679322033       -2.5468935917       -0.5018449653
LA        -1.4263181713       -2.0348305487        0.7692838710
LA        -2.1989593459       -1.2920188818        0.5118401370
LA        -0.1950305619       -2.1074585779       -1.5123811502
LA        -0.2055026973        2.5906304575        0.1145350839
LA         1.0528836410        2.0785672638       -1.1565941295
LA         1.6115094940       -2.0169110378       -0.3190972206
LA        -0.9087435886       -0.9913684023        2.2266768513
LA         2.1276564705       -0.9763268266        1.1342751429
LA         0.8657893313       -0.4628472241        2.4089204032
LA         1.0797728490        0.4035546469       -2.0762289427
LA        -1.6767642843        1.5252461062        0.7082218800
LA         1.7344986493        0.8798465674        1.3626721377
LA        -0.7155153824       -0.1311468856       -2.2606040068
LA        -2.1989476826        0.4724921232       -0.7621499367
LA         0.4151208120        2.1482859269        0.9230570967
LA         1.6882256113        1.6302334900       -0.3629396219
LA        -2.1526741224       -0.2778958099        0.9634617549
LA         0.6038620607       -1.3995868826       -1.8209881057
LA         0.6577805720       -2.2739451916        0.1897097604
LA        -0.6153238438       -1.7558929107        1.4757060891
LA         1.1799645276       -1.2211901484        1.6600812481
LA        -0.2095320496       -0.1657989421        2.5210767276
LA         2.2504363569       -1.1668105067        0.0361977949
LA        -0.0189674755        2.3449305242       -0.9634119120
LA        -1.0751315933        2.0303664709       -1.0718792697
LA        -0.3261668582        1.7255973688       -1.8284282920
LA        -1.2185266814       -2.1999938326       -0.3200630250
LA        -1.2457492772       -1.7585420867       -1.3352367928
LA        -1.9947136499       -1.4537731320       -0.5786881376
LA         2.2232135371       -0.7253593275       -0.9789760645
LA        -0.9857193326        0.5804212287        2.2624516160
LA         2.5304130523       -0.1060258926       -0.1139600970
LA         0.0704445199        0.8949857232        2.3709189639
LA         0.3120954997       -0.3633719662       -1.9851149282
LA        -1.9433885670        0.5544307306        0.2932089827
LA         1.2372173327        1.5017312821        0.6198552163
LA         0.3940757447       -1.6927900811        1.0720507531
LA         0.6100148916        1.9130320884       -0.1667485201
LA        -1.5053485047        1.2829997976       -0.3839950075
LA        -0.0052668245        0.6725858151       -1.8992670557
LA         0.0935332097       -0.9295904448        1.7851409406
LA         1.3116961762       -1.4252859236        0.5546424174
LA        -0.4606390814       -1.0527410122       -1.6550411500
LA        -1.9607203657       -0.4423271907       -0.1397695027
LA         1.2571725392       -0.5411145247       -1.4786228079
LA        -1.4610718876        0.5649948474        1.2671475414
LA         1.8724543073        0.6993319256        0.2538952021
LA         0.6542910938        1.1950275049        1.4843939758
LA        -0.4061155510       -1.9369128953        0.3782239743
LA        -0.6270771513        1.8258628396        0.8107978778
LA         1.3757837866        1.0108576723       -1.2123447531
LA        -1.4485813164        0.1696595306       -1.5024053590
LA         0.6270766603       -1.8258628230       -0.8107974370
LA        -1.3757834163       -1.0108580061        1.2123443211
LA         1.4485813112       -0.1696586612        1.5024050031
LA        -0.4454288362        1.5912830471       -0.2776374348
LA         0.2979637525        1.2887813657       -1.0285578852
LA        -0.7503427639        0.9765576578       -1.1362183345
LA        -1.2053800595       -0.7475009649       -0.8921721394
LA         1.5594751345        0.0759733187       -0.6082231151
LA        -0.4011849678        0.8738061009        1.3722913385
LA        -0.6790786745       -0.1790866940        1.5213317569
LA         1.2815811566       -0.9769193659       -0.4591824217
LA         0.3692276819        0.1331374211        1.6289921986
LA         1.5864952149       -0.3621936875        0.3993981758
LA        -0.4349676288       -1.4881699780       -0.6354711130
LA        -1.1783599690       -1.1856683977        0.1154490854
LA         0.3593470957       -1.2265204095        0.0579884466
LA        -0.3724825928       -0.9287239092        0.7972289059
LA         0.6595185187       -0.6213562207        0.9032148219
LA         0.6058293181        0.2492875186       -1.0989412474
LA        -0.8713008581        0.8503620636        0.3931468815
LA        -0.4261719498       -0.0580798893       -1.2049271604
LA        -1.1714721873        0.2451980536       -0.4520797442
LA         0.1796958524        1.1633872572        0.5010835683
LA         0.9115257763        0.8655906611       -0.2381571295
LA         0.9381254716        0.4342387333        0.7537916645
LA        -1.1448722892       -0.1861541309        0.5398690328
LA         0.3322575756       -0.7872285491       -0.9522187808
LA        -0.4031616892       -0.4893564269       -0.2019871344
LA         0.6332756982       -0.1806676260       -0.0955456126
LA        -0.1016999772        0.1184090408        0.6468726913
LA        -0.1284140910        0.5516152780       -0.3493401100
