          98
Energy of minimum      1=    -543.6653608     first found at step     3034 after               600853 function calls
LA        -1.6725950466        1.6269388994        1.1498750833
LA         2.2339469447        0.9865245875        0.8960840189
LA        -1.9205845333       -0.1163817370        1.7505790222
LA         0.2610744835       -2.1264846424       -1.4753369054
LA         0.6559901672        0.6496842151       -2.4319341135
LA         0.0423575802        2.3594446734        1.0945055268
LA        -0.7381881498       -1.9248858380        1.5863822935
LA        -1.0542301026       -0.0807998586       -2.3767177108
LA        -1.8095499879        1.8669201896        0.0827886649
LA         2.0027826425        1.3915825265       -0.9050269898
LA         0.4928779264       -2.5326635940        0.3307577995
LA        -0.4543080332       -1.1320192179        2.2975754632
LA        -1.2011546872       -1.1136475566       -2.0208249282
LA         1.2559131639       -0.4015342709        2.2423577345
LA         1.9852704354       -0.7616187065        1.4984503299
LA         1.2743117583       -1.6937023334       -1.5080509386
LA         1.5045894638        1.3466090083        1.6399913662
LA        -0.0945976729        2.5994257544        0.0274192215
LA         1.5061152488       -2.0998811785        0.2980434867
LA        -2.2887026717        0.5286585618       -1.1176196705
LA         1.5223025925        0.0496184619       -2.1087552831
LA        -2.2044639392       -0.9092480823        1.0393853039
LA         1.1364697987        1.9916479796       -1.2282054154
LA        -2.4356269399       -0.5041891298       -0.7617269341
LA        -0.2210274073       -2.3127506582       -0.4917552638
LA        -0.6507577077        1.6434401157        1.5859105030
LA        -1.4080191847        0.7670241871       -1.7517554683
LA         2.2798040332       -0.0977136788        0.6575996339
LA         2.0459360134        0.3120820649       -1.1645779984
LA        -0.9232618917        2.1209385637       -0.5373069242
LA        -0.9016478277       -0.1202709277        2.1936405171
LA         1.7950447110       -1.4516288591       -0.5568476238
LA        -1.4664924800       -1.6978642522        0.7785552380
LA         0.3222044691        1.5060523612       -1.8076176778
LA         0.8285769410        0.6187581544        2.1377770287
LA        -1.7003594733       -1.2880676407       -1.0436235382
LA         0.9761083992        2.3333869713       -0.1724442102
LA        -2.5147328683       -0.1321963196        0.2930227948
LA         0.6289067664       -1.3156433307        2.0738320380
LA         0.9097178745       -0.8855475683       -2.1944108555
LA         1.3616110540       -1.6773801184        1.3265106433
LA         1.1136923384        2.0923047788        0.8995388975
LA        -2.3671343423        0.9053912836       -0.0645031458
LA        -0.1081690949       -1.3203158710       -2.1615469602
LA         0.3437237531       -2.1121486337        1.3593751726
LA        -2.2295508841        0.6643085900        1.0074803566
LA         1.8463972169        1.7305681150        0.1522174960
LA         0.0394299054       -0.2827282463       -2.5190732004
LA         1.9731756696       -0.3988593824       -0.3429486510
LA        -0.6476720172        1.4165119120       -1.3206588374
LA        -1.0921609586       -1.7081520218       -0.2439793408
LA        -0.2333427174        0.6904995620        1.9075870242
LA        -1.7920674608       -0.9206415962        0.0229561493
LA         0.1591093917        1.8646509351       -0.7465753200
LA         0.1946092796       -0.3058037921        1.9819754117
LA         1.6621240457       -1.0303167315        0.4851850717
LA        -1.4964461326        1.1575154829       -0.6931235124
LA         0.4346725596        1.3817934514        1.4004719706
LA         1.9021877005        0.6572806434       -0.0963184274
LA        -0.3765756574       -1.9011033401        0.5510081698
LA         1.4383488139       -0.6382055768       -1.2583559434
LA        -1.2208835757        0.6746576187        1.4539240782
LA        -0.6003504835       -1.5089917941       -1.1925335025
LA        -0.3047285863        0.5691650080       -1.9086132861
LA        -0.7823382025        1.8710165722        0.5211895723
LA         0.7823368634       -1.8710169015       -0.5211890389
LA        -1.1770414847       -0.9036713582        1.4772764319
LA         1.1770415068        0.9036709341       -1.4772761922
LA         1.5449648428        0.2589758763        1.3893916404
LA        -1.5449634829       -0.2589752477       -1.3893927599
LA        -1.6383450123        0.1191382583       -0.3306078564
LA         0.2990540538        1.6163332906        0.3251214729
LA         1.0263078873        1.2572880403       -0.4166399126
LA         0.6399201224       -1.4589369437        0.5193025351
LA         0.9229812621       -0.6683574038        1.2284440100
LA        -1.5017850803       -0.1201507285        0.7334003787
LA        -0.0873332622       -1.0998916040        1.2610638919
LA        -1.3552847359        0.9097175304        0.3785341382
LA         1.1628683112        1.0179994357        0.6473679845
LA         0.4163096102       -1.0671138985       -1.2229570969
LA         0.5628104200       -0.0372457029       -1.5778235356
LA        -0.4475037982       -0.4687796253       -1.5452042127
LA        -0.0750328014       -1.2480954311       -0.2710586062
LA        -0.7785341420        0.3734434619       -0.9440705332
LA         1.0820963868        0.1983957763       -0.6531088656
LA         0.9378744096       -0.8154538832       -0.3037619480
LA         0.2160657508        0.7982655459       -0.9761825356
LA        -0.9254106757       -0.6590677851       -0.5882934931
LA        -0.3629658683        0.9118232644        0.8207802334
LA         1.2165326501       -0.0371709552        0.3943496413
LA        -0.4998764645        1.1517261441       -0.2459585515
LA        -0.5071875160       -0.1020264244        1.1701270467
LA        -0.7909746781       -0.8946347469        0.4591653052
LA         0.4874126542        0.3227958916        1.1380146856
LA         0.2110514362       -0.4615865600        0.4303523568
LA        -0.6429821967        0.1299728915        0.1117539946
LA         0.3558931976        0.5566212282        0.0795037862
LA         0.0760374097       -0.2250071128       -0.6216089000
