          98
Energy of minimum      1=    -543.6653608     first found at step      686 after               153678 function calls
LA        -2.1151268652       -1.1332868485        1.0042988090
LA        -0.1240394467       -0.5142617357        2.5469326305
LA        -1.8266383965       -0.4290274420        1.8016782319
LA        -0.8994612920       -2.4072252750        0.4036738724
LA         0.1092602264       -2.4577232653        0.8452072095
LA         0.5961935816       -1.2690191694        2.1910865422
LA         1.8365111972        0.0798385989        1.8405346022
LA         0.8612974423       -2.3008579268       -0.8549472028
LA        -0.1474240190       -2.2503598701       -1.2964805364
LA        -2.2936296914        1.0053005251        0.7038101415
LA         1.1162781832        0.8345960234        2.1963805814
LA        -2.5821181294        0.3010411647       -0.0935692279
LA         2.0981933245       -0.9557218217       -1.2045314344
LA         2.5864736733        0.2362705397        0.1450709419
LA        -0.6124112212        2.4431166819       -0.6502686343
LA        -1.0993445791        1.2544126457       -1.9961478719
LA         0.6505748678        2.2649666044        1.1015416423
LA        -0.6131272572       -0.8199891596       -2.3913193239
LA        -1.8321556982        0.4574734020       -1.7890329854
LA         2.3105633965        1.0837077860       -0.5035772536
LA        -1.0567339308        2.3504367836        0.3542255846
LA         1.8222830238       -0.1082846045       -1.8531796565
LA         0.1196839540       -0.0230500062       -2.5984341890
LA         1.0948976833        2.3576464183        0.0970474715
LA        -1.6764088215        0.6436462321        1.5539835411
LA        -2.2504239592       -0.7576422729       -0.0325889597
LA        -1.0205395519       -2.0464811059       -0.6402389895
LA         0.0461042968        0.5574149919        2.3079546734
LA         0.9865474253       -2.1469586923        0.2382946637
LA         1.4791761233       -0.9443511173        1.5999158593
LA         2.2379103386       -0.7860893889       -0.1153784955
LA        -0.4250459714        2.0045156288        1.2003100842
LA        -1.4916897290       -0.5993802934       -1.7478833764
LA         0.4590379894        2.1889239894       -0.7983659931
LA        -0.0335906472        0.9863166167       -2.1599869345
LA         1.6889223612        0.9000851255       -1.4060157662
LA         0.9490002250       -0.6908224150       -2.2470830841
LA         1.9008867690        1.6329275735        0.3839224594
LA        -0.2398950325       -1.8479522891        1.7189366791
LA        -1.2532457159       -1.7972225612        1.2753770991
LA        -1.4274559131        1.7995490025       -1.0729456404
LA        -0.9634333226       -1.0897311921        2.0764158206
LA        -2.1636299980        0.9989524719       -0.8648803071
LA        -1.8738176462        1.7064437953       -0.0638416351
LA         1.4545249475        1.5398225117        1.3930264031
LA         0.2128260563       -1.4914188419       -2.0390178155
LA         1.2261767441       -1.5421486529       -1.5954581856
LA         2.1780632714        0.7816013534        1.0355473963
LA         0.6816157178        1.3137749785       -1.4069546316
LA        -1.5353507118       -1.0971976317       -0.7803718803
LA         1.5163244183       -1.2499687560        0.5553945337
LA        -0.6625894709        1.0333913193        1.6319320749
LA         0.8111877664        0.3156442423       -1.8171291468
LA         1.2825568308        1.4663526620       -0.5142694421
LA         0.6403465040       -1.5408873900        1.1292639982
LA        -0.3656204751        1.5488627273       -1.2357026653
LA        -1.3892671816       -1.4392821243        0.2408700453
LA        -0.8088095226       -0.0222661064        1.8452495990
LA        -1.8400844314       -0.0546313321       -0.8189737971
LA        -1.2596268393        1.3623845455        0.7854055971
LA         0.3885503484        1.2798745896        1.5068387541
LA        -0.6632762977       -1.2878497000       -1.4004003232
LA         1.8377062869       -0.2387466353        0.7908533252
LA         1.3663372300       -1.3894550592       -0.5120063938
LA        -1.9517614687       -0.0566597092        0.7561817878
LA        -0.0168951816       -2.0842736977       -0.1997791750
LA         0.7581131414       -0.1923196369        1.9423366423
LA         1.9517613534        0.0566595256       -0.7561815727
LA         0.0168951144        2.0842735200        0.1997790468
LA        -0.7581130967        0.1923197338       -1.9423364447
LA        -1.5427749168        0.6535683884       -0.0190736497
LA        -0.0864773465       -0.7804167349        1.4802508173
LA        -0.3741336260       -1.4826446275        0.6851715365
LA         0.3513234881       -1.3313235526       -0.9548923086
LA         1.1100022722        0.5207667596        1.1420888130
LA        -1.0922890674       -0.7300644391        1.0399911605
LA         0.8348878650        1.3657594087        0.4953116665
LA         0.0762091183       -0.4863308063       -1.6016693394
LA         1.5530432344        0.6131792675        0.1404921820
LA         1.0820207118       -0.5366831848       -1.1614097005
LA        -1.0997339160        0.7459809989       -1.0206702848
LA        -0.8120776918        1.4482087635       -0.2255911517
LA        -0.5135134157       -1.1241346873       -0.3308631450
LA        -0.9321041526        0.3207699106        0.8155573356
LA         0.0580631562        0.2712007975        1.2489691908
LA        -1.2204986575       -0.3832601428        0.0184376075
LA         0.4948795913       -1.1746162509        0.1105264069
LA         0.7780616575       -0.4833108213        0.8932390160
LA         0.2314059130        1.1957002012       -0.3919152486
LA        -0.0517761030        0.5043949005       -1.1746277057
LA         0.9383910693        0.4548257293       -0.7412158866
LA         1.2142115297       -0.3923356667       -0.0927788214
LA        -0.7843486872       -0.2922849249       -0.9675802040
LA        -0.2127721621        1.1030504479        0.6122519994
LA        -0.4941118717        0.4073166715       -0.1809816325
LA         0.2159123832       -0.3367425671       -0.5317838377
LA         0.5003117147        0.3575344526        0.2542932704
LA        -0.2221123917       -0.4281088749        0.4584725407
