          98
Energy of minimum      1=    -543.6653608     first found at step     1609 after               312981 function calls
LA         2.1384234509        1.4335072926       -0.3727183487
LA         1.5256989099        0.7225038630       -1.9791280854
LA        -0.1105075698       -1.2168622210        2.2964647287
LA        -1.0862474795       -2.3491074079       -0.2616802653
LA         0.9499684327        2.2922691954        0.7808825570
LA        -1.6045061668        1.8522719573        0.8725619026
LA         1.0746666445       -2.0732550456        1.1460463340
LA        -2.2189259081        1.1393014703       -0.7382923633
LA        -1.0836091809        0.7188260988        2.2529523369
LA        -0.2771756906        0.8682954466       -2.4363809871
LA        -2.3107536263       -0.7051479657       -0.9643122489
LA         0.7116518078       -2.4944962153        0.1943126512
LA        -0.3315801482       -0.2244669782       -2.5702887775
LA         1.2585789229        1.6207480821        1.5987088243
LA         2.4470333129        0.7619858473        0.4451079818
LA         1.4712940152       -0.3702586856       -2.1130352516
LA        -1.6085845656       -1.2125249626       -1.6458897187
LA        -0.8479327348        2.4376569738        0.3248921512
LA        -1.4623523879        1.7246865709       -1.2859618876
LA        -0.0184252364        0.6326903547        2.5231086801
LA        -1.7884161816       -1.8417300215        0.4198971392
LA        -1.1756912914       -1.1307262530        2.0263079002
LA         2.3552034529       -1.0824644486        0.2190898469
LA         1.9921886527       -1.5037055882       -0.7326437149
LA        -0.8142719451       -1.8649694546       -1.2240679213
LA         1.2058111024        2.0282706563       -0.2676397933
LA         0.5279224745       -0.3074917331        2.2948287069
LA         0.5859199415        1.3089511148       -1.8928386263
LA        -2.1184990436        1.0105992591        0.3607528201
LA        -2.2114010339       -0.8554235706        0.1320893868
LA        -1.5915096399       -0.1361038142        1.7572889440
LA         0.4776687110       -0.8653550510       -2.1592787412
LA         1.8198627514        0.6921222633        1.3596167736
LA         1.7269591745       -1.1739013757        1.1309548680
LA         1.0046562918       -2.0120591489       -0.7627417691
LA        -0.6131190969        2.1753594155       -0.7289638920
LA        -1.0482767905       -1.9361795474        1.2567995317
LA         2.1534795523       -0.5143721552       -1.2349764039
LA         2.5181602743       -0.0911978706       -0.2788751874
LA        -1.3065102355        0.8676209825       -1.9918546715
LA        -0.1087192059        2.2575334238        1.1484524928
LA         0.2013076900        1.5829306268        1.9700317343
LA        -1.3611641917       -0.2301562187       -2.1263770352
LA        -2.0665559486        0.2795493128       -1.4416718829
LA        -0.8687647275        1.6694619701        1.6986358343
LA        -0.3428858664       -2.4458857201        0.5720946969
LA         0.0217949732       -2.0227113319        1.5281962688
LA         2.2081342292        0.5834053596       -1.1004547660
LA        -1.9089024883        0.0061482807        0.7253814694
LA         0.2153623699       -1.5288162314       -1.3365869830
LA         1.3135876069       -0.2544394602        1.5426836818
LA         0.3799525573        1.7771076328       -0.9314782841
LA         1.1742115027       -1.0201092694       -1.2807100905
LA         1.9046210926       -0.1725444764        0.6342403277
LA        -0.4567553267        1.3193424180       -1.4526959444
LA         0.1363841760        2.0076194132        0.1023668464
LA         0.7573285191        0.6564748124        1.7478867321
LA        -1.9790310235        0.1415093751       -0.3507489865
LA        -1.3858913238        0.8297865747        1.2043143344
LA        -0.5662207401       -0.8793671262       -1.7221269366
LA        -1.4747843582       -0.9557074502        0.9855192311
LA        -0.0619748413       -1.9765843909       -0.3858582152
LA         0.6684347160       -1.1290196465        1.5290921949
LA         1.2836777644        1.1786005079       -1.0112798820
LA         1.5038566821        1.3521222466        0.5427473960
LA         0.5286376383        0.2204814566       -2.0140318688
LA        -1.5038560529       -1.3521221266       -0.5427482541
LA        -0.5286367483       -0.2204810835        2.0140318239
LA        -1.3577016048        1.5835233658       -0.1830126644
LA         1.3577000123       -1.5835242015        0.1830137470
LA         1.5341515360       -0.5910680599       -0.3235543412
LA        -0.3124410980        0.7432557607        1.4688843744
LA         0.4419500141        1.3269518661        0.9227944276
LA        -1.2671123969       -0.3645414533       -1.0340239732
LA        -0.5127211562        0.2191547896       -1.5801135490
LA        -1.2128649897        0.7250685788       -0.9005025525
LA        -0.6201613607        1.4128397802        0.6534174997
LA         1.2264321134        0.0785162352       -1.1390216078
LA         1.5883997253        0.4985422131       -0.1900334822
LA        -0.7632368300       -1.4609519601        0.3012621209
LA        -0.4012691498       -1.0409259242        1.2502504774
LA         0.2988739264       -1.5468402727        0.5706397907
LA        -0.4783333261       -0.9992356016       -0.6399768423
LA         0.2409009722       -0.1646386230        1.2456748154
LA        -1.1802736119       -0.4920232427        0.0413783316
LA        -0.8239359615       -0.0785302867        0.9756061454
LA         0.9301541672       -0.6626841052        0.5766347077
LA         0.5672575485       -1.0837880868       -0.3747890508
LA         0.6750488576        1.0812811521       -0.1094811713
LA         0.3187112889        0.6677882772       -1.0437087373
LA        -1.1268697334        0.5806390991        0.1728228753
LA         0.2643242579       -0.4246183830       -1.1775724978
LA         0.9835584256        0.4099784540        0.7080787884
LA        -0.3705424494        1.1658333740       -0.3746684280
LA        -0.4280476237        0.0829123975       -0.5027014363
LA        -0.0701782678        0.4981827459        0.4355421110
LA         0.6220380178       -0.0020034620       -0.2363739847
LA        -0.1238119005       -0.5790906359        0.3035327611
