          38
Energy of minimum      1=    -173.9284266     first found at step       66 after                 7115 function calls
LA        -1.1239264576        1.1264142531       -0.7272016993
LA         1.5570030602       -0.1066580339        0.7907006906
LA         1.0957860548        1.3185114060        0.3487442876
LA         0.1992449736        1.7308683711       -0.1588639557
LA         1.1239262105       -1.1264142301        0.7272019004
LA        -1.0957858664       -1.3185113962       -0.3487444160
LA        -0.1992448025       -1.7308684272        0.1588638707
LA        -1.5570032669        0.1066580039       -0.7907003592
LA         0.9815571515        0.7092243344        1.2626904671
LA         1.6712318658        0.5026290437       -0.1232456252
LA        -0.9815572178       -0.7092243636       -1.2626905644
LA        -1.6712317249       -0.5026290341        0.1232458290
LA         0.8071781415       -1.5319389087       -0.2499351927
LA         0.1175033290       -1.3253435658        1.1360009417
LA        -0.4607463494       -0.5054858926        1.6102907772
LA        -0.0297693798        0.5093256475        1.6734815466
LA        -0.9219631614        0.9196833139        1.1683347072
LA        -1.3529402034       -0.0951283042        1.1051439904
LA         1.3529401958        0.0951284520       -1.1051438040
LA        -0.8071778342        1.5319389406        0.2499352172
LA         0.0297693567       -0.5093257162       -1.6734816255
LA        -0.1175035416        1.3253435899       -1.1360009440
LA         0.4607461188        0.5054858431       -1.6102907575
LA         0.9219634800       -0.9196831369       -1.1683346133
LA        -0.5460332167        0.3063173601       -1.1952176953
LA        -0.0859312246       -1.1154054466       -0.7543303571
LA         0.7739380385        0.9093096285       -0.6282543424
LA        -0.7739380522       -0.9093096509        0.6282542040
LA         1.2340398376       -0.5124129784       -0.1873668256
LA        -1.2340397412        0.5124130761        0.1873670730
LA         0.5460329429       -0.3063172935        1.1952175583
LA         0.0859313887        1.1154052662        0.7543302098
LA        -0.6573845991       -0.3003080287       -0.2823645718
LA         0.3426475799       -0.1026417346       -0.6885679221
LA        -0.2291442783        0.7080598542       -0.2195750328
LA         0.2291442284       -0.7080599261        0.2195748179
LA         0.6573846134        0.3003079413        0.2823644305
LA        -0.3426476494        0.1026417428        0.6885677844
