          98
Energy of minimum      1=    -543.6653608     first found at step      814 after               196906 function calls
LA        -0.4352764701       -0.9108950491       -2.3973985528
LA         0.5365653420        1.0247414026       -2.3299612440
LA        -1.9820893633        1.3258313075        1.0393311063
LA         0.7685214603        2.4775983516       -0.1939022776
LA         0.8420907489        0.5561036573        2.3975711499
LA        -0.9433801631       -0.6699505883        2.3297887310
LA         2.3386131653        1.0852169047        0.3462780369
LA        -2.3501729139       -1.0982096678        0.1932327177
LA        -0.7569617251       -2.4646056488       -0.3456082768
LA        -1.5825435644        1.7829535156       -1.0408401382
LA        -0.5628798612        0.9499217492       -2.3553195996
LA         1.6274865109       -1.7324388815       -1.0567206042
LA         1.9371465499       -1.3763457248        1.0582302527
LA        -2.4774246279        0.7574731787        0.2351963168
LA         0.6641687202       -0.8360755519       -2.3720397609
LA        -1.0872079863        2.3513114209       -0.2367052854
LA        -1.3276881518       -1.9335461746       -1.1248823285
LA         1.3726308335        1.9840608124       -0.9726792479
LA         2.4658649198       -0.7704658071        0.3043156075
LA         0.9174829430       -0.5433137182        2.3727096109
LA        -1.0187723849        0.4294668109        2.3546499004
LA         1.0987679317       -2.3383184607       -0.3028058477
LA        -1.7794463856       -1.6292689809        0.9725067620
LA         1.7345034978        1.5787541453        1.1250548771
LA        -1.0486929564       -0.0237347422       -2.1305331472
LA         1.1389099891        0.1251365011       -2.0800762982
LA        -1.0946975624        1.9499211028        0.7993351506
LA         0.0298962562       -1.1444749682        2.0805707235
LA        -0.1201136706        1.0430727777        2.1300382659
LA        -2.0802829075        0.8190403170       -0.8006791896
LA         2.1134947774       -0.7817109698       -0.7493726735
LA         1.9847544708        1.0956765056       -0.7069194613
LA         0.7827371193        2.0776848703        0.8426387578
LA         1.0614858425       -1.9872500258        0.7507171296
LA        -1.9515426627       -1.0583471402       -0.8431334425
LA        -0.8159487944       -2.1150140691        0.7074141583
LA         0.4637871969        1.8917568195       -1.6227687041
LA         0.1814014795       -2.3445041623       -0.9474248466
LA        -1.8118984011       -0.7160431290        1.6221977826
LA         1.8157931145       -0.4691696928        1.7058704304
LA        -0.1430945381        2.3875598196       -0.8404181377
LA        -0.6407034200        1.8165936447       -1.6482433752
LA         1.7400552519        0.6352930648        1.7308463672
LA        -2.3852444762       -0.1825467153        0.8393476238
LA         0.7125463914       -1.7358441074       -1.7047994466
LA        -1.8876362271        0.3884197378        1.6471727786
LA        -0.3919442183       -1.8110072563       -1.7302749583
LA         2.3469375942        0.1394908663        0.9484958965
LA         0.0887922152       -1.6914068893        1.1407818165
LA        -0.1392890074        1.6346498148        1.2159946619
LA        -1.6378217816       -0.0847974019       -1.2167470253
LA         1.6883186643        0.1415546684       -1.1400297197
LA        -0.1405940075        2.0006869872        0.1926119773
LA         0.1342823758       -2.0077811556        0.1019677662
LA        -1.1372412068        0.8571138895       -1.4253602398
LA         1.0749144015        1.0076565421       -1.3743372826
LA        -0.8527889181       -1.2013762145        1.3744309157
LA         0.7919315489        1.1329739887        1.4658880812
LA        -2.0011284781       -0.1328494904       -0.1935186826
LA         1.1980985470       -0.7887119286       -1.4149584845
LA         2.0074402823        0.1399438618       -0.1010609055
LA        -1.0140570508       -0.9392544828       -1.4659818848
LA         0.9436243463       -1.0791256385        1.4158651903
LA        -1.0044817221        1.0107236246        1.4244534622
LA         0.0448407586        0.0503999190       -2.0928074842
LA        -1.5780667365        1.3762623395       -0.0006680701
LA        -0.0448409212       -0.0504001228        2.0928070539
LA         1.3755317790        1.5772620799        0.0674567804
LA         1.5780668193       -1.3762620591        0.0006682418
LA        -1.3755316365       -1.5772619299       -0.0674568752
LA         0.0918165446       -0.8635014474       -1.4330405231
LA        -0.0312769593        0.9315463054       -1.3924489909
LA        -0.6336441119        1.4236606413       -0.6159190858
LA         0.6608969804       -1.3930291507       -0.6560147072
LA         1.3944697465        0.6311897613        0.6817065431
LA         0.4626295464        1.4982647705       -0.5906336379
LA        -0.9278160781       -0.0951028321        1.3920426320
LA         1.4696438052       -0.4650562652        0.6569168582
LA        -1.4217224681       -0.6618211228        0.5902273490
LA        -1.4968965107        0.4344249810        0.6150169444
LA         0.8672764828        0.0270578371        1.4334466367
LA        -0.4353766770       -1.4676333402       -0.6813003992
LA        -0.4732682929       -1.1352264667        0.3523107672
LA         0.0129558959       -0.5773228759        1.1416545236
LA        -0.6226399334        1.0430281241        0.4015680242
LA         0.6059538558       -1.0617826861        0.3772030794
LA        -0.0624111090        0.5217365691        1.1665077818
LA        -1.1178138706        0.4748553676       -0.4023050825
LA        -1.0438091378       -0.6043397656       -0.4267091502
LA         0.4565822480        1.1164718465        0.4264603692
LA        -0.5248159373       -0.0096045460       -1.1667566904
LA         0.5742712284        0.0651910199       -1.1414063115
LA         1.0604954058        0.6230947392       -0.3520624711
LA         1.1345001441       -0.4561003615       -0.3764663923
LA        -0.5501581199       -0.0461271134        0.3714915778
LA         0.5337032351        0.0276323924        0.3964908701
LA        -0.0289338286        0.5511646265       -0.3717370907
LA         0.0453889693       -0.5326694622       -0.3962460065
