          98
Energy of minimum      1=    -543.6653608     first found at step     1416 after               274495 function calls
LA         0.6975807011        2.3534219866       -0.8611052634
LA         0.0849172203        0.9698329550       -2.4122456814
LA        -2.4937643102       -0.2060173306        0.7109238439
LA         2.2455356595       -1.2638481805       -0.3563332635
LA        -0.1656325344       -2.4317682739        0.9087269705
LA         2.1465644078       -1.2685339392        0.7414843254
LA         0.6324489971       -2.0019400926        1.5358906491
LA        -2.3348386107        0.8845803564        0.7299058599
LA        -2.3262510623       -0.1980876038       -1.1471848495
LA         0.8984716294       -1.9893458218       -1.4149091642
LA        -2.1673255914        0.8925100892       -1.1282028681
LA         1.1696858240        1.6847442819        1.6000587880
LA        -0.6532101235        1.6259165465       -1.9226097610
LA         2.4155536642        0.5773544550        0.7736129744
LA         0.5305300417        2.3455136279        0.9918771498
LA        -1.4149471169       -1.3213149601        1.7374597641
LA        -0.9877739871        1.6100785505        1.7884814094
LA         1.4357079347        1.6973382390       -1.3507410963
LA         0.0014190146       -2.4238597215       -0.9442552646
LA        -0.6168654807       -0.8914866369        2.3646232973
LA        -0.3486181607        0.9493092166        2.3966629422
LA        -0.1833298508       -0.8709626399       -2.4442850194
LA         2.5145248728        0.5820401493       -0.3242046349
LA        -1.0803824457       -1.3054766180       -1.9736310469
LA        -1.1424662488       -1.9076159390        0.8338250656
LA         1.9773283445       -0.3103880099        1.2780155894
LA        -2.2339013516       -0.7792735283       -0.2047175238
LA         0.4455035347       -1.0523722270        2.0817135031
LA        -0.3858568956        2.1327098200       -0.9706469831
LA         1.0828195272        0.8272779826       -1.9448919439
LA         2.1742546507       -0.3010647315       -0.9063489849
LA        -1.9176818211        1.3907252655       -0.1669485105
LA         0.8114349030       -1.0350481431       -1.9773063423
LA        -0.5548614640        2.1247091695        0.9040086163
LA         0.7168883938        0.8099541439        2.1141278604
LA        -0.9734609186       -1.8996150922       -1.0408302894
LA         1.9649253268        1.5581431765       -0.3721263138
LA        -1.4099116881        0.7989903942       -1.9496111174
LA        -1.7364728721        0.7835313323        1.6727106378
LA        -1.0943837982        0.1197296388        2.2836831413
LA        -1.5695664608       -0.2966121346       -1.9686803009
LA         0.5393700689       -2.4768633385        0.0380542747
LA         1.2234109873        2.2172379357        0.1197565649
LA         1.3411139881       -2.0450625513        0.6680961076
LA         1.8655000125        1.5534361858        0.7307293269
LA         1.4405394711       -2.0403554335       -0.4347595148
LA        -1.8961279062       -0.3120712620        1.6536414112
LA        -0.6683970908        0.1398959722       -2.4414942226
LA         1.0121609125       -0.1782096821        1.7646235645
LA        -1.4022671537       -1.4785650958       -0.1327283400
LA         1.3115773668       -0.1640345692       -1.5565931375
LA        -0.9214711413        1.8208093792       -0.0753020869
LA        -0.0351989606       -0.0299303561        2.0143184897
LA        -1.4792796478       -0.8871178590       -1.0413296216
LA        -1.3212224244        1.2995806668        0.7906175564
LA         1.6296557538        0.6894608831       -0.9635764562
LA         1.4305193077        0.6800333037        1.2453043288
LA         0.3256489094       -0.0128473920       -1.9883162134
LA         0.1444959853        2.0095444393        0.0216031840
LA        -0.4349457219       -1.9667663189       -0.0476056721
LA        -1.1595111301        1.3072359122       -1.0031365311
LA         1.3699827747       -1.0924960696       -0.9945920217
LA        -1.6409912244       -0.8947731338        0.7524243565
LA         1.1708462366       -1.1019237942        1.2142885900
LA        -0.3464127653       -1.4712086226        1.4491158007
LA         0.3464127027        1.4712086199       -1.4491161189
LA         2.0634693420       -0.3039115244        0.1847301804
LA        -2.0634696464        0.3039110725       -0.1847298800
LA        -0.0805321252       -1.4586213494       -1.5001103580
LA         0.0805325986        1.4586215938        1.5001103845
LA         1.5226812346        0.6851688942        0.1401980529
LA        -0.8364245097       -0.4575332479        1.3779431905
LA        -0.5761462537       -0.4452115501       -1.5091429036
LA        -1.3121441134        0.2089794880       -1.0209192351
LA         0.8853692081        1.3440321400       -0.4662291861
LA        -0.6779572717        0.6299183819        1.3968706104
LA        -0.4176791489        0.6422400172       -1.4902156239
LA        -1.4737366821        0.2013298603        0.7715161723
LA         0.7866836738        1.3393602373        0.6284216319
LA         0.3687342241       -1.5287385498        0.5785013943
LA         1.2631991774       -1.0954781787        0.1092051945
LA         0.4674199814       -1.5240665445       -0.5161493383
LA         1.0884334629       -0.1699342433        0.6505996870
LA        -0.5899406143       -1.0261440387        0.4856372074
LA         0.2078809513       -0.5964557028        1.1125965571
LA         1.1873723832       -0.1652502095       -0.4468603389
LA         0.4039705830       -0.5871724199       -1.0624881839
LA        -0.4927898746       -1.0215447610       -0.5919875170
LA        -1.2173399412       -0.3775288902       -0.1113575413
LA         0.5599730080        0.4833649864       -1.0438551706
LA         0.3638834842        0.4740817605        1.1312295042
LA        -0.1779136685        1.1392351213       -0.5543786260
LA        -1.0584661076        0.7127136083       -0.0923816648
LA        -0.2750642313        1.1346359057        0.5232460404
LA        -0.4273926775        0.0534527442        0.5072339297
LA         0.4569449322        0.4818076685        0.0432510778
LA        -0.3298244204        0.0580717415       -0.5750230267
LA         0.3002718766       -0.5933315837        0.0245379947
