        1.5563871644        0.6715435297       -1.1987048218
        0.2240737592        0.8156374381       -0.2667784967
        1.1753621095        0.6631752708       -1.4995517398
       -1.2879193128       -1.6268408624       -0.6693565269
        1.5268987841       -0.1620921890        0.1336296310
        0.9683302219        0.3256389465       -0.5205869603
       -0.6235828494       -1.6495640048        0.8850387268
        1.5696735768       -1.0901542120        0.7677754858
        0.4596667538       -0.5651863638       -1.4096751140
       -0.5892590739        1.0900069313       -0.1586581566
       -0.5883984152       -0.0866666115        1.4664851920
        0.5890412073        0.5830533874       -0.7312146967
       -0.0064542931       -0.7747503458       -0.8869458280
       -0.8692820983        0.1951882872        0.7979477019
        1.3147433020       -0.3868450908       -1.4605371350
        1.5771535011       -0.4134099632        0.3147772252
       -0.1603267323        0.6333865946        1.1071236773
       -1.6830618434       -1.4186954678        0.7776571630
        0.9322106118       -0.6033104562        0.1442313548
       -0.6327042154        1.1438906559       -1.6617123605
       -0.8124217401       -0.3322387467        1.6944915624
        0.2976637280        0.9403105448       -0.8950704721
        0.0253139641        0.3766514033       -1.0940948120
        0.8065891809        1.4536451253        0.3289090833
        1.6267503660       -1.4743232352        1.1163817453
        0.8524444327        1.6137621928        0.0285440896
        0.6547041994        0.7906053749       -0.8485999443
        0.8460979164       -0.0285339594       -0.9343193229
        0.5579804710       -1.2940615013        0.1892622313
       -0.3937109279        0.2305500913       -0.2317615037
        0.6725295955        1.1078430206       -1.0553369947
        0.5230991734       -0.6135265366       -0.6654805540
       -1.7262322453       -0.4906991044       -1.0001327252
        0.7492646521       -1.7088371995        0.8443140203
       -0.7417844779        1.5611322632       -0.7129143497
        0.5753940045        0.8935511128       -1.5653771516
        1.1111026626        0.4396785869        0.8816372176
       -1.5847290417        0.9363154430        0.0714163377
        0.3760117326        1.0903246923       -0.7599872679
       -1.5242323573        1.7152290859       -0.0104414020
        0.1299932403        0.4084805453        0.1186218445
        0.9917147683       -1.4922216966        1.1805389846
       -1.6451890458       -1.3062338341        0.5292155071
       -0.9633569068       -1.0517294574        1.0467552084
       -1.6161073969       -1.5191474077       -0.2727242083
       -1.5894208599       -0.6693317174        1.1653079486
        1.1792516969       -1.3643513780       -1.0175427453
        1.1898239849        1.6990825861        1.5825234366
       -1.1246764566       -1.3606464628       -1.5726904073
        0.7003975817       -1.3573163188       -1.1139244647
        0.3181685589        0.8307374421        1.6039872769
       -0.6756117645        0.5648681011       -0.6998399305
       -0.8836937547        0.7377407928       -0.9796593045
       -1.1123516393       -1.3194156727       -0.2589534744
       -1.5202304466       -1.7233493939        1.5579298248
       -1.3271990238        0.8414649085       -0.5153555802
        1.4255235036       -1.4144724853        0.1037438189
        0.2957758339       -1.7047718102        0.9918556466
       -0.8869103334        0.9928337309       -0.6483180654
        1.7141090119       -1.6180087636       -1.6440856029
       -0.3974198984       -0.5168760703       -0.7601289834
       -0.2332015276       -1.4261773761        0.1084761920
        0.2338394256        0.3289289438       -1.5068610144
       -0.5072092400       -0.6793884125        0.5361528610
        0.4287540370       -0.5796207181        1.1581113634
        0.4624160181        0.9834583761       -1.2792598687
        1.0330508583       -0.6420772859        0.9950631662
        0.4506185725        1.4565457272        0.1189322966
        0.4883773386       -1.2713310306       -0.7164137916
        1.3127772146       -0.4678524358        1.0405246463
       -0.5174133626       -1.6908250551       -0.0008725788
        0.0991982264        1.0419088828       -1.6711519052
        0.1617728553       -0.9339940304       -1.6821450908
        0.3853455419       -1.7079797121       -1.1140127527
       -1.5791696978        0.7642582208       -1.4941412945
       -0.6316672176        1.0202169085        0.5192156431
        1.6708508044       -0.4092902689       -0.8090247056
       -0.8021251547        1.0290866038        0.4199043668
        0.2568944483        1.7012027792       -1.5824245989
       -0.7617660989       -0.4008144309        1.5619676995
        0.8608806128        0.3167461081        0.1292679188
       -1.3674970562       -0.7319878013        0.3802384849
        0.6259657210       -1.6373110655        1.3543808240
       -0.5992642482       -0.7935010004        0.4957742898
        0.9577020159       -0.3983942789        1.3141050668
        0.2324216221        0.5705928118       -1.6620684922
        0.1302757567        1.3201169428       -0.3872418451
       -1.6186099379       -0.1759889930        0.5677578323
        1.4554287617       -0.6818695863        0.7936213875
        1.1655896487       -0.6559635209       -0.4310810971
       -0.3796210587        0.0778228920       -0.5041157455
       -0.1141756722       -1.2858286120       -1.4823251370
       -0.7723438004        0.8963016917        0.5957695698
        1.6084957520       -0.9480396168        0.7911924845
        1.7205804902        0.6141992517       -0.8129752617
        0.7153491469       -0.0209656535       -0.4033885272
       -1.4610648213       -0.9223025750        0.9697135164
       -1.0235938357        0.9686260737        1.2482962039
