          98
Energy of minimum      1=    -543.6653608     first found at step     1278 after               282016 function calls
LA         1.1552347537        0.2838230840       -2.3133510767
LA        -0.6367402033       -0.1947213926       -2.5146294064
LA         2.2440438086       -0.6612609982       -1.1374168917
LA         0.2184972997        2.4366888373        0.8840375822
LA        -1.5685331089        1.9594643255        0.6833149864
LA         0.6774700528       -1.2936422605        2.1527283416
LA        -1.3349622487       -1.6170292855       -1.5394181807
LA         1.8863950604       -1.6146085953        0.7754149235
LA        -2.0512019101       -1.4268696276       -0.7234151473
LA         0.1653529665        0.4544554309        2.5559428878
LA        -0.2431403897       -2.5647283757       -0.3602311664
LA        -2.5619057506        0.3164050516       -0.3213124899
LA         0.8526628637        1.3166434813       -2.0751220490
LA         1.5438905606       -2.0875044598       -0.1595080723
LA        -0.8933909448        0.1717190568        2.4370228873
LA        -0.3812740166       -1.5763785260        2.0338082552
LA         1.4307673369        2.1148346057       -0.4970857496
LA        -0.9593799421       -2.3745688177        0.4557718938
LA         0.8635732850        1.8767645190        1.5807315018
LA        -1.9822007833        1.1168036880        1.2610889642
LA        -0.9393119945        0.8380989440       -2.2764002280
LA         2.5865478885       -0.1883648317       -0.2024939114
LA         2.0758432374        1.5549102986        0.1996083220
LA        -2.1482377100        1.1590655668       -0.8990865009
LA         0.9571500309       -0.2183575958        2.1623312035
LA         0.3971785872       -0.5278765504       -2.2810278332
LA         0.3800077887        2.3346877496       -0.2105218622
LA        -1.1494686082       -0.7809275066        1.9257118784
LA        -2.2510135200        0.1752111528        0.7360239453
LA        -1.4279244774        1.8518815039       -0.4135922534
LA         1.4987228246       -1.4840147571       -1.0913395604
LA        -1.7343362202       -1.5884535988        0.3292182897
LA        -0.3092100671       -1.9668204747       -1.2944103761
LA        -0.2048586501        1.5271608321       -1.8070153019
LA         2.1802151042       -0.5430779259        0.7689083384
LA         1.6635371682        1.2205872690        1.1757136479
LA        -1.8221030134        0.4502083107       -1.7042514433
LA         2.3193291343        0.8206211482       -0.6119748558
LA        -0.1091988237       -2.2438278277        1.1749604283
LA        -1.1075539083        1.1640310168        1.9610140985
LA         1.6712928602        1.3831149719       -1.3118661397
LA        -0.0439513366        1.4480649396        2.0804798253
LA         0.6103276392       -2.4348600429        0.3552125423
LA        -2.2376696276       -0.3963193421       -1.1238261409
LA         0.9544040354       -1.9597941346        1.2944262515
LA        -1.5181426924       -0.5873517828       -1.9435739051
LA        -0.6919878623        2.0105589784        1.3805887618
LA         1.9752532443        0.3455546433       -1.5511883885
LA         0.5115064630       -1.2826293486       -1.5044431564
LA        -1.6553266996       -0.7073411275        0.9642028159
LA         1.5476812427        0.1480181665        1.3239707007
LA        -0.4038609552        1.8419521827       -0.7837305110
LA         1.9233590441        0.4804717250        0.3597935091
LA         0.5583143984       -1.8478722099       -0.5772936240
LA        -1.1044866495        1.1451059670       -1.2363074256
LA        -0.8828067845       -1.4652586571        1.0645579328
LA         0.6254238624        1.6070763085       -1.0420004836
LA        -1.3771867347        0.2222945979        1.4538074973
LA        -1.9368139945       -0.5503825808       -0.0737886450
LA        -0.4956925344       -0.9329963600       -1.7156401444
LA         0.7530754426        0.7911786726        1.6930824146
LA         1.2342182136       -0.4710261342       -1.5213330114
LA         1.2474557697       -0.8963748161        1.3038329746
LA        -0.5448599501        1.9177832783        0.2912887622
LA        -0.0955884559       -0.4966766474        2.0318880162
LA         0.0955892130        0.4966761908       -2.0318880213
LA         1.0157070933        1.7670853173        0.4797311990
LA        -1.8285497364        1.0075298448        0.1602588943
LA        -1.0157078317       -1.7670847680       -0.4797313565
LA         1.8285496810       -1.0075298447       -0.1602586233
LA         1.2703626043        1.0376275060       -0.3423130300
LA        -0.7997923570        0.1044648916       -1.4687033598
LA        -1.5139661073        0.2940760668       -0.6550542781
LA        -0.1590350062       -1.6499683642        0.2449134068
LA         0.1824814640       -1.1784367483        1.1771395732
LA        -0.3115351962        0.5078759297        1.5661027887
LA         1.5720616842        0.0077864178       -0.5798549725
LA         0.8966549761       -1.3680478279        0.3634905394
LA         0.9288466184        0.5660955921       -1.2745391749
LA        -1.2122673391       -0.7357649079       -0.8925963923
LA        -0.9547504763        1.0661852362        0.8714188157
LA         0.1009392242        1.3481059852        0.9899958200
LA         0.2039492744       -0.2423492691       -1.2395631701
LA         0.8371597568       -0.7919746061       -0.5556841869
LA        -0.2021100318       -1.0695101684       -0.6724170391
LA        -0.9181165873       -0.8794124721        0.1433202549
LA        -0.0985239771        0.7901348559       -1.0014115440
LA         1.1795525428       -0.3192326605        0.3789344988
LA         0.4764871897       -0.1325708581        1.1799280716
LA         0.2376802050        1.2543325362       -0.0836852032
LA        -0.5819120919       -0.4152150773        1.0610466668
LA        -1.2151228495        0.1344104529        0.3771676865
LA        -0.8015895649        0.9767967883       -0.2004179699
LA         0.8825461675        0.6945903951        0.6127818322
LA        -0.5043298213       -0.0482334006       -0.4314311822
LA         0.5394073914        0.2304952711       -0.3141965797
LA         0.1316027419       -0.6002214766        0.2553875322
LA        -0.1666802532        0.4179594593        0.4902400556
