          98
Energy of minimum      1=    -543.6653608     first found at step      178 after                43827 function calls
LA         2.1186767140        0.3530505211       -1.4674059137
LA         2.0081435325        1.3791596839        0.9121375528
LA         0.7227686281       -1.1153505203       -2.2361382137
LA        -1.0568818630        1.3993381773        1.9213455627
LA         2.2307354591       -1.1879462116        0.6158883993
LA        -1.7845636987       -0.6370379506        1.7821983819
LA        -1.6838631459       -1.4661573688       -1.3348049296
LA        -0.9699671983        0.8497084674       -2.2591756434
LA         0.6968639349       -1.3004385345        2.1424183308
LA         0.3848672952        2.5702700840        0.1109259290
LA        -0.7091480930       -2.4832724144        0.3117419391
LA        -1.9576322539        1.6386763997       -0.4991310436
LA        -1.0950424036        2.1638855749       -0.9408491760
LA         0.6346724749       -0.0544587882       -2.5220905065
LA        -1.9336687597        1.1585720577        1.2982107450
LA         2.2067726381       -0.7078409526       -1.1814531787
LA        -0.9077762869       -0.3962719486        2.4053328047
LA         0.3990640082        2.2858275288        1.1757788403
LA         2.1568379707       -0.4114967350        1.3947889256
LA        -0.7331780214       -2.0018395758       -1.4905719478
LA         0.7707612917       -2.0768878531        1.3635174306
LA        -1.6598328244       -1.9475898084        0.4675088321
LA         1.9939468776        1.6636015674       -0.1527156482
LA        -1.8325566788        0.3244986892       -1.8174575393
LA         1.1777792830        0.7159597809       -1.9338381748
LA         1.3773092318       -1.8806526127        0.4534945354
LA        -2.1377090711        0.0999558488        1.0294176688
LA         1.3530661875       -1.3949321259       -1.3648692902
LA        -0.3931363389        0.5790168414        2.2692894939
LA         1.0798387931        1.4758749998        1.5150027312
LA         1.2302726231       -0.3357252914        2.0032997725
LA        -0.4456289240        1.6307020325       -1.6678481016
LA        -2.1619527947        0.5856756236       -0.7889463864
LA        -2.0115196190       -1.2259246264       -0.3006484910
LA         1.0515905357        2.0418398828       -0.6037709976
LA        -0.1199097960       -2.2917900977       -0.6105827934
LA        -1.3496097876       -0.6622964560       -2.0413566185
LA        -1.5934402198        1.8996495281        0.5286772644
LA         2.4984550300       -0.4060114065       -0.1417641245
LA        -0.3945616342       -1.2004367895       -2.1978380882
LA        -1.3027643158       -1.6008329004        1.4721952900
LA         2.4099555211        0.6597487182       -0.4290291992
LA        -0.3477167278       -2.1389741387        1.3157135798
LA         2.4242178149        0.3740015235        0.6407107729
LA        -0.4219531410       -1.3589618303        2.0981890655
LA        -0.7268916616        2.4272688890        0.0849322220
LA        -0.7126297276        2.1415206134        1.1546718184
LA        -0.4830619404       -0.1346763325       -2.4851019559
LA        -2.0345543524       -0.1741759519       -0.0193995630
LA         0.6179810129        0.5542127875        1.8657633182
LA         0.8415435334       -1.7947711830       -0.4906380314
LA         0.5750299189        1.4147344426       -1.3557257484
LA         1.4812831509        1.0349848412       -0.8911911029
LA         0.1004406427       -0.3954862275        1.9730981848
LA        -1.6869102614       -0.4151659604       -1.0205810361
LA         1.5098490599        0.4626676275        1.2513627844
LA        -0.0720666280        1.9102509344       -0.6366801957
LA         1.6585365741       -1.0995990659       -0.3158367608
LA         0.2491276805       -1.9577527739        0.4058984542
LA         0.2259302906       -1.4929941183       -1.3339932399
LA        -1.8076538355        0.8534957429        0.2520858489
LA        -0.0435008407        1.3379337111        1.5058735080
LA        -1.6637125603       -0.8799242275        0.7193108244
LA         0.0486766800        0.6415895479       -1.9093472741
LA         1.2579110195       -0.3374710195       -1.6395631118
LA        -1.2579110666        0.3374711205        1.6395629327
LA         1.2960514725       -1.1016107257        1.2211054111
LA        -1.2960514723        1.1016105132       -1.2211053166
LA         1.0593886074        1.7484167779        0.4529112669
LA        -1.0593884903       -1.7484166436       -0.4529111316
LA         1.5649264522       -0.0312560156       -0.5980791899
LA        -0.8145693022        0.1097751565       -1.4601699467
LA         1.5790828783       -0.3148781698        0.4637019473
LA        -0.7772321934       -0.6382636840        1.3402237954
LA         1.4912417650        0.7429534080        0.1785748267
LA         0.1333733392       -0.4243621008       -1.6154870834
LA        -0.0609660843        1.6175760506        0.4328983867
LA        -0.9352239649        1.3775040074       -0.1884386651
LA         0.1707103638       -1.1724011016        1.1849067028
LA        -0.9210675797        1.0938818489        0.8733424128
LA        -0.7035475587       -1.4124730461        0.5635697899
LA        -0.7267281310       -0.9480563734       -1.1750429753
LA        -1.1458637359        0.3449654757       -0.4525928994
LA         0.5771049709        1.1063416910       -0.2824946272
LA        -0.2835548986        0.8700035960       -0.8941673629
LA        -1.1319274528        0.0657548119        0.5926733776
LA         0.7377101184       -0.7163719831       -0.7612097318
LA        -0.1090134639       -1.2319206860       -0.3276162211
LA         0.6777724916       -0.2193864233        1.0627038081
LA        -0.2554258693        0.3064429222        1.2156049762
LA         0.6496435028        0.3441743057       -1.0470686482
LA        -1.0593888333       -0.6964126232       -0.1719005708
LA         0.5912975884        0.8219917002        0.7820115010
LA         0.7516463108       -0.9955827988        0.2840565240
LA        -0.2742266032        0.5848469508        0.1598799530
LA         0.6629831125        0.0567573457        0.0063215592
LA        -0.2013762147       -0.1805966639       -0.6079805092
LA        -0.1873800620       -0.4610075139        0.4417789217
