          98
Energy of minimum      1=    -543.6653608     first found at step   147898 after             20324505 function calls
LA        -2.5282391137        0.5381997076        0.2916592303
LA         0.4105513403       -1.3135199226        2.2074485129
LA         1.8869689496       -0.6164538311       -1.6810860398
LA         0.0138135136        1.0326736936       -2.3874902753
LA         0.8310924212        2.3158304727       -0.8443516490
LA        -0.2428074898        2.3491040243       -1.0906288790
LA        -1.2554563995       -2.0349845165        1.0243936794
LA         1.0877134576        0.9994004322       -2.1412131806
LA         1.4239079092        0.2461737733        2.1630072656
LA        -1.4070756020       -1.2572044056        1.7906119475
LA         0.5621706039       -2.0912999640        1.4412302149
LA        -2.2723255118       -0.7745985808       -1.0016234590
LA         1.2865956398       -1.5405098835       -1.6547559812
LA         1.8314405692       -1.8444042077        0.1035054295
LA        -1.7987985131       -1.7319276840       -0.7290169329
LA        -1.5120784319        2.1022080134        0.2470951712
LA        -0.5260170190       -1.4843492523       -2.0704416710
LA         0.6224415151        1.8664982202        1.7016069466
LA        -0.9995434164       -0.5270200825       -2.3430488686
LA         1.3744335578        2.0127740444        0.9090590233
LA         2.1758998323        0.3924498575        1.3704592773
LA        -1.1901707085        1.9226588728        1.2859206054
LA        -2.2063310844        0.3586502017        1.3304845392
LA         2.4318136642       -0.9203481406        0.0771755171
LA         2.2532654204       -0.1766174997       -0.7287619746
LA        -0.2254332344       -2.2650263952        0.6769987522
LA         1.4446617404        1.4581361240       -1.1942707436
LA        -0.5271148722       -0.7174512330        2.2015688858
LA        -1.9762295701        1.2745577310       -0.3309262379
LA         1.0586825609       -2.0152428778       -0.6763723549
LA        -0.6921129688        1.5243412511       -1.6842967728
LA        -1.3357184554        0.9173027511        1.7360597653
LA        -1.7173228464       -0.0535955649       -1.6393356983
LA         0.4980945737        0.8604853323        2.1566079370
LA        -0.7751306440       -1.9584253361       -1.0969202087
LA         1.9943582597        1.1515353593        0.5796484401
LA        -2.1474982955       -0.7419537584        1.1247111489
LA         2.1513483732       -0.7047922196        1.1411342770
LA         0.4860622439       -1.0406568868       -2.2600877887
LA        -0.4899123077        2.4874027336       -0.0057575774
LA         0.0103628035       -0.0789342427       -2.5339457566
LA         1.5482200384       -1.6330888246        1.1675847784
LA        -0.1665272631        2.3070296920        1.0378351163
LA         1.0891909048       -0.1123601705       -2.2865384271
LA        -1.9951837929       -1.5233031861        0.3549763311
LA         0.5889158655        2.4539768001        0.2416499703
LA        -2.4708836479       -0.5615804020        0.0811187637
LA         1.3959053361       -0.8517396026        1.9373194439
LA         0.0187358132       -2.0111867081       -0.3534155439
LA        -0.4399548189        0.3418239313        1.9646172492
LA         1.8350390597        0.7843508621       -0.4330707018
LA        -1.4138199136        0.8850115930       -1.1781310837
LA         1.9840403669        0.0436726235        0.3482686427
LA        -0.7026912300        0.4039893910       -1.8446223375
LA         0.4709832251       -0.2506442047        1.9429272174
LA        -0.9786241593       -1.7612232724       -0.0011535741
LA        -0.3027249491        1.3135612745        1.4975073881
LA         1.2103322738        1.6078778190       -0.0971511367
LA        -0.9504246654        1.6748256567       -0.5926774805
LA         0.2500754616       -1.5222193853       -1.2961191296
LA        -1.2836910674       -0.1962787506        1.5405278663
LA        -1.9313910415        0.1649856655       -0.5496566642
LA         0.7760501449       -1.8155885998        0.4012457736
LA         1.4580657218        0.3370417540       -1.3490964547
LA         0.3740407848        1.4823866208       -1.4307400604
LA        -0.3740404036       -1.4823866339        1.4307400720
LA         1.6461439859       -1.0894246502       -0.6983967371
LA        -1.6461440878        1.0894247306        0.6983963202
LA        -1.2388289966       -1.0000385396       -1.3600065863
LA         1.2388285937        1.0000385699        1.3600067990
LA         1.3740196260       -0.8819903197        0.3766076245
LA        -0.6211031337        1.4897786498        0.4499563764
LA        -1.1291874497       -0.9735189367        0.7647659619
LA         0.3762709738        0.3657306571       -1.5913300963
LA         0.6241969248       -1.0278442820        1.1668695021
LA         0.1287196279        1.6356325169       -0.3403053761
LA        -0.2223704374       -0.5556597699       -1.5650763402
LA         0.8484317355       -0.5888368518       -1.3195096031
LA         1.2228383178       -0.1064538937        1.1406158171
LA        -1.6013482441       -0.0189513142        0.4929453710
LA        -1.4501669730       -0.7944878829       -0.2710626782
LA         0.4496989198        1.4566015058        0.6955233776
LA        -0.1304805184       -1.2062274569        0.4059990396
LA        -0.2820499309       -0.4287006957        1.1719678717
LA         0.3072801282        0.4783583985        1.1461225137
LA        -0.3305098852        0.8340952003       -0.9120820420
LA        -0.7468667027        0.5110195320        0.9043751642
LA        -1.0686698683        0.6905100859       -0.1341119841
LA         1.0590272812        0.6245866221        0.3538324887
LA         0.7430403791        0.8008328812       -0.6658849323
LA         0.6076794547       -1.0626422353       -0.3719711090
LA        -0.4464675118       -1.0299812537       -0.6137183307
LA         1.2078572464       -0.1388872245       -0.3982923438
LA        -0.9198400557       -0.0729638625       -0.8862365890
LA        -0.0061052568        0.6553682830        0.1151645874
LA         0.4607095958       -0.2883912366        0.3839075323
LA        -0.5979686362       -0.2555898300        0.1411210606
LA         0.1433643889       -0.1113874506       -0.6401931952
          98
Energy of minimum      2=    -543.6429572     first found at step    17824 after              2456231 function calls
LA        -1.5499238894        1.8631273453        1.2852205761
LA         2.5946060386        1.1544544980       -0.5852633368
LA        -1.1369755544       -2.6357549114        0.4090977592
LA         1.1382046100       -1.5924260127       -1.7984689194
LA         1.7452676778       -1.3324554532        1.4706192743
LA        -1.7830579912       -1.5302396894       -1.4169521801
LA         1.0321738011        1.3292254892       -2.1671312191
LA         1.6932006602        1.6127554750        1.4030262487
LA        -1.1198149002       -1.2444507602        2.1526135792
LA        -1.0186942826       -1.1749098412       -2.1591793736
LA         0.5380853204        0.4063310577       -2.5740171403
LA        -0.1512731009       -0.8030166236        2.5090971921
LA         1.4043717425        0.7770686335        2.0945625247
LA         0.0280799918        2.5484084031       -0.2149082514
LA        -2.5151485103       -0.0347788859        0.4627908725
LA         1.0606014170        2.0619116357       -1.3121670582
LA        -2.2728291726       -1.3238925027       -0.4239036167
LA         1.3942289908        2.2056071220        0.4938715501
LA        -1.9376085008       -1.1785750595        1.3817093330
LA        -1.7709171438        1.7915500696        0.1830639100
LA         1.8365099005        1.9667244178       -0.5087996431
LA        -1.9393587694       -1.8684676611        0.4973610135
LA        -2.2663562536        0.8323636531       -0.2320168752
LA        -0.9736343822        2.1453963997       -0.5764908595
LA        -1.7871488542        0.6143650134       -1.2516743269
LA        -0.9980644690        1.4158475322       -1.4619426381
LA        -0.2412134908       -0.3882514299       -2.3851109125
LA         0.6320479688       -0.0137210505        2.3196168453
LA        -0.7704889808        2.2273534507        0.5407792366
LA        -2.0524323840        0.9252684092        0.8823814976
LA         1.8149688667        1.2429393684       -1.3767916366
LA        -1.4611521788       -2.0846551550       -0.5037983075
LA         2.1456389932        1.3850101970        0.4087000733
LA        -1.1297142667       -1.9418002978        1.2814882999
LA         0.0602699115       -1.3836611352       -1.9804460655
LA         0.8377527632       -0.5939621566       -2.1876234225
LA         1.5750054621       -0.2783290478        1.7840988623
LA         0.7980025889       -1.0675389433        1.9911477689
LA        -1.2401634543        0.8498540756        1.6723520338
LA        -0.4577391903        1.6445712183        1.4638574672
LA        -0.1744234873       -2.2077486458        0.7667330800
LA         2.3187527002        0.3245974815        0.1023717581
LA         2.1152642306        0.2373364748       -0.9945755895
LA        -0.3780864183       -2.2951887889       -0.3301675487
LA         1.6299782950       -0.6773691523       -1.3989587566
LA         0.3794305530       -1.9475652707       -1.0657225715
LA         0.7854209615       -1.7735208191        1.1205930081
LA         2.0357991980       -0.5034985168        0.7874025647
LA         1.3448719501       -1.5100078696       -0.7087455875
LA         1.5470404547       -1.4234086875        0.3800334606
LA        -0.0280344214        1.1159209655       -1.9447786580
LA        -1.5723960728       -0.4527064520       -1.5332501992
LA        -0.9109960201       -0.1682793159        2.0196011920
LA         0.6299801667        1.3969067726        1.6089742624
LA        -0.0055646088        1.8453965971       -1.0953033532
LA        -2.0607476749       -0.2420767522       -0.5476555246
LA         1.3357661901        0.3236229227       -1.7920754492
LA        -0.7016463108       -1.7458016576       -1.2491623962
LA         1.8727124189        0.5536079705        1.1020340950
LA        -0.1640814709       -1.5151841818        1.6447814696
LA         0.3277721083        1.9870111639        0.7101550780
LA        -1.7236750918       -0.0966670275        1.2568082368
LA         1.8432753528       -0.5965968691       -0.3071870568
LA         0.5885302425       -1.8710556800        0.0271675211
LA        -0.8058836570        0.3309417893       -1.7628230059
LA        -0.1375100074        0.6173521709        1.8371200715
LA        -0.5003077060        0.5024224571        0.0375587342
LA        -1.7196585272       -0.8018036092        0.3716890730
LA         0.7848675796        1.7420721745       -0.2956950914
LA        -1.2280528623        1.0923942130       -0.4446815224
LA        -1.0150714637        1.1700577525        0.6506100760
LA        -0.2516033817        1.5084564965       -0.0844095954
LA        -1.4910193465        0.2495672603        0.2458598946
LA         1.5311696245        0.9280632994       -0.3702634294
LA        -0.9156915195       -1.5572410344        0.2817555693
LA         0.7605822060        1.0202999154       -1.1555655170
LA        -1.2414730080       -1.0132111693       -0.6220749366
LA         0.5768697886       -0.8739999456       -1.1665862068
LA         0.9751298298       -0.7033426486        0.9784792052
LA         1.0886794170        1.1606346043        0.6142491229
LA        -0.9124557329       -0.8719392051        1.1474942958
LA         0.2783724295        0.1132746087       -1.5568436751
LA        -0.4904391080       -0.6676166348       -1.3519770884
LA         0.0395554698       -0.4407495984        1.4986921151
LA         0.8076032329        0.3393647192        1.2940293441
LA        -0.2750728152        0.8066256335       -0.9375347658
LA        -1.0303504621        0.0394812513       -0.7362747210
LA        -0.7032797743        0.1782510161        1.0148102043
LA         0.0506612368        0.9440370858        0.8139061407
LA        -0.7076781094       -0.5135154986        0.1594755737
LA         0.5019777313        0.7151455933       -0.1628631694
LA         1.0652609056        0.0248284342       -0.7755726571
LA        -0.1685448429       -1.2283623140       -0.4467982207
LA         0.0324595991       -1.1420988264        0.6356265328
LA         1.2660870425        0.1109098467        0.3068997887
LA         0.7848202958       -0.7975942548       -0.0949641279
LA         0.0313628762       -0.1771974258       -0.5577280278
LA         0.2283828291       -0.0924796664        0.5045568459
          98
Energy of minimum      3=    -543.5467256     first found at step     6143 after               803038 function calls
LA         0.9294349353        2.3783432278        0.9187532720
LA         2.5183897776        0.8089877595        0.6064035488
LA        -1.1082035209       -1.5533020146        2.1667988328
LA        -2.6327786293       -0.1763725560       -0.4644299182
LA        -0.2820930096       -2.4980626030       -0.9265159437
LA         1.5762265798       -0.5865623073       -2.1823652875
LA        -0.9902014797        1.9482097704       -1.6778687008
LA        -1.5339365322        0.6362884754        2.1468030055
LA         1.0323252184       -1.8983173977        1.6423401137
LA         1.6136853125       -1.4872837966       -1.5131044543
LA        -1.7426742344        1.8276752916       -0.8533275915
LA         1.3123419101       -2.2127728659        0.6019553363
LA        -2.0434501393        1.1016261034        1.2616203924
LA         0.3905288733        0.9093618863       -2.5822993158
LA         1.4612955584        1.7172061227       -1.1940913325
LA         0.9707316334        0.5343277534        2.2535609961
LA         0.0870039851        1.8051044650       -1.9738953482
LA         1.3856485818        0.5224784186       -2.2291767614
LA         0.7411870011       -1.0307985894        2.2984951946
LA        -0.5570890703        0.2514627345        2.5537037362
LA        -0.3361681127       -0.8481782399        2.5514336278
LA         0.5936884671       -0.1991367910       -2.5482318244
LA        -0.6885444454        1.0672802627       -2.2961764676
LA        -1.1403818278        0.0661769556       -2.1008479236
LA        -0.3531733535       -0.7113215285       -2.2555935677
LA         1.4735350009       -1.8653031570       -0.4592731390
LA        -1.9086909534        1.4752035499        0.2055881802
LA         1.7358670476        1.6046781359        0.7680620458
LA        -1.3218579994       -0.4592593363        2.1588161404
LA        -0.0382894584       -1.7269947195        1.9064988807
LA         1.2076589207        2.0675713435       -0.1370907340
LA         2.0094571420        1.2756629984       -0.2947047195
LA         0.9603968676        1.4713650027        1.6007639456
LA         1.7622242823        0.6794279781        1.4431441820
LA         0.6663586446       -1.9946267721       -1.2197561136
LA        -2.1896279528        0.8261313084       -0.6583402792
LA         0.5158354059       -2.3570074775       -0.1630694341
LA        -2.3398225563        0.4634262577        0.3982818245
LA         0.1180676045        2.2301527545        0.1472496588
LA         2.2167683630        0.1573388718       -0.2653035281
LA        -0.0332291518        1.8651006543        1.2110291495
LA         2.0653331347       -0.2075760519        0.7985032433
LA        -1.8898084364       -0.0548331504       -1.2848805288
LA        -0.3178336549       -1.6074177357       -1.5938916700
LA        -0.8352425917       -1.8761709207        1.1373164670
LA        -1.6238907804       -1.0972505739        1.2923449178
LA        -0.5597298041       -2.1910499971        0.1069944917
LA        -2.1318884809       -0.6382838663        0.4160416109
LA        -1.0706394242       -1.7283448924       -0.7744147025
LA        -1.8537263453       -0.9549173167       -0.6204792261
LA        -0.6829383489        2.0364285345       -0.6204228218
LA         1.8713110571       -0.4863145100       -1.1225255845
LA         1.5729431706       -1.2052889358        0.9734439867
LA        -0.9810304040        1.3171812651        1.4754922747
LA         0.6317418409       -1.1057461516       -1.8941850582
LA        -1.4497569774        0.9500777210       -1.4850140783
LA         0.2373742160       -2.0553963312        0.8752761934
LA        -1.8432921787       -0.0003951634        1.2842831773
LA         0.3883096729        1.8968442099       -0.9092118542
LA         1.6855567258        0.6155983406       -1.1642186587
LA        -0.0082100260        0.9404716201        1.8778527708
LA         1.2888505067       -0.3405900341        1.6228825970
LA        -1.1120537631       -0.8381900405       -1.4457715357
LA        -1.3547029423       -1.4235037092        0.2606729857
LA        -0.8477626670        1.6941780571        0.4312927046
LA         1.7397884522       -0.8614557846       -0.0773562689
LA         0.4688849088        0.4375012705        0.1871046486
LA         0.6842210775        0.9966859974       -1.5270024079
LA         0.2001344518       -0.1708550568        1.8765456578
LA        -0.0938711590        0.2720305881       -1.8443124547
LA         0.6940795480        1.3912374805        0.5465353519
LA         1.4759902159        0.6189715476        0.3928307652
LA        -0.5661744886       -0.8687934697        1.4849415249
LA         0.9616514634        1.0697769478       -0.4829182038
LA         0.7224149392        0.4927393866        1.1993025291
LA         0.8820588239       -0.1082273745       -1.4891464960
LA        -0.3906338531        1.1487669780       -1.2389664326
LA        -0.0247974940       -1.4898889167       -0.5439574866
LA        -1.5675448492        0.0338286888       -0.2406917491
LA         0.4948109638       -1.0414460703        1.2317961001
LA        -0.7774746896        0.2151458606        1.4818958032
LA         0.9174746720       -0.9952537210       -0.8344020158
LA        -1.1325228488        1.0294572100       -0.4314232816
LA         0.7686628150       -1.3535046865        0.2101106021
LA        -1.2810316955        0.6709069887        0.6130295524
LA         1.1644370857       -0.0148715337       -0.4524697651
LA        -0.0947400430        1.2287738898       -0.2049464670
LA         1.0184533088       -0.3666814513        0.5731777875
LA        -0.2405943507        0.8768359251        0.8206754962
LA         0.1942378364        0.3589713131       -0.8154918819
LA        -0.8401971791        0.1524357720       -1.0512305395
LA        -0.0615889818       -0.6165683312       -1.2042855570
LA        -0.0396862266       -0.2054992678        0.8306148157
LA        -1.0786253349       -0.4231330479        0.6266811907
LA        -0.3002208891       -1.1919358984        0.4736662807
LA        -0.8052698777       -0.7364319324       -0.3963972973
LA         0.2273363111       -0.5146233164       -0.1736924194
LA        -0.5370210986        0.2403057176       -0.0234387629
          98
Energy of minimum      4=    -543.4923253     first found at step    55983 after              7712141 function calls
LA        -0.7795508660        1.4608407691        2.1469984135
LA         0.5632502222        2.5444205993        0.6950998077
LA        -2.1379658262       -0.0433788089       -1.9833667280
LA         2.2045477235       -1.7532309215        0.7567527083
LA         1.0670806914       -0.9303512317       -2.2716437741
LA         0.5418281893       -1.5154651874        2.2248794081
LA        -2.7319811860       -0.2264123228        0.1591110694
LA        -2.3202703115       -1.0618418065        0.7863005010
LA        -0.5097854655       -1.7747143107        1.9287142234
LA        -0.5630148175        1.5235349942       -2.1859337782
LA         2.7105234003        0.2345885535       -0.1203359838
LA         2.3260790657        0.5145199727       -1.1370565555
LA         0.5156095021        1.2273878706       -2.2794597084
LA         1.3964735464        0.8254053306        1.9339906000
LA        -1.5546273833        1.9873909367        0.0718519200
LA        -2.5195265859        0.7855653867       -0.2868732859
LA         1.3561694947       -0.7404783414        2.1586846657
LA         2.4532161782        0.1448867687        0.9722361073
LA        -1.4222088237        1.6708239788       -1.4731511013
LA        -2.2072111945        0.8776575291       -1.3602621193
LA         2.1851640542       -0.8518273157        1.4113200191
LA        -1.6192329663       -1.8013836594        0.3313714534
LA        -0.7167729262       -2.1567241469        0.9008228545
LA        -1.4261952832       -1.4291168225        1.3684416893
LA         0.1217263246       -2.2827106714        0.1705720888
LA        -1.3309786672       -1.7107121561       -0.7460827828
LA        -0.2585107013       -2.0063979365       -0.8423202204
LA         1.4320416040        0.8769193981       -1.7222811259
LA        -0.1088318161        2.0166561525        1.4308808374
LA         1.3750098824       -1.6354787688        1.4919545139
LA        -2.4369958765       -0.1345125173       -0.9134152325
LA        -1.3521343081        0.7407149473       -2.0862728676
LA         2.4596497367       -0.7601640292        0.3189572646
LA        -1.1770644171        1.7415922148        1.1213368433
LA         0.3105133113        1.1558639304        2.0599951510
LA         0.9881209983        1.7026702753        1.3273122836
LA        -0.4994346589        2.2883900946        0.3886678561
LA         1.6973224434       -0.2075068348       -1.7061681319
LA         0.7928159254        0.1486402438       -2.2769102265
LA        -0.5033505587        0.3657201475        2.1467754398
LA        -1.4140661517        0.7243109555        1.5721156241
LA         0.3594896612        2.1553966857       -0.3454146273
LA         1.2700598216        1.7968624314        0.2291533563
LA        -1.7370986149       -0.8790842578       -1.3668430552
LA         1.1645799915       -2.0216118534        0.4641118099
LA        -1.0706983069       -0.3408004965       -2.0877075147
LA         1.8315103356       -1.4835370462       -0.2564180770
LA        -0.0028054088       -0.6360087600       -2.1838543082
LA         1.4527578029       -1.2091329999       -1.2653960044
LA         0.4047273655       -1.4706366194       -1.5590948310
LA        -0.2172165784       -0.7227821458        2.1011974774
LA        -2.0112321039       -0.0163947504        0.9691768795
LA         0.1472308927        1.7255374165       -1.3645337140
LA         1.9412260944        1.0191569703       -0.2325262555
LA         0.3317041988       -1.9083224974        1.2019649675
LA        -2.0395853855       -0.9746341365       -0.2943152818
LA        -0.2809109328        0.4440789811       -2.1955079104
LA         2.0898496888       -0.4894017184       -0.6995613601
LA         0.5873041741        0.0513924861        2.0375912034
LA        -1.7984681669        0.9907820291        0.5321733987
LA         1.6834520978        0.9360231336        0.8523287197
LA        -0.7022285280        1.8753770531       -0.6530309025
LA        -0.6692277293       -1.1808638793       -1.4743402256
LA         0.7917241685       -1.7561095139       -0.5524815516
LA        -1.1283068209       -0.3794148962        1.5513733387
LA         1.0582981197        1.3848469021       -0.8130274915
LA        -0.0363776383        0.5293499719        0.3879686155
LA        -1.4911341296        1.0715919393       -0.5531032709
LA         1.4216701595       -0.0753156204        1.2848715524
LA        -0.6162763038       -1.4834882700        0.0509624470
LA        -0.4020032445        0.9860602120        1.2523985476
LA         0.2587923658        1.5192832197        0.5379101534
LA        -1.4144885554        0.1528868777       -1.1678572895
LA         1.4333216664       -0.9684301129        0.6291066692
LA         0.6621959539        0.6840273881        1.1493964977
LA        -0.7775840369        1.2509357362        0.2408983130
LA         0.6879302054       -0.4294949633       -1.3582322797
LA         0.6145169270       -0.8519155903        1.3610725543
LA        -1.7146044514        0.0651688608       -0.1085991965
LA         1.6896367879        0.0156780244        0.1983669436
LA        -0.6392812632        0.9326826981       -1.2711767853
LA        -1.3124061954       -0.7573373788        0.5066084710
LA        -0.4180721422       -1.1094783892        1.0709319986
LA         0.4199703931        0.6405519482       -1.3662991599
LA         1.3140982432        0.2884915763       -0.8021059908
LA        -0.1289845812       -0.0809801325        1.2344093266
LA        -1.0069309751        0.2647081865        0.6804267374
LA         0.0571395286        1.1233623397       -0.4700143182
LA         0.9350189903        0.7776999449        0.0839260292
LA         0.4124744310       -1.2383808750        0.3414047000
LA        -1.0239304215       -0.6728006356       -0.5649646961
LA         0.6903515955       -0.2074825397        0.5099992622
LA        -0.7181714051        0.3471191840       -0.3787765143
LA         1.0702431802       -0.7073482292       -0.3698745944
LA        -0.3659815187       -0.1418388222       -1.2761302948
LA         0.0366600668       -0.9662711712       -0.6610579763
LA        -0.3236942017       -0.4637393871        0.2236111150
LA         0.3223332303        0.0578922313       -0.4747053286
          98
Energy of minimum      5=    -543.1896663     first found at step     4273 after               560408 function calls
LA        -1.5933538900        1.8836959055        1.0398320265
LA        -1.3721922478        0.1396009940        2.2994079342
LA        -2.5560866679       -0.9051283988       -0.3270910859
LA        -0.9866336125       -2.5218337357       -0.2099534157
LA         0.4128563264        0.6386490217        2.8275027088
LA         1.0660230234        0.8701896323       -2.5409411487
LA         0.3032345126        2.6601428609        0.1708717433
LA         2.6215616629        0.2700094531        0.3513063013
LA         1.4715241996       -1.2300390242       -1.9103422695
LA         0.9812536493       -1.4046903536        2.1347044163
LA        -1.0624968783        1.3775787740       -2.1055052052
LA        -1.3191835431        1.9793232617       -1.1948517824
LA         1.7206769971       -1.5306637480        1.3007730915
LA         1.9907902539       -1.4342536634       -0.9364658894
LA        -1.4746472172       -1.2913081137        1.6397121108
LA        -1.0351726089       -1.1259306306       -2.0070722616
LA        -0.0882631280       -1.1718316934        2.3935722940
LA        -0.7905245573        0.3570366608       -2.4945645766
LA         0.4913108417       -0.9622528435       -2.3955707028
LA        -0.3761014932       -0.1418347993        2.7297020515
LA         0.2808312471        0.0960798622       -2.7005161455
LA        -0.5745035144        0.9211246246        2.3895740421
LA        -1.4663546915        1.9470113247       -0.0782120439
LA         1.8709292781       -1.4932213962        0.1835823134
LA        -1.8634261911        0.8154181979        0.9695530929
LA        -1.7833872493       -1.7256065827       -0.2712784768
LA         0.6977570869       -0.3832255497        2.4830871948
LA         1.2694604505       -0.1797658401       -2.2276728183
LA         0.0021583167        1.1246158696       -2.3256565215
LA        -2.0357015805       -1.1111071046        0.6598638736
LA        -0.6452192695        2.2733617494        0.6053282699
LA        -1.2434001867       -1.9254459189        0.7199006748
LA        -1.8136146566       -1.0260777069       -1.1773014060
LA        -1.0218196361       -1.8420929946       -1.1181846801
LA        -0.5083265552        2.3211350614       -0.5119653384
LA         2.1727320151       -0.6308704152        0.8258066247
LA         2.3078602040       -0.5828030525       -0.2920614339
LA        -2.2327784593       -0.0390163636        0.3234428943
LA         0.3755811678        1.3194619494        1.9474536099
LA        -2.0971388579        0.0104864335       -0.8029244152
LA        -0.0248114789       -2.1244706591       -0.6472472137
LA        -0.1604569995       -2.1734467212        0.4778485957
LA         0.3388084502        1.9926894392        1.0621620041
LA         1.1550038164        0.5180200193        2.0070205418
LA         0.8143337203        1.4738588483       -1.6409345620
LA         1.5919855492        0.6719573038       -1.5800191959
LA         0.5601759647        2.0703474632       -0.7377798252
LA         1.8908703834        0.3947266232        1.1823066043
LA         2.1101790007        0.4717389147       -0.6166287374
LA         1.0806473956        1.8677035396        0.2326033864
LA         1.8527282020        1.0715042283        0.2925265099
LA        -1.5983732961        0.9118551250       -1.2583900108
LA         0.6553848790       -1.7824617970        1.1494942647
LA         0.9229676576       -1.6861123216       -1.0674184774
LA        -0.6127684242        1.6092888373        1.5061399244
LA        -1.6910253851       -0.2419948437        1.3035652099
LA         1.4453798428       -0.5066151241        1.6634767164
LA        -0.2514793816        1.7345421889       -1.4262012778
LA         1.8010080273       -0.3807249323       -1.2661173660
LA        -0.4088747157       -1.5552246534        1.4021615884
LA        -1.3336986886       -0.1045813314       -1.6430476199
LA        -0.0534401164       -1.4243043602       -1.5458121277
LA         1.1228115807        1.2020617401        1.1272363381
LA         1.3437792649        1.2794053600       -0.6784838749
LA        -1.7501827140        0.8790975266       -0.1491388371
LA         0.8044643093       -1.7520404933        0.0421789983
LA        -0.4965922319       -0.4595027670       -0.0583563663
LA        -0.6865117059       -0.5146149849        1.7451904131
LA        -0.2504986094       -0.3556267825       -1.8546125524
LA        -0.8828523947        0.5459989478        1.4085109987
LA        -1.5086137974       -0.6773819833       -0.1901394500
LA        -0.7361486957       -1.4730478232       -0.1328828431
LA         0.0995637848        0.2618826907        1.8345770111
LA         0.5290817183        0.4132969985       -1.6862801706
LA        -0.9121762801        1.2091806057        0.5203936590
LA        -0.9825741525       -0.8743430990        0.7680185022
LA        -0.7680514110       -0.7933802241       -1.0105706094
LA         0.0295140058        1.5885571892        0.0913474065
LA         1.5504882372        0.0199089579        0.2105664012
LA         0.3804537702       -0.7523045691        1.4972286331
LA         0.7301285833       -0.6282724399       -1.3807632189
LA        -0.5260482869        0.6648584922       -1.4772842243
LA        -0.7783314933        1.2568829976       -0.5828484520
LA         1.1101627990       -0.8754709572        0.6796882159
LA         1.2436330590       -0.8275866367       -0.4253045459
LA        -1.1762317808        0.1641632019        0.4397971541
LA        -1.0451553232        0.2116689109       -0.6466396337
LA         0.0668270784       -1.1160355375        0.5323941961
LA         0.1979620527       -1.0691063946       -0.5526879056
LA         0.0658255911        0.9359538963        0.9720249391
LA        -0.2071397923       -0.1042698464        0.8781453912
LA         0.0073027375       -0.0312677493       -0.8642187182
LA         0.8346037096        0.1444327079        1.0313869368
LA         0.2840036371        1.0121020828       -0.8040923687
LA         1.0514839247        0.2205056085       -0.7437701986
LA        -0.2389116968        0.5519844250        0.0149111382
LA         0.7987815683        0.8132504455        0.1532259140
LA         0.5143900105       -0.2251579919        0.0746971394
