          98
Energy of minimum      1=    -543.6653608     first found at step    20419 after              2831079 function calls
LA        -0.4834188007       -2.1197130849       -1.4282293354
LA         0.2927005553       -2.5770492954        0.1996506447
LA        -1.3796047436       -0.2977164875       -2.1851249785
LA        -2.4357343708        0.8499470019        0.3339240511
LA         1.2996416091       -2.2072873729        0.4533565907
LA        -1.6574672349        0.3913459908        1.9663078761
LA         2.0242838892        0.9522375343       -1.3274917080
LA        -2.5899324136       -0.2177460260        0.1074834285
LA         0.8948692478        0.3175287092        2.4217969960
LA        -1.9267263960       -0.9384317410       -1.4743769682
LA         0.1920350311        2.5572369773       -0.4363232490
LA         1.7632963773       -0.8548835580       -1.7107528682
LA         2.4841035481        0.6812844830       -0.3630379346
LA        -1.5122601284        1.9313967577       -0.8657319311
LA         0.0421265497        1.0154594817        2.3945320538
LA         0.0637031413       -1.4789979052       -2.1389770879
LA         0.5849583936        2.1302594116       -1.3735117330
LA        -1.8116653897       -0.6763470025        1.7398672469
LA         1.8208973450        1.4019700119        1.2188221584
LA         0.6346011530       -1.4846069349        2.0395927021
LA        -1.1193370598        1.5044192191       -1.8029205526
LA        -0.3723398193       -1.8543690316        1.7858870270
LA         2.2231158134       -1.1258371616       -0.7462991807
LA         0.9681546683        2.0999006908        1.1915569336
LA        -0.2853746553       -0.4391632595       -2.3162877545
LA        -1.7381504039        1.1395242044        1.1488302296
LA         2.3490164085       -0.3468739119        0.0359510910
LA        -2.0449636599       -0.9849005159        0.6982737077
LA        -1.3740006891       -1.7140158886       -0.9020885766
LA         1.4340975654        0.1922507989       -1.8830547778
LA        -0.5888033185       -2.1767010779        0.7448318698
LA        -0.8038751761        2.2336227604       -0.0648573827
LA         1.4147411656       -1.4409730237        1.2496385296
LA         1.6780532695        0.3822411696        1.6363130478
LA        -0.0186777113        1.7709374419        1.5820629431
LA        -0.0220627738        1.3840510794       -1.9296131128
LA         1.4828792732       -1.9591261656       -0.6245919148
LA        -2.1874577083        1.0448763792       -0.7419451088
LA        -2.3423635432       -0.0277164007       -0.9694250543
LA         1.0209498725       -1.6869291374       -1.5934715955
LA        -0.6702519476        0.1508484694        2.4403333700
LA         0.1864042264       -0.5502852498        2.4677233660
LA        -1.7927313214        0.6159393924       -1.6834347899
LA         1.1350099493        2.2649311591        0.0951731562
LA        -0.8251577268       -0.9217443166        2.2128534212
LA         1.5297363520        1.8359940641       -0.8463162056
LA         1.9916660320        1.5637976073        0.1225636266
LA         0.4713171927       -2.3305849681       -0.8794621851
LA        -0.8255015880        1.6583138168        0.8594579016
LA         0.3632046446        0.3665826572       -1.9758098003
LA         1.7542928202       -0.4531294378        0.9419425042
LA        -1.2919960203       -1.5717672526        0.1744092583
LA        -0.7059139782        0.4885379209       -1.8228084050
LA         0.9705854140       -0.4993555383        1.6935826786
LA        -1.4965010226        1.3476446577        0.0628767154
LA        -1.8067578338       -0.8006234391       -0.3927368535
LA         1.6125927320       -1.1970060472        0.1622849857
LA        -0.7451888402        0.9049269576        1.6387237204
LA         0.6874055553       -0.6518301755       -1.7782588986
LA        -1.0554457973       -1.2433411556        1.1831102332
LA         0.1487670481        1.9518091334        0.4774129931
LA        -0.4134385356       -1.9409915458       -0.3481876396
LA         1.8645412668        0.5475268321        0.5322722210
LA         0.9393538837        1.0927023574       -1.4082716953
LA        -0.8247626586       -1.0701987629       -1.5996358899
LA        -1.8803285925        0.0768529252        0.9180697027
LA         1.8803284989       -0.0768526752       -0.9180695056
LA         0.4105175272       -1.7980996947        0.9913154754
LA         0.8247626561        1.0701985811        1.5996357186
LA        -0.4105175107        1.7980995041       -0.9913156028
LA        -0.0436486605       -0.8652341806        1.4342713970
LA        -1.0991483799        0.9119428196       -0.8763012200
LA        -0.8939315486       -0.1693166215        1.4070851089
LA         1.0034034314        1.2454914689        0.4996019979
LA        -1.2529016901       -0.1526702207       -1.1020887800
LA         1.1434297587       -0.9235045060       -0.8045982744
LA        -1.6446913626        0.2730755691       -0.1676035014
LA         0.1393934414       -1.2922000720       -1.0575722343
LA         0.1101047656        0.1993788832        1.6600589086
LA         1.3951930571        0.8197456358       -0.4348830701
LA         0.5978867366       -1.5623718095       -0.0959006586
LA         0.5449101527        1.5156630632       -0.4620695927
LA         0.7296870408       -0.8067435410        0.6734738433
LA        -0.7282880886       -0.9104158493       -0.5268630308
LA        -0.1813449168       -0.2699091880       -1.2373796068
LA        -0.0299830735        0.7781449451       -1.0151040532
LA        -0.9598357535        0.5760533551        0.6194541688
LA         0.8070745563        0.0930518037       -0.9883404205
LA         0.0285838440        0.9390141629        0.8684931636
LA        -0.4227781708        1.2049835372       -0.0782206007
LA         1.2667446420       -0.1778132829       -0.0242007983
LA        -0.2769260911       -1.1763852557        0.4198507517
LA         0.8810489281        0.2413106615        0.8957493220
LA        -1.1139837025       -0.4912920019        0.3930872520
LA         0.4210117154        0.5121784566       -0.0568333190
LA        -0.1183544606       -0.1194552590        0.6438404301
LA         0.2689991625       -0.5403808286       -0.2800642269
LA        -0.5716566396        0.1476573572       -0.3069428554
          98
Energy of minimum      2=    -543.6429572     first found at step    10811 after              1506108 function calls
LA         1.3672068268       -1.7875252138       -1.5686934404
LA         1.5026098244        2.4745213862        0.1618233343
LA        -1.9702088236       -1.4254771894        1.5791041805
LA        -1.6812695223        1.8358466545        0.9321053069
LA         0.7726249235        0.2267296627        2.5170940417
LA        -2.6455774462       -0.6166113813       -0.3865147436
LA        -0.0255635117        2.3256807596       -1.4557601181
LA         0.0352978933       -2.3731206975        1.3429227159
LA         2.6532450308        0.5668510739        0.2745198588
LA        -2.5456848088        0.4799765109       -0.6077156424
LA        -1.0968572246        2.1070189282       -1.1989918087
LA         2.4069178575       -0.1915193395        1.0645922660
LA         0.9591480636       -1.8173748727        1.6554368952
LA         1.5614743117        0.4501734820       -1.9749683441
LA        -0.8053972974       -2.2078383305       -1.0090318146
LA         0.9996781490        1.8819144979       -1.5991178865
LA        -2.1025996506       -1.6019629986       -0.3330578667
LA         2.3546590531        0.9916231657       -0.7243965040
LA        -0.7461338655       -2.4905874929        0.5410587293
LA         0.5435615402       -1.2555594668       -2.1230692216
LA        -1.7499780132       -2.0028461963        0.6525608932
LA         1.7640567359        1.9434374629       -0.7815400057
LA         0.6457369171       -0.1230597215       -2.3347187454
LA        -0.5573428625       -1.4741260538       -1.8437338048
LA        -0.3946132710        0.3436704189       -2.2054941742
LA        -1.1289795655       -0.4810277523       -1.9057942997
LA        -1.8357361814        1.3042429616       -0.9092304378
LA         1.6958905800       -1.0117846128        1.3713288418
LA         1.4780083739       -0.6770749939       -1.7900443746
LA         0.2849596356       -2.0168761899       -1.3031532486
LA        -2.3093905841       -1.0221772249        0.5970219837
LA         0.7395519527        2.4018050065       -0.6472719502
LA        -0.9687452008       -1.9008988279        1.4619067685
LA         2.0794806305        1.5222788776        0.2179049599
LA        -2.1142582713        1.1593440630        0.1617111922
LA        -1.3906887660        1.9719171673       -0.1335822837
LA         1.5903644310        0.0167053970        1.7920883661
LA         0.8672427009       -0.7953659159        2.0871992355
LA         1.0695512799       -1.9169299410       -0.4883230212
LA         1.7977193871       -1.0991927277       -0.7854930604
LA         1.2632309760        1.7291564275        0.9522206105
LA        -1.0570577204       -0.8765436121        1.8991459705
LA        -1.8805570930       -0.3366271278        1.3674935214
LA         0.4398950442        2.2692561013        0.4205014028
LA        -1.7845313460        0.7496060315        1.1516430687
LA        -0.6207012405        2.0565948050        0.6766762080
LA         1.0203840714        0.9802823072        1.7366217208
LA        -0.1432870559       -0.3265290770        2.2115237182
LA        -0.8642535780        1.3022423114        1.4657267831
LA        -0.0469737649        0.7663112879        1.9935927491
LA        -0.4793311653        1.3548263326       -1.7213123951
LA        -1.9166018261       -0.2592377250       -1.1347524895
LA         0.7522404557       -2.0065691687        0.5872270852
LA         2.1863592142       -0.3960448241        0.0019536735
LA         0.5378603687        0.9097010795       -1.8677147012
LA        -1.3748084950       -1.2382382197       -1.0871417440
LA        -0.3282526728        2.2002284409       -0.3895927728
LA        -2.2243836244        0.0708610487        0.3842310222
LA        -0.0516989109       -1.3534214971        1.7870615594
LA         1.8438542952        0.7752977085        1.0134732086
LA         1.8909844358        0.0193236748       -0.9918530964
LA        -0.0182075330       -2.1247108193       -0.2126988870
LA         0.1993143988        1.5265135788        1.2157243792
LA        -0.9684216591        0.2151379729        1.6922853047
LA        -1.2155575555        0.5587081967       -1.4411042378
LA         1.4867180399       -1.2133476699        0.3041384612
LA         0.1423434671       -0.3460452016       -0.6034385548
LA         1.3007110251        0.9837193876       -1.0386120367
LA        -1.0301415892       -1.6338429068       -0.0873753404
LA        -0.0760349865       -0.5207644319       -1.6193221672
LA         0.7439729643       -1.0537008951       -1.0765304936
LA         0.8367691674        0.0356473578       -1.2823481180
LA        -0.3167011027       -1.2597069926       -0.8116092212
LA        -1.2429093832       -1.0528478403        0.8304001286
LA         1.0342765605        1.5044469307       -0.0989347480
LA         0.2813975757        1.4350217670       -0.9035246457
LA        -1.5818276754       -0.6573921360       -0.1431298557
LA        -1.0542380606        1.0865927430        0.4067873746
LA         0.5559416278        0.0306964276        1.4467125472
LA        -0.2529886965       -1.5280382904        0.7146276579
LA         1.6093789704        0.5634126081       -0.0454173644
LA        -0.7708973198        1.2235758751       -0.6501260790
LA        -1.4863968805        0.4200653970       -0.3581259432
LA         1.3685862082       -0.1798876540        0.7324726216
LA         0.6537980494       -0.9825993799        1.0241824163
LA        -0.1648545658        0.4855137486       -1.1586116072
LA        -0.8677584487       -0.3038517450       -0.8717517695
LA         0.4471553593       -1.1643915818       -0.0214554793
LA         1.1488150665       -0.3764233552       -0.3078074565
LA        -0.5410851822       -0.6975003637        0.1032441925
LA         0.5846883681        0.5667506180       -0.3561915915
LA        -1.1593324328        0.0188887129        0.6264991722
LA        -0.0110835275        1.3083797483        0.1578910782
LA        -0.3467035451       -0.5138831458        1.1511665212
LA         0.8013789588        0.7754210966        0.6826264612
LA        -0.2518546429        0.5648974501        0.9373246311
LA        -0.4490133841        0.3616529841       -0.1050577077
LA         0.3484307637       -0.1613848327        0.4096824804
          98
Energy of minimum      3=    -543.4923253     first found at step    10712 after              1492337 function calls
LA        -0.6731985663       -0.4770940090       -2.5827397580
LA         1.0613963812       -1.6938448146       -1.8107504821
LA        -1.8187813621       -1.4397019084        1.7679979596
LA         1.6092493351        2.4271769399        0.1601656961
LA         1.0922950399        0.0475406905        2.4431970276
LA        -0.1203647010        2.4426802957       -1.2486492931
LA        -2.7047483077       -0.4725485790       -0.0365086261
LA        -2.5866549992        0.6326325933       -0.1960185405
LA        -1.1574364800        2.2448151629       -0.8663580561
LA         0.0969742491       -2.4375823764        1.2104708141
LA         2.6811435223        0.4774057482       -0.0015703810
LA         2.5059927801       -0.3253132505        0.7631802774
LA         1.0767870084       -1.9374827460        1.4335136568
LA         1.2974931112        0.5530386446       -2.0934209715
LA        -1.0321415114       -2.0748269556       -1.0007649596
LA         0.8569360109        1.9741007072       -1.5543525018
LA        -2.2025849460       -1.4770906917       -0.1193617374
LA         2.2741295980        0.9798292376       -0.9234580385
LA        -0.7851770531       -2.4711206813        0.5114338442
LA        -1.7444529934       -1.9580014944        0.7845329392
LA         1.7229403023        1.9532775199       -0.8417606591
LA        -2.0305591433        1.2435167459        0.5542570719
LA        -1.3181465622        2.0471302421        0.2201175260
LA        -1.8867632219        1.4498775700       -0.5357423032
LA        -1.5954215906        0.7554768992        1.4623829344
LA        -0.4486396377        2.0490674026        0.9245132507
LA        -0.6210851448        1.2522937870        1.6875950794
LA         1.8053639765       -1.1398055331        1.1079203378
LA         0.1955466209       -1.0931056778       -2.2120235632
LA         0.7457833281        2.4368970342       -0.5447117920
LA        -2.2634584764       -0.9575802787        0.8666977487
LA        -0.8621300979       -1.9403627035        1.4903643124
LA         2.1469367615        1.4539173180        0.0790360475
LA         0.3147007527        0.0365508567       -2.3612810972
LA        -0.8596109128       -1.2880915733       -1.8105000982
LA         0.0157268506       -1.9020885899       -1.4209292084
LA         1.1900209434       -0.5774656305       -1.9717020572
LA         1.8001856942       -0.1398577871        1.6046006659
LA         1.0861578513       -0.9452940010        1.9394977633
LA        -0.6683516069        0.5274720354       -2.0666004828
LA        -1.3872814013       -0.2834921086       -1.7294047676
LA         0.9037142355       -1.8904276185       -0.7098329987
LA         1.6225291631       -1.0795923745       -1.0469751146
LA        -1.7098490475       -0.3420504384        1.6180164681
LA         0.5807693569        2.2418079258        0.5436588139
LA         1.4421932385        1.6378409131        0.9266166367
LA        -0.8488436118       -0.9464896417        2.0011706615
LA         1.2702282709        0.8448647456        1.6871451487
LA         0.1211900931       -0.4512712063        2.2260730539
LA         0.2357581571        0.6509995007        2.0683256096
LA        -0.6466385907        1.5085211266       -1.5135557075
LA        -2.0628555198       -0.0889952748       -0.8493146099
LA         0.7254118629       -2.0449128126        0.3914293733
LA         2.1416128768       -0.4474141510       -0.2728042350
LA        -0.2873095603        2.2556209461       -0.1614595188
LA        -2.1592330987        0.1440584991        0.7165197603
LA         0.1124218355       -1.4489708596        1.7274888531
LA         1.9839277189        0.6621212737        0.8497050921
LA        -1.5626716623       -1.0853017146       -0.9378294817
LA         0.3206855022        1.0391562966       -1.8211702319
LA         1.7366892396        0.0458038762       -1.1909772094
LA        -0.1465957280       -2.0785722542       -0.3076697546
LA        -0.7399716005        0.1535941798        1.8560265257
LA         0.4133204754        1.4545285718        1.3151033250
LA        -1.3726927780        0.7216527138       -1.1911018103
LA         1.4518702030       -1.2595613625        0.0662307144
LA         0.0422459573       -0.2834198860       -0.5915598344
LA        -1.1105267176       -1.5633666805       -0.0181397377
LA         1.1888757031        1.0303980015       -1.0966166399
LA        -0.9536052228        1.1168779256        0.6529560043
LA        -0.3099875517       -0.3778180115       -1.5695813142
LA         0.5436093092       -0.9765786830       -1.1896744107
LA        -1.1782272612       -1.0412625427        0.9568679010
LA         1.0698673369        1.4946276843       -0.0975448967
LA         0.6557265868        0.1190905374       -1.3354210339
LA        -0.4808528782       -1.1629898315       -0.8023372701
LA         0.7313840663       -0.0657815475        1.4011633459
LA         0.2168495017        1.5068266664       -0.7989739975
LA        -1.6217861831       -0.5671860573        0.0633921228
LA        -0.2327789709       -1.5413264947        0.6816120922
LA         1.6056962710        0.5325054656       -0.1806793056
LA        -1.5082591672        0.5190166226       -0.0916421156
LA        -0.8022612742        1.3153941974       -0.4227728089
LA         1.4353735412       -0.2543943685        0.5730984847
LA         0.7295385167       -1.0505886233        0.9041528511
LA        -0.9923277594       -0.1878050510       -0.7259314666
LA        -0.2992665049        0.5939796872       -1.0509943800
LA         0.3821999808       -1.1519503167       -0.1142579889
LA         1.0752084556       -0.3702250304       -0.4392963174
LA        -1.0751132320        0.0389152027        0.8141843655
LA         0.0588013298        1.3179910035        0.2823498008
LA        -0.5609763542       -0.6604126310        0.1699835250
LA         0.5509281245        0.5938350414       -0.3515275954
LA         0.9085568967        0.7217303782        0.6604535432
LA        -0.2252155168       -0.5571851331        1.1922213766
LA        -0.1117037332        0.5307118580        1.0382141544
LA        -0.4504889620        0.4079982119        0.0207669090
LA         0.3840832785       -0.1775644959        0.3918496945
          98
Energy of minimum      4=    -543.1896663     first found at step    10974 after              1532230 function calls
LA        -0.8527622403        2.2739454124       -1.1270789077
LA         1.2274294900        1.8341009822       -1.5228812184
LA        -0.3321096542       -0.5487478752       -2.6548831434
LA         1.1876300900       -1.8429558671       -1.6031909026
LA         1.7618751386        2.3237434734        0.2628816078
LA        -2.1231961525       -1.2263881190        1.5290608409
LA        -1.4822183457        2.0046095565        0.9909984909
LA         0.7693390885        0.0964216442        2.5431725365
LA        -0.2271456333       -2.3738029449        1.2811139214
LA         2.7008113109        0.3007915973        0.3288143690
LA        -2.6835862334       -0.2902311327       -0.4170172383
LA        -2.4688989204        0.7953175456       -0.5980359099
LA         2.3665463169       -0.4500764723        1.0920448098
LA         0.7469939508       -1.9293447015        1.6176911954
LA         1.6271465031        0.3636705729       -1.9367124534
LA        -1.0182151955       -2.0415257269       -1.0784487591
LA         2.4624108434        0.7823005777       -0.6593229571
LA        -2.2490880152       -1.3281944914       -0.3908433380
LA        -1.0061564049       -2.3821499564        0.4680660954
LA         1.9792376467        1.7933279791       -0.6924128076
LA        -1.9538694619       -1.7944840625        0.5857519337
LA         1.0061291368        2.3589793811       -0.5581299302
LA        -1.6737995976        1.5466878836       -0.8679392664
LA         1.5685994946       -1.1984975736        1.3663410274
LA        -0.2974594530        1.4868666410       -1.6667463433
LA         0.4302968221       -1.2049587839       -2.1435249967
LA         2.2331007617        1.3133714606        0.2962506608
LA        -1.1765708153       -1.8014434479        1.4060064885
LA        -2.4055234926       -0.7594774029        0.5568601761
LA         0.6529630721       -0.0968596169       -2.3191200198
LA        -1.1684629144        2.1403274079       -0.0678002086
LA         1.4196739613       -0.7482824767       -1.7878038241
LA        -0.6806162466       -1.3073869251       -1.8856228324
LA         0.0863548254       -1.9605822116       -1.3551458384
LA        -1.9765210272        1.4010415550        0.1965208591
LA         1.5685383632       -0.1775863616        1.8190296608
LA         0.7594153985       -0.9168208008        2.0818033653
LA        -0.3228869508        0.4777484628       -2.1814993492
LA         0.6798947285        2.2262392704        0.5061794089
LA        -1.1389753877       -0.2662651440       -1.9169316508
LA         0.8685935478       -1.9746446380       -0.5284354343
LA         1.6834209580       -1.2311097190       -0.7927285887
LA        -0.4009641044        2.1196240569        0.7484726218
LA         1.4347268539        1.5855020508        1.0287134536
LA        -1.9161748284       -0.1472944047        1.3544904091
LA        -1.1605316273       -0.7872240390        1.8750600839
LA        -1.7029552088        0.9290436145        1.1752770502
LA         1.1045460144        0.8432728969        1.7882723307
LA        -0.1968402213       -0.3468294837        2.2128235189
LA        -0.7320401684        1.3721207108        1.5138102298
LA         0.0178117224        0.7363684427        2.0306991821
LA        -1.9115834840        0.0145604814       -1.1469347983
LA         2.1377531480       -0.5979980850        0.0211068804
LA         0.5323772682       -2.0632260100        0.5421249877
LA        -0.0832336415        2.2646388613       -0.3134263567
LA         0.6608902520        0.9244382654       -1.8237457142
LA         1.9097666576        0.5730155488        1.0664801563
LA        -2.2033779934        0.3240284459        0.3821771755
LA        -0.2102583860       -1.3645448817        1.7565428822
LA         1.8997734824       -0.1254362384       -0.9628528830
LA        -1.4783882550       -1.0165095603       -1.1271077258
LA        -0.2368746635       -2.0717676530       -0.2696353887
LA         0.3522210174        1.4898637411        1.2777189569
LA        -0.9538824180        0.2951952586        1.7046786483
LA        -1.1227926512        0.7612027789       -1.4205990346
LA         1.3511396996       -1.3446721810        0.2913180121
LA         0.1190204376       -0.3086757155       -0.5930478472
LA         1.4175623531        0.8966411100       -0.9840569780
LA        -1.1904445975       -1.4809392988       -0.1358959048
LA         0.4489896728        1.4626619745       -0.8488077926
LA        -0.1031602572       -0.4256659977       -1.6059519622
LA         0.6445118669       -1.0628869456       -1.0882641504
LA         1.1958468653        1.4188424639       -0.0316908650
LA        -1.3515732411       -0.9099528121        0.7996987854
LA        -0.6256154769        1.3458955416       -0.6018001794
LA         0.8567066362        0.0125374617       -1.2592365961
LA        -0.4336198607       -1.1603134946       -0.8403897231
LA        -0.9325056635        1.2093428444        0.4479424037
LA         0.5456341107       -0.0423921884        1.4660267402
LA         1.6662989695        0.4193414711       -0.0008421426
LA        -0.4165311958       -1.4838702692        0.6774600983
LA        -1.6343829148       -0.4504979136       -0.1642421771
LA        -1.4241935456        0.6164618109       -0.3419290797
LA         1.3396526912       -0.3171482955        0.7520866680
LA         0.5395872396       -1.0475867965        1.0118367409
LA        -0.0909962912        0.5679161501       -1.1283100343
LA        -0.8779363656       -0.1499284272       -0.8729522556
LA         1.1123763447       -0.4570537816       -0.2952377032
LA         0.3268034747       -1.1744066149       -0.0401263075
LA         0.1318028699        1.3278413828        0.2112819742
LA         0.6513852876        0.5454899920       -0.3210236236
LA        -0.6075398645       -0.6085994154        0.0916898027
LA         0.8774186745        0.6955241456        0.7263369372
LA        -1.1527171264        0.1527038278        0.6320585730
LA        -0.4066931158       -0.4788510035        1.1457477194
LA        -0.4013505643        0.4408614307       -0.0809133352
LA        -0.1952051584        0.5904176489        0.9675785743
LA         0.3314199742       -0.1787578547        0.4231774329
          98
Energy of minimum      5=    -543.1654807     first found at step    10676 after              1487735 function calls
LA         1.1209053085       -2.2984416746        1.0368595853
LA         2.6786631259        0.4563768295        0.2703477356
LA         1.3478758120        2.0266889465        1.1916764680
LA        -0.8440732823       -1.9306334640        2.0241556813
LA        -0.8588957050        0.7939411116       -2.6530666188
LA        -0.6834858275       -2.2530411232       -1.2967141386
LA        -2.6561243503        0.0699998395        0.0633576341
LA         1.1084620780       -0.2422628578       -2.4990789600
LA        -1.0305489765        0.2366132063        2.5151523744
LA         1.1684886272       -1.2640708437       -2.0427126872
LA        -1.0407478742        2.2892190951       -1.0084796552
LA        -1.6421186102        2.0465204747       -0.0931866859
LA        -1.6351703030        0.9118701137        1.8547505732
LA         1.4310210824       -0.0582830536        2.1034527067
LA         1.4181066376        1.7979832228       -1.0718274762
LA         1.0444270606       -1.5718562700        1.8931255266
LA        -0.0433577301       -0.2892395723        2.6396475985
LA        -0.0561005614        2.1406520795       -1.5329429709
LA         1.0311630693        0.8599968467       -2.2864528186
LA         1.1848976459       -1.8474376142       -1.0796028606
LA         0.0541380882       -1.3755061392        2.3806508641
LA         0.0397708422        1.3793912688       -2.3505930178
LA         0.2514628108       -2.3332481640       -0.6937519547
LA        -1.6522681642        1.4900989000        0.8872639466
LA         1.6016100756       -1.5287370957        0.4081158420
LA         2.0270391275        1.2501312713        0.7361561081
LA         0.1381463627       -2.1159445120        1.5323228979
LA         0.1246421369        0.2763006025       -2.5777546707
LA        -0.9378398675       -0.8479414578        2.2716388046
LA        -0.9501575243        1.5426630081       -1.8325663391
LA         2.0752823072        0.2020218008        1.1975281212
LA         0.2423387705       -1.7608003571       -1.6704621508
LA         1.3973229661        1.9306713229        0.0620949903
LA         1.4038324576        0.9950692451        1.6624109517
LA         2.0688204312        1.1389659572       -0.4026128334
LA        -2.1506174773        1.0588398536       -0.0140952536
LA        -2.1472686552        0.4918624581        0.9591824513
LA         2.1611581409       -0.5459015035        0.3442716749
LA         2.1587981142        0.0307815621       -0.6367374771
LA        -0.7387756521       -2.1544148788       -0.1890034839
LA         0.4039346277        1.5298036228        1.5612970473
LA         0.4000517744        2.1009825676        0.5813389695
LA        -0.7929335187       -2.0463120225        0.9177435144
LA        -1.4549910348       -1.2670148161        1.3731888767
LA        -1.4648545133        0.5536650786       -1.7515410487
LA        -0.8038602581       -0.2250803960       -2.2079870273
LA        -0.7454814349       -1.2401004384       -1.7563088564
LA        -2.0583950375       -0.6003262133        0.7202156919
LA        -2.0635675660        0.3127735525       -0.8466148304
LA        -1.3466922459       -1.4820154583       -0.8449587260
LA        -2.0036747826       -0.7081887317       -0.3919974346
LA         1.5979654349       -0.3900369066       -1.5197617309
LA        -0.5417066914        2.1292589366       -0.0362411704
LA        -0.5345125470        1.0039831898        1.8945893637
LA         0.1917784614       -2.2393011274        0.4215573837
LA         0.1809979324       -0.7476929354       -2.1361535140
LA        -1.5616686300        1.3055521557       -0.9293507694
LA        -1.5536443575       -0.1810500928        1.6222195382
LA         1.5351306578       -0.7996242157        1.2627595868
LA         1.5260722248        0.7040867270       -1.3048084241
LA         0.4391529604        1.9834421914       -0.5517581737
LA         0.4494668687        0.4858353287        2.0155424872
LA         1.6191305442       -0.9669356412       -0.5635940102
LA        -1.4082813642       -1.3851371000        0.2649576324
LA        -1.4141097189       -0.4684422883       -1.3076031603
LA        -0.5508791051        1.5836776265        0.9391202736
LA         0.5598953743        0.3211310652        0.1991579214
LA         0.5319692435       -0.6095800489        1.7579628650
LA         0.5220629340        1.2175109431       -1.3791569974
LA         0.6730298134       -1.4594532238       -0.1884077926
LA         1.6008718224        0.3865203769        0.2333738831
LA         0.9458121804        1.1594964927        0.6869152475
LA         0.6125814343       -1.3403793432        0.9122871919
LA        -0.3620907569       -1.1554300982        1.3959048721
LA        -0.3712821413        0.6304858099       -1.6714893156
LA         0.9948729326        0.1422787194        1.1319799344
LA        -0.2563254249       -1.3696906061       -0.7828473740
LA         0.9886142913        1.0482399652       -0.4171891643
LA         0.6049762642        0.1205860485       -1.6006867733
LA        -1.5515096347        0.1559000259        0.1097308167
LA        -0.4531430704       -0.0844419164        1.6456448889
LA        -0.4607074619        1.3758435639       -0.8619457370
LA         0.6636248192       -0.8856378659       -1.1528873833
LA        -1.0543964931        1.1376803334        0.0358696099
LA        -1.0509726850        0.5771734489        0.9978790284
LA         1.0803739329       -0.5830202993        0.3028982549
LA         1.0772897293       -0.0274039197       -0.6423450996
LA         0.0258769821        0.6634662725        1.0335125507
LA         0.0223278902        1.2140067082        0.0886081089
LA         0.1077362118       -0.4062402056        0.7925729058
LA        -0.3136509682       -1.2757562973        0.3079574445
LA         0.1032793974        0.4760871079       -0.7245659946
LA        -0.9677207544       -0.5060133366        0.7577859734
LA        -0.9727038331        0.3949593030       -0.7885015514
LA        -0.3196945329       -0.3742760282       -1.2385164518
LA        -0.9142760511       -0.6134119479       -0.3403036862
LA         0.1605534605       -0.5166431040       -0.2854823132
LA        -0.4825261046        0.2413110280        0.1559121646
