          98
Energy of minimum      1=    -543.6653608     first found at step      385 after                97077 function calls
LA        -1.4061446457       -0.2363932051       -2.1756817045
LA        -1.9375340301        1.2552020232       -1.1988100238
LA         0.4044214829       -0.5335733813       -2.5136543436
LA         1.6786028984        0.6616616841       -1.8738227272
LA         1.1470314460        1.6520653250        1.6497621379
LA         0.7835845406       -2.2510175678        1.0419359645
LA        -0.6598272823        2.4537444037       -0.5572085734
LA        -1.0219860171       -1.9546570481        1.3789763917
LA        -2.4745853112       -0.5661316606        0.5680123828
LA         0.0773031222        1.8276470412        1.8494449278
LA         1.1457434898        2.1573842105       -0.8942485482
LA         1.8179684984        1.8591267915       -0.0731658495
LA         1.4563779660       -2.0433830717       -0.6857583126
LA         2.2112795725       -1.3352540925       -0.3066835385
LA        -2.3350374950        1.1325261079       -0.1780444212
LA        -1.0573307212        2.3310687426        0.4635570177
LA        -0.0626309459        0.1242900087        2.5975650587
LA        -2.1597585852       -1.4498423583       -0.0107451633
LA         0.3217446722       -1.5399600814       -2.0716463092
LA         1.0070972957       -0.0512917628        2.3978821979
LA        -1.3368125715       -1.0709461802        1.9577338363
LA         2.3508277498        0.3634039245       -1.0527400140
LA         1.5384860781       -1.5428884183        1.4210106045
LA        -1.4888214181       -1.2427798403       -1.7336735444
LA        -0.4006794748        0.2101310239       -2.3312642098
LA         0.5827203461       -2.3016213536       -0.0496881199
LA         1.5471693260        0.6164100399        1.6928669196
LA        -1.2439689369       -2.0017945503        0.2912944493
LA        -0.5813052757        0.9657709108        2.0901826030
LA        -1.8703902656       -0.2434452057        1.4428677102
LA        -0.9382842066        1.7191726815       -1.3429667330
LA         2.0847735622       -0.8926328645        0.7045695049
LA         0.8884053028        1.4193461615       -1.6839489312
LA         2.2259538523        0.8258932148       -0.0502129719
LA        -1.7292101445        1.4750806301        0.6880849310
LA        -0.5651841331       -1.7923103265       -1.4517857344
LA        -2.1909218023       -0.8458017996       -0.9548304076
LA         0.7854945421       -1.1185423782        2.1352005040
LA         2.0970831929       -0.7137661847       -1.2328827753
LA         1.3387172000       -1.4251448049       -1.6136971618
LA        -0.0163460930        2.3784838328        0.8773638922
LA        -0.2891427959       -0.9421548566        2.3357997643
LA        -2.5071934003        0.0419643280       -0.3734169160
LA         0.3829814542        2.5017223231       -0.1480862154
LA         1.0582914446        2.2020963979        0.6767647144
LA         0.0271285871       -1.8299213482        1.7543863678
LA         1.4217733618       -0.4141395312       -2.0577336072
LA        -2.1078655989        0.1652033342       -1.3988670576
LA        -0.1452478280        1.0795143220       -1.7273324503
LA         1.8884277113        0.1771988060        0.7566815123
LA        -1.3478110700        0.7083844095        1.3607800700
LA        -0.3953688145       -1.9650975290       -0.3901291462
LA         1.3344057174       -0.4651823570        1.4361689390
LA         0.1169326562        1.7792932705       -0.9381128797
LA        -0.8179576765       -0.1119004101        1.8379439488
LA        -1.2828722018       -1.4026538775       -0.6681434279
LA        -0.1845058025       -1.8899846932        0.6734461379
LA         0.6313367500        0.3353745710       -1.8837598514
LA         1.9838972973       -0.2647393167       -0.2316875935
LA         0.4649857235       -1.6895414112       -0.9944106875
LA        -1.1165212248        0.6222620061       -1.5574927530
LA        -1.9163243099        0.3754301429        0.4963545357
LA        -0.6828702564        1.5324618902        1.1157343998
LA         1.4694933473        1.1791800339        0.7139594729
LA         0.4800652940        0.7863944669        1.8802964874
LA         1.3258296574       -1.5876464236        0.3254970563
LA        -1.5479359618       -1.1159559299        0.8619340867
LA        -0.4800650515       -0.7863936349       -1.8802966706
LA        -1.3258299347        1.5876458969       -0.3254971925
LA         1.5479359885        1.1159556839       -0.8619338621
LA         0.2565728059       -0.2907231001        1.6301290487
LA         0.5704912484       -1.1718848374        1.0530412938
LA        -0.4961510831       -0.9968096282        1.2521481504
LA        -0.2787247780        1.6498272679        0.0897363394
LA        -1.1973534382       -0.3875151800       -1.1062761322
LA        -1.5937101963       -0.5098372540       -0.0884550082
LA         0.7879177534        1.4747521445       -0.1093704223
LA         1.2195053893       -0.9715891079       -0.6135892137
LA         0.5492197331       -0.6741917914       -1.4323034882
LA         1.3019436596        0.0318944743       -1.0543223537
LA        -1.5112721015        0.4936462564       -0.5291882594
LA         0.3915610532        1.3524304062        0.9084506068
LA        -0.2234076494        0.0693714798       -1.2578240727
LA        -0.5324435977        0.9368273548       -0.6897122894
LA         0.5176083503        0.7644753590       -0.8857221433
LA         1.1896144288        0.4663150181       -0.0649067247
LA        -0.9298176276        0.8141915577        0.3307209706
LA        -0.3060574396       -0.9366874997       -0.8159598158
LA         0.3538026821       -1.2294590417       -0.0099798016
LA         0.7994226668        0.3458958691        0.9370831959
LA        -0.6962493062       -1.0571069557        0.1860301623
LA        -0.2699574074        0.5214204083        1.1367010216
LA        -1.0109735283       -0.1736837961        0.7645991697
LA         1.1084585149       -0.5215604086        0.3689713788
LA         0.1288354660        0.6403496491        0.1271281163
LA        -0.6153659398       -0.0577423821       -0.2465732865
LA         0.4391997989       -0.2308352924       -0.4434257686
LA         0.0473306979       -0.3517721553        0.5628712283
