          38
Energy of minimum      1=    -173.9284266     first found at step       45 after                 9188 function calls
LA         1.4414716050       -0.8791078259       -0.4584445560
LA         0.2506637295        1.7252641281        0.1465371086
LA        -1.4079777743       -0.4235143822       -0.9481959329
LA        -1.3355584345       -0.5961178431        0.9600880571
LA        -0.0228359023       -0.5646657505       -1.6557391137
LA        -0.4630058002        1.2323740002       -1.1522677301
LA         0.7987412321       -1.5493951063        0.1490937365
LA        -0.5863995816       -1.4082440869        0.8566361490
LA         1.3355577558        0.5961188172       -0.9600878873
LA        -1.4414706941        0.8791085648        0.4584446777
LA         0.6624506647        1.2317021381        1.0511467814
LA         0.0228367049        0.5646648351        1.6557390967
LA         1.4079770693        0.4235139999        0.9481964284
LA        -1.7453489685       -0.1049488973        0.0598652225
LA         0.4630047392       -1.2323752684        1.1522666328
LA         0.7683632759       -0.2435233098        1.5527891668
LA         1.0316813621       -0.3879390258       -1.3586676213
LA        -1.0316806577        0.3879395571        1.3586679459
LA        -0.2506631369       -1.7252636167       -0.1465368450
LA        -0.7683636218        0.2435214914       -1.5527894166
LA         0.5863980950        1.4082442450       -0.8566366222
LA         1.7453485661        0.1049498338       -0.0598648685
LA        -0.7987402438        1.5493951305       -0.1490944158
LA        -0.6624504828       -1.2317020526       -1.0511462686
LA         0.9940379381        0.9112728685        0.0447006988
LA         1.0996947522       -0.5603853866        0.5451304326
LA        -0.2820958095       -0.4195758067        1.2509618495
LA        -0.3877520866        1.0520824145        0.7505321165
LA         0.2820954424        0.4195753064       -1.2509620435
LA         0.3877527743       -1.0520820647       -0.7505319968
LA        -0.9940381389       -0.9112721676       -0.0447005044
LA        -1.0996946500        0.5603850019       -0.5451304175
LA         0.0526201901       -0.7329290163        0.2492288243
LA        -0.3545682991       -0.2448796819       -0.6452781968
LA         0.6881725081       -0.0701272522       -0.3515248723
LA        -0.6881723788        0.0701275661        0.3515250567
LA         0.3545683707        0.2448795616        0.6452782255
LA        -0.0526201142        0.7329290815       -0.2492288980
