          38
Energy of minimum      1=    -173.9284266     first found at step      383 after                49626 function calls
LA         0.7235768739        1.3066511702        0.9110108873
LA         1.4174862574       -0.0881264400        1.0216691422
LA        -1.4401421787       -0.6573911638        0.7447610622
LA         0.2436112990       -1.5744940045        0.7228164478
LA         0.3722109412        0.0496087255       -1.7087536534
LA         1.1475864812       -1.2218527096       -0.5009612816
LA        -0.2436112435        1.5744940538       -0.7228162996
LA        -1.4174863548        0.0881260186       -1.0216689246
LA        -1.1475867176        1.2218525447        0.5009609296
LA         1.4401420196        0.6573914025       -0.7447606906
LA        -0.3722105983       -0.0496087594        1.7087535288
LA        -0.7235768782       -1.3066508775       -0.9110109762
LA        -0.1616349769        1.7020645703        0.3710677348
LA        -1.5225187276       -0.7855831059       -0.3544528560
LA        -0.6185453790       -0.4329422365       -1.5782278387
LA         1.2295637354       -1.0942834890        0.5929228003
LA        -0.5592229834       -1.0508871857        1.2820867937
LA        -1.2531305364        0.3438869455        1.1714288749
LA        -1.2295636196        1.0942832337       -0.5929231985
LA         1.2531308325       -0.3438867869       -1.1714286854
LA         0.5592228962        1.0508872035       -1.2820867267
LA         0.1616346483       -1.7020644464       -0.3710675770
LA         1.5225186947        0.7855828255        0.3544532686
LA         0.6185454033        0.4329424672        1.5782275896
LA        -0.4278948104        0.5684393294       -1.1464337968
LA         0.2643356074       -0.8229631194       -1.0360433338
LA         0.6374525047        1.1747513837       -0.1847731876
LA         1.3296830353       -0.2166512271       -0.0743828232
LA         0.4278948982       -0.5684394016        1.1464336048
LA        -1.3296829992        0.2166511055        0.0743829169
LA        -0.2643355856        0.8229632190        1.0360431189
LA        -0.6374525916       -1.1747512525        0.1847733777
LA        -0.5305744566       -0.3019612589       -0.4789352922
LA         0.4491171288        0.1752008954       -0.6080026991
LA        -0.3447511623        0.6929595351       -0.0549777709
LA        -0.4491171126       -0.1752008664        0.6080026385
LA         0.3447511757       -0.6929595447        0.0549776589
LA         0.5305744794        0.3019612469        0.4789352365
