50.000000000000000     50.000000000000000     50.000000000000000
49.897188676607819     50.428912013544490     49.360264221259470
50.337100128885417     49.710615363354606     50.596784520638764
49.670565593964263     49.342154038870355     50.521964716038852
50.171827736404829     50.894349226730320     48.882989280919965
49.602466293375045     50.661919407136430     48.869203824050878
50.065621324277110     51.461017902884677     48.435305412002009
49.330632650280194     51.623276697469784     48.634290864226905
49.828819674452973     48.692515277072239     50.325912845625481
48.877824116360628     51.563849697045796     49.145699055388462
49.604766907735069     49.157768995868395     50.987556765664849
49.421822920107942     50.432694877595083     48.313526697813508
48.533976667091565     51.868620105412830     49.334477045190503
50.242286340987548     50.650944388197196     48.414873587401381
48.293719485794313     51.662185306034338     48.924348350529769
50.610167596893838     51.808264614223539     48.275819468262547
49.541504446301985     49.133714924354237     51.686529246185899
49.043473227421110     51.092847720710765     48.389815014251717
50.913267564877678     49.748807746812126     50.804156065021296
49.451562262903366     49.688276736069668     52.023186872834472
51.372412352670423     49.956020643315881     50.694243244636262
49.780142931363280     48.572530329494626     51.008482553013664
50.477060937360534     50.348471526262934     50.927024816650942
49.952602908528931     50.525928821476626     47.686899230853378
49.580766643340752     49.082371717374343     52.376216873934396
49.259394465683037     50.330571419403974     51.619043041371121
50.625241516190442     50.017982121884408     49.719443009456739
50.062233685447261     49.916695664376185     52.144257989353683
49.065370958973936     51.884580811622804     49.792705344379080
49.340067803165446     48.886228115919849     50.354842027007578
48.664060286105325     48.846091489332963     50.449186270899673
50.218495367087350     49.433444528705266     49.791211315930283
50.787368195396198     49.518318986526268     49.577126467738083
51.682540538030644     50.406670891054979     50.505916026589802
50.109049149904976     48.861617875127642     51.417856575472221
48.922189001215067     50.309958544330691     48.639696579731037
49.382751287958236     49.982350861922299     51.257200415902098
47.988976746499198     51.083530026668498     48.844765693436663
