          38
Energy of minimum      1=    -173.9284266     first found at step      213 after                29405 function calls
LA         0.3290751227       -1.3949183977       -1.0033714698
LA        -0.7864835871        1.3070771172       -0.8566413843
LA        -1.6944415765        0.4308725160        0.0637032311
LA         1.0959903161       -1.3485499414       -0.2026333321
LA        -0.1643298866        0.5233845983        1.6612963734
LA         0.7436278064        1.3995889121        0.7409520573
LA        -0.9083735758       -0.5280545414       -1.3988769462
LA        -0.7656967446       -0.3987637658        1.5216886651
LA         1.0546419751        1.3579135000       -0.3234836441
LA         1.3849350804       -0.3893993108        0.9955720811
LA         0.2914457015        1.3117698856       -1.1203390177
LA        -1.5288931298       -0.4449074914        0.7248334045
LA         0.9083727206        0.5280557294        1.3988772306
LA        -1.0546416388       -1.3579135147        0.3234831852
LA         0.7656965493        0.3987632400       -1.5216885825
LA        -1.3849354716        0.3894005258       -0.9955713105
LA         1.6944412328       -0.4308727760       -0.0637024845
LA         0.7864841544       -1.3070764944        0.8566412069
LA         1.5288930713        0.4449069706       -0.7248331800
LA        -0.2914452297       -1.3117698897        1.1203387023
LA        -0.3290748342        1.3949178580        1.0033712408
LA        -0.7436276398       -1.3995883135       -0.7409526549
LA         0.1643291430       -0.5233848788       -1.6612960456
LA        -1.0959900460        1.3485493995        0.2026330855
LA         0.0202239073       -1.3478410274        0.0586798125
LA         0.9259852845       -0.4737562201       -0.8594382230
LA        -0.3084701661        0.3910106394       -1.2539872652
LA         0.3084700259       -0.3910103675        1.2539873846
LA         1.2142314747        0.4830745088        0.3358692753
LA        -1.2142316150       -0.4830742386       -0.3358691566
LA        -0.0202236167        1.3478406225       -0.0586800684
LA        -0.9259851011        0.4737557105        0.8594380771
LA         0.1435552516        0.4765297504        0.5952984214
LA        -0.6147952395        0.4306792177       -0.1964971979
LA        -0.1435551874       -0.4765298872       -0.5952984887
LA         0.6147953174       -0.4306793538        0.1964971454
LA         0.4510960077        0.4353199188       -0.4572499773
LA        -0.4510958564       -0.4353202101        0.4572498493
