          38
Energy of minimum      1=    -173.9284266     first found at step      166 after                21014 function calls
LA        -0.0615277549        0.7860831834       -1.5617709738
LA        -0.1968544147        0.7541675033        1.5663080022
LA        -0.2252621994        1.5519624755       -0.7755711627
LA         1.0284004518       -1.4150373614        0.0300529934
LA         0.1968544027       -0.7541676720       -1.5663078891
LA        -0.2927610233        1.5360434515        0.7846673607
LA         0.0615278162       -0.7860833004        1.5617708819
LA        -0.5103772502       -1.6729683723       -0.0391491286
LA         1.5087766239        0.2505999543        0.8494899075
LA        -1.5762755062       -0.2665190025        0.7107486357
LA        -1.5087766967       -0.2505997372       -0.8494899483
LA         0.2927610319       -1.5360434877       -0.7846670865
LA         1.5762755218        0.2665190103       -0.7107486863
LA        -1.0284002360        1.4150374451       -0.0300528799
LA         0.2252621864       -1.5519625596        0.7755709832
LA         1.6717172611       -0.5115656294        0.0671021296
LA        -1.4133352085       -1.0286845153       -0.0716392673
LA         0.5103770152        1.6729683903        0.0391490800
LA        -1.6717172091        0.5115657855       -0.0671020270
LA        -0.8370517713       -0.1449234453        1.5294384658
LA         1.4133350477        1.0286846488        0.0716391496
LA         0.8370518194        0.1449232652       -1.5294385259
LA         0.7017251816        0.1130076878        1.5986405089
LA        -0.7017251605       -0.1130076906       -1.5986404890
LA         0.6049814920        0.8889761432        0.8150129393
LA         0.6723171164        0.9048566981       -0.7414522165
LA         0.9300744262       -0.6316688928       -0.7459781822
LA        -0.6723171556       -0.9048567271        0.7414521093
LA        -0.6049815452       -0.8889761274       -0.8150129089
LA        -0.9300743761        0.6316688307        0.7459782381
LA         0.8627387816       -0.6475493970        0.8104868163
LA        -0.8627387287        0.6475494521       -0.8104867943
LA         0.7645032028        0.1281466467        0.0343813174
LA        -0.1283707251        0.7652351432        0.0022541059
LA        -0.7645031878       -0.1281466251       -0.0343813200
LA        -0.0335351405       -0.0079089920        0.7751655644
LA         0.1283707490       -0.7652351576       -0.0022541162
LA         0.0335351622        0.0079089777       -0.7751655866
