          98
Energy of minimum      1=    -543.6653608     first found at step      413 after                92863 function calls
LA        -1.1303553495        0.0575513694        2.3421573872
LA         1.2862012892        0.4438855300       -2.2170629474
LA        -1.3531461654        1.0635421800        1.9505358404
LA         1.6632855231       -1.2588023755       -1.5542245881
LA        -2.4919897076        0.3152627566        0.6762487532
LA        -2.2691988355       -0.6907281330        1.0678702888
LA        -1.6414841028       -2.0165274289       -0.0765694480
LA        -2.2403189549        0.6874537460       -1.1292006549
LA         0.0342252611        2.1819474445        1.4158568722
LA         2.3361431385       -0.8166999896       -0.8013441535
LA         0.2759138988       -2.3772072759       -1.0195454259
LA         0.6330599595       -0.5220333302        2.4684879940
LA         1.9590589215        0.8859876680       -1.4641823837
LA         1.4550221330        0.1405769312        2.1517123006
LA        -0.4772140521        1.0234702173       -2.3433931017
LA         1.2625106877       -1.8515002183        1.3208819705
LA         1.0789782698        1.8385668272        1.4907028577
LA         0.2865919231        2.5551676059       -0.3945871863
LA        -0.8491092982        1.8089531121       -1.6653581644
LA        -1.8684234715       -0.0980291420       -1.8072354395
LA         0.1268096446       -2.5977151428        0.0501110793
LA         1.3313448508        2.2117869192       -0.3197414830
LA         2.0844727480       -1.1888900916        1.0041059667
LA        -1.4923796297       -1.7960192817       -1.1462258453
LA         0.9437886072       -0.6058638215       -2.0932476021
LA        -1.3915451539       -0.8347958989        1.7338425485
LA        -1.8348395312        1.1668574978        0.9546201165
LA         2.2825957981        0.2738018785       -0.5952157625
LA        -1.5802253047        1.5434016403       -0.8719466470
LA        -0.7564885878       -2.1761022939        0.5760168263
LA         0.3924958995       -1.4211593902        1.8616509329
LA        -0.4312406295        2.2983440382        0.4136875820
LA         2.0279814497       -0.1027417813        1.2313514431
LA         1.6475393268        1.6151081470        0.5626107234
LA        -0.8402522620       -0.0194999891       -2.2210554313
LA        -0.4598101688       -1.7373500930       -1.5523145876
LA        -2.1330097046       -0.8809409134       -1.0494912899
LA         1.9901660024       -1.5698165189       -0.0461961097
LA         1.2550528973        1.7495163707       -1.3383771535
LA         0.7630727824        1.0219356954        2.1910241335
LA         1.1644319004       -2.2354674540        0.2720337384
LA         0.2055054604        2.0944729173       -1.4135662141
LA        -2.5066119369       -0.0918534097       -0.3683449240
LA        -2.2827985973       -1.1024610250        0.0250738491
LA        -0.0626613631        0.3562847268        2.5092535772
LA        -0.2864745894        1.3668921675        2.1158347981
LA         0.5791073672        1.3053854288       -2.0947128548
LA         1.3142204900       -2.0139478512       -0.8025315982
LA        -0.1148529711       -0.7616751388       -1.8912390944
LA        -1.2399451179        1.6146384283        0.1600134228
LA        -0.5659380861       -1.4287757164        1.3447823172
LA         1.9207362321        0.5758124463        0.3864433711
LA         1.5831036224        1.1546289170       -0.4692860870
LA         0.5932941846       -1.3786254825       -1.3442500341
LA         0.2292701378        0.2650904132       -1.9841312056
LA         1.9471276356       -0.4890866810        0.1705949407
LA        -1.4137639500       -1.2612430319        0.6856758499
LA        -1.8620337783        0.7628763619       -0.1022923603
LA        -0.7626338588        1.4852391776        1.1278599657
LA        -0.3143641121       -0.5388800144        1.9158281368
LA        -1.1137554919       -0.8175664716       -1.4665429144
LA         0.2932859705       -1.8223016714        0.8079689349
LA        -0.5190078609        1.8455332604       -0.6198803633
LA         1.3394775996        0.7943350161        1.2784545458
LA        -1.6036163916        0.1650452342        1.3362519373
LA         1.6036161884       -0.1650454185       -1.3362522774
LA         1.2030546485       -0.7574275447        1.5373211256
LA         0.6045393720        1.9451108626        0.4852515484
LA        -1.2030546243        0.7574278207       -1.5373208285
LA        -0.6045392872       -1.9451108426       -0.4852511641
LA        -1.6318132489       -0.2495025842        0.2874095921
LA         0.9006390971        0.7098402281       -1.2217391296
LA         1.2643955189       -0.9326671446       -0.5823284331
LA         1.1157210231       -1.1525388223        0.4842425971
LA         0.5298164434        1.4930572136       -0.5456599022
LA        -0.5332215221        0.4723293147        1.5166575932
LA        -0.1411001076        1.0522303890       -1.2963687798
LA         0.4448045137       -1.5933658589       -0.2664661948
LA        -1.4831385180       -0.0296306066       -0.7791612472
LA        -1.2609903115       -1.0327195410       -0.3886693626
LA         0.5085178379        0.1299392266        1.5912874710
LA         0.2863696374        1.1330281771        1.2007955670
LA        -0.7729572186       -0.4118171513        0.9326248777
LA        -0.9956755126        0.5938459696        0.5411308798
LA        -0.8493133052        0.8102980360       -0.5088505141
LA        -0.4079020938       -1.1828519672        0.2670616669
LA         1.0742733939       -0.0864872532        0.6894212186
LA         0.8555805175        0.9009994789        0.3050030992
LA         0.2525788536       -0.7488816027        1.0060939815
LA        -0.1888323175        1.2442682551        0.2301818474
LA        -0.4775387541        0.0250710082       -1.1866646830
LA        -0.2588458621       -0.9624158192       -0.8022465235
LA         0.5479972326       -0.3119936059       -1.1131957962
LA         1.2206355781        0.1299646614       -0.3605603226
LA         0.0374261814        0.2482006521        0.6162821115
LA         0.1844175205        0.4655830561       -0.4382127591
LA         0.4040504699       -0.5261484940       -0.0521421736
LA        -0.6258939417       -0.1876351060       -0.1259270320
