       -1.5616333446       -1.1864054737       -1.0679923971
       -0.1327988001        0.1084440236       -0.4717952991
       -1.3719936653       -0.1107633278        1.1517202465
       -0.8667930848        0.5909113186       -1.5897760979
        1.4898327613       -0.4859202580       -1.1692379199
        1.0927456185       -1.5570820821        1.1821003877
       -0.4167628229       -0.1095263849       -1.6535122413
       -0.5478994650       -0.9642145104        1.4091477294
        0.9384530301        1.0108878062       -1.6440844705
        0.1089272287       -0.4376424684        0.5254239832
       -0.7511200213        0.2430346698        0.1961892629
        1.4979228141       -0.2292944687        0.5012545726
       -1.3532100245        0.4667422292        0.7201675659
        0.7746753255       -1.4270640155       -1.3766835898
        0.2852363628        1.3816207166        1.1263144463
        0.6687336952        1.0905900307       -1.0215485145
       -0.8911539039        0.8464827773        0.9850010350
        0.1000852352       -0.1349942926       -0.2592807107
       -0.1658762202        0.2240468608        0.3991697629
       -0.8879129868        1.4560262467        0.5470077831
       -0.5168551645       -1.5018026761       -0.0292234394
        0.1374822527        1.0262574493        1.7162313473
        1.2258144406       -1.3484274147        0.7440831797
       -1.0782783440        0.0893325415       -0.8738958054
       -1.5689128769       -0.1192982746        0.8161161233
        1.0193192550       -0.2558643014        0.0771339394
       -1.2786631773        1.2263517491       -0.9066071200
        0.7943990347       -1.6691873406       -1.4208376636
        0.9103803482       -1.6711391569        0.0913529871
       -0.8308210684        0.5078917886       -0.3490865441
       -1.6025256940        0.8169508144        1.5365602959
        1.2509987012        1.0783259562        1.7273479268
       -1.3612086436        1.2371387323       -0.1864320960
       -1.2064649218        0.1839148549        0.8159768210
       -1.5708173375       -1.2765366883        1.0684317743
        1.6477243681        1.2751438104       -0.0550376825
       -0.1743210561       -0.1031978626        1.4561962092
        0.0227719765       -1.7174481329        0.1788018536
       -0.7699415167        1.2079891655        0.6924122997
        1.0527800972       -0.5852304681        1.6942798691
       -1.3839917852       -1.0546714466       -0.5559564895
       -0.7027786435       -1.5737786822       -0.2401345519
       -1.0990313936        0.8058678260        1.4765623750
        1.2016821910       -0.9773903660       -1.3664791027
        0.3309323921       -0.6380057959        0.5794300580
        1.6774310667        0.9858469065       -0.0385845053
       -0.5440606046       -0.5477828606        1.2306900052
       -0.8627452928        1.4235480731       -0.5829322373
        0.0561735583        0.9601683927       -1.1696672734
       -1.5111889419        0.7726392151        0.2404964391
       -1.3787120670       -0.8775820328       -0.7553040911
        0.8913441914       -0.2124976420        0.4117766982
        0.6234521094        0.9955556966        0.4032140255
       -0.0781577647        1.0353669961        0.0746665092
        1.3221871460       -1.1186232530        0.0408966442
        0.7447848047       -0.2300217759       -0.5196948510
        1.7249941570        0.6937924228       -0.4958562933
        1.4503411199       -0.8496430396        0.2680993966
        0.2073343265       -1.2079297922       -0.2630320040
        0.7717645498       -0.6974660874       -1.5612982316
       -1.4176599395        1.4577790955        0.3335304704
        0.9152358507       -0.1696437897       -0.2475435353
        0.7665862277        1.0208221090        1.0103986971
       -1.1653716482       -1.0540461259        0.5692253870
       -0.7030389684       -0.7381133813       -0.5796861744
       -0.9237092433        1.2151354688       -1.5907460086
       -0.5237163624       -0.4723857542        1.2518818869
        0.6195434519       -1.4399234586        0.1813007409
       -0.8046736157        0.7302026890       -0.3561873015
       -0.7152798918       -1.7317911069       -1.6992480303
       -1.5382897709       -0.4226584477       -0.8109553323
        1.4444107925       -1.2878696504       -0.2967537181
       -1.3419332047       -0.2181988740        1.6379189663
       -0.9998639330       -1.2777655641       -1.1969931732
        1.3426425307       -1.6650245072       -1.4458259666
       -0.6067108442       -0.8313624982       -1.7227209971
       -1.1093695033        0.5603388187        1.1261524671
        1.5555223551       -0.8085831539        0.4147047969
       -1.5183221774        0.6758099062       -0.2119299944
        0.9070131061        1.5957625821       -0.6713922598
        1.5135850522       -0.8104982771       -1.5107499534
       -1.3783498119       -0.7114684993       -1.5112998262
        1.5280124508       -0.9251144969        1.4764074143
       -1.6231369619       -1.6441068313        0.1710724557
        1.3259957221        1.0962365158        0.5065800189
       -0.4256610409       -0.4521031453       -0.5743380334
       -1.4777886521       -0.2580515687        0.4277081430
        0.6903728389        0.6350704334       -1.4922109308
       -0.1842059481        0.7316974598        0.1469167855
       -1.1298040919        0.0104228578        0.0624220226
        0.6292466462       -0.6740369727        1.1319443100
        0.1867619261        0.9853199929       -0.3707597112
        0.5661704197       -1.4976471566       -0.9271189228
        0.4390909756        0.4316293778        1.5066775584
        1.2655867047        1.5518740532       -0.0174932794
       -1.7063299145        1.2681315781        0.7663572081
        0.8942447514        0.0784731124       -0.1538476499
       -0.5586700930        0.7217885197        1.6112255397
