       -0.0041380812       -0.2666976305       -0.3772851460
       -1.7254931947        0.1604136831       -0.6464265999
       -0.9319976409        1.1215993221        1.3817430943
        0.0167166243       -1.0691989025       -0.9211830592
       -1.4186911689        0.5773709432        1.6239948075
        0.5601679271       -0.5917128589       -1.7237877372
        1.3504209748        1.4856292537        1.6317789733
        0.5177167702        0.8241034539       -0.1736069650
        0.6933337626       -1.0387010261       -1.1011157050
       -1.2535579183        0.1180908062       -0.2684586238
        0.3022487881        1.2335337502        0.3640736119
        1.2284928399        0.8980804388        0.9429458727
       -0.1195849463        1.1895510503       -0.5310587394
        1.0945981841       -1.6443459360        0.2586731841
       -1.0249348040       -0.4882468776        0.0805396926
       -0.2735743416        1.6894279767       -0.2646883508
        1.2495428818       -1.4701943479       -0.5511750718
        0.4829326327       -0.7106380329        0.5831523833
       -0.5575005615       -1.2942006649        1.4461791318
       -1.3246888659       -0.1780452445        1.0370509301
       -0.3810424788        1.5224135747       -0.6858391382
       -0.4539596195       -0.4568150111        1.2575557720
       -1.5135808678        1.6086165827        0.4729201994
       -0.5365330198        1.2559062373        1.2449898546
       -0.2799685040       -1.3756725031        1.0401311681
       -1.1575240780        0.4914538246        1.1756459712
       -0.8331172505        1.0986364734       -0.3772101515
       -0.1125082740        1.6277930048        1.6832237888
        0.6886064547        1.4540815522       -1.7242597716
       -0.3029002377       -0.8795992264       -1.2208261463
        1.3138527719        0.0726782401       -1.2407117380
        1.5710595781        1.5951602336       -1.4519478284
        1.3707307015        1.4158183365       -0.9086999340
       -1.5181175366        0.9248182191       -0.6852561920
        1.7206864901       -0.1548127294        0.9409360671
       -0.1392582575        0.4431764948        0.2856469107
        1.3850788761       -0.8076476619       -0.4650599615
       -0.1537751992        0.6490538171        1.7165335821
        0.2283969635        0.6975948336       -0.3972292802
       -1.4618868222        1.1634465383       -1.2495297125
       -1.6240321636        0.7042297897        1.4985609363
        1.6799754740       -0.4815168198       -0.7731841648
        1.6921223940       -0.1956837277       -1.0610987227
        0.2578172372       -0.7118170059        1.2191580562
       -1.1806541114        0.1092556377       -1.6683651542
       -1.3088470125        1.3614955992       -1.5075986906
        1.3160049043       -0.4781070338       -1.4239787623
        1.1708295815       -0.1943855822        0.5824503195
       -0.6911176434       -0.3584847080       -1.1691873896
        1.2043042560       -0.9797783527       -0.3086451557
       -0.8451439721        0.6670018022       -0.7464837534
        0.5868242073        0.3341402715        0.9471970506
        0.6488749294       -1.6684171234        0.2753664693
       -1.6390131807       -0.2004604303        1.5338953032
        1.7087264733        0.4664630455        0.1915182957
       -0.0041058289        1.0017157195       -1.1987330123
       -0.3906575479        0.4571540843        0.0769767753
        0.7447872437       -0.8431673351        0.3818728581
        0.8159819877        0.5289506929        1.0070444533
        0.6556925285        1.6400431922       -1.2712858800
        0.9170882099       -0.1690266845        0.5742891388
       -0.2681618767       -1.1956251322        0.5184808899
       -0.4506022641        0.8999888434       -1.5713473596
        1.1799751585       -0.9577049033       -0.5444741175
        0.7416642746       -0.0124621073       -0.4319688994
        1.7134577123       -1.6045405244        0.0448580209
       -0.2043641792        0.6756407906        0.7241127471
       -0.2325637457        0.7361982985       -1.1922526136
       -0.4861669313       -1.0793329214       -0.8562547590
        0.3493795359        0.3696220803       -1.6450689265
       -0.8404850418       -0.3717153734        0.3596829882
       -1.6784573293       -1.6528822345        1.2499054191
       -0.4075316920        1.4227402772        0.8236064955
        1.1041079163       -1.2453941712       -0.0017566742
        0.7739668738       -0.2357810133        1.6381661946
        0.3346637185       -0.6976101661        0.5263073189
        0.8080956209        1.2613701213        0.6741542853
       -0.0204050584       -1.2984220149       -0.1445608172
        1.4518295480        0.8553451492        0.8873343943
        1.1517489548        0.1607577021        1.6387600389
        0.2083886248       -1.5825599475       -1.0079055525
        1.7102840178       -0.7128362596       -1.3593802115
        0.0444914525       -0.4117226868       -0.5653106078
        0.4124704852        0.1808842648        1.6884716241
       -0.6482081214        0.1289430280        0.6455769569
        0.1696728641        0.4938832921       -1.3530635907
       -0.5136017039        1.6524908034        0.6456567617
        0.7090211666       -1.2602636264        1.7195573925
        0.2648331215        1.4324189766       -1.0443872708
       -0.5355140242       -1.3776277957        0.5681650815
       -0.3203022956       -0.4542554633       -1.5472052491
        0.2221554130        1.3932643130       -1.4284993339
       -1.6192622118        0.2470808504       -0.7699841961
       -1.3608639391        1.1322027106       -0.5679289885
       -1.4771656091       -1.0257882668       -1.0541418971
        0.8391958184       -0.4139765380        0.3425635644
       -1.3821395760       -0.0771443471        1.7306072897
        0.1857885893        0.0091917495        0.4373871715
