        0.3175359680       -0.3903448327       -1.3149438794
        0.5267553939        0.3883756353        1.0618588193
        0.6542053521        0.1079928433       -1.0388212487
       -1.5737998848       -0.4102202925        1.6681471876
        1.2867474826       -0.5660034366       -0.4082408535
       -0.3241154673       -0.5349353624        0.7065230021
        1.0980776269       -0.3967240676        0.2414459006
        1.2594352958        1.0021076895       -1.5768872125
        1.6055826421       -0.0214434128       -0.3965861316
        1.0810759222       -1.4607918044       -1.0658225544
        1.3445552697        1.1768581079       -0.2734445033
        1.5182595231       -0.4712182842        0.8153075385
       -0.6605781926        1.0812753382       -1.4248328347
        0.1690119263        0.4828554330       -1.6789602514
       -1.0102419120        0.0201202418       -1.3427308542
        1.5754098760       -1.5700627593       -1.4397108943
       -1.3184588378        1.0374689450       -1.2328262164
        0.5132468482       -1.4034066796       -1.4187345532
       -0.6530429375        0.1540974107        0.5203458780
       -0.2913813322        0.1821083932       -1.5095372811
       -0.4408843615        1.4813080964       -0.1328713443
       -0.4916057171        1.1003844635       -1.5470556682
        1.6024714116       -1.5469711580       -0.7596461267
        1.0252692848       -1.2602181855       -0.9697679229
       -1.3535749718        0.9936331887        0.4579296828
        0.2871455659        0.4300525971        0.2868121950
        0.6230343477       -0.1535293228        0.3695448823
       -0.6409011584       -0.0381161036       -0.8294107271
        1.4545500701       -0.6768453715       -0.2301092961
        0.5619759212       -0.7678762190        1.6542883350
        1.6231809560        1.3061015439       -1.3210551739
       -1.3350609426        0.4198995404       -1.0150771540
        1.4169980096        0.7444827489       -1.1121893116
        1.0033771589       -1.3831005469        0.8765848914
        0.1708264212       -1.4757962663       -0.7402839660
        0.1865263864        1.2056864520       -1.6860719940
        0.0118326168       -0.2130566788        1.5470061073
       -0.4395282945       -0.1933594051       -0.6389025768
        0.2987273838        1.7302531792        1.7045088849
        1.5121086432        0.0549995375       -1.6693281302
        0.7188146073       -0.5379039563        0.9811955448
        1.4660390671       -0.3047137551       -0.0629853051
        1.2278995424       -0.3577653114       -0.3611906267
       -0.6526386387        0.9892235094        1.5861688817
        0.6793990670        1.2563524412       -0.4275123097
       -1.5518874855       -0.3632865233       -0.1352451584
       -1.6342678835        1.2948618254       -1.0101563194
       -1.1092842205        0.7534216364        1.3973700717
       -1.6874028693       -1.3261759293       -0.4361873298
       -1.6479663441        1.3574891493        1.2198435680
       -1.0090523458        1.0987316462       -0.4642063714
       -0.8360055267       -1.0310701417       -0.2522976207
       -0.2483016075        0.5506892647        1.4210715515
       -0.9856358794        0.5000571909       -1.6490542029
       -0.3487356872       -1.6019092066       -0.6147172562
       -0.2786114789       -0.6450430263       -1.4466914453
       -1.0222499427       -0.1653804942       -0.2902826947
       -0.0138842436        1.0373294411       -0.4850418922
       -1.2013375575       -0.8096106764        1.3679861056
        0.0592384575       -1.3818948336        0.7468952370
        1.6058806168       -1.0679822217        1.0165342057
        1.6599902638        1.3605182393       -1.1140656785
       -0.7429333279       -1.3519085819       -1.2604234554
       -0.8670557617       -0.1354941288       -0.0587698396
       -0.5106434112       -0.4180439776        0.8230951983
       -0.1531310408        0.1123518309        1.6558716375
        0.8212622641        1.2876300085        1.4235912155
        0.1374659604        0.9891273575       -0.9486784359
       -0.3073042873       -0.4757337521       -1.4758004475
        0.2354388397        0.8422580656        1.1216213731
       -0.3057335653        1.5209107965        1.6255943248
        0.0398460899       -0.6326285643       -1.2576731491
        0.8518370126       -1.5898219615        1.6032486329
       -1.0873319163       -1.5193921760        0.7377556430
       -0.9556383409        0.3284247506       -0.0618991949
        0.3618424844       -0.2062640328        0.9547633610
       -0.9614344230        0.7494060337        0.4846107160
       -1.3404705442       -0.8738584525        0.6894155007
       -0.4135816420       -0.8105565551        0.8693084160
        1.1390084453       -1.5219495945        0.0826792026
        1.1186845104       -0.1082320480        0.8861180442
       -1.2133798084        1.5892497408        1.4394109661
       -0.8324481568       -1.4317167370        0.0127846672
        0.9727878005        1.1769043780       -0.9150605134
        0.8994871409        1.3283146086       -1.4900642570
       -1.0227918259       -0.0056214329        1.1891223372
       -1.1512836422       -1.1055725819       -1.5908747257
       -0.4026823209        0.3593717796        0.8131257041
       -1.1671606885        1.5688517647       -0.2930951263
       -0.4805086093        0.3419383212        1.3662614941
       -1.6870899686        1.2284684192       -0.5505710634
       -1.4130000252       -1.2493818253        0.2116581938
        0.5502527459        1.3999116818       -0.6841389668
        0.9328047868       -1.3220940590        0.2626384807
        0.0976018530       -1.1900038324        0.5664942169
       -0.0435191141       -1.6471663814       -0.9703542357
        0.8474483101       -0.7726751033       -0.1049711736
        0.2778882174        1.0548408767       -1.0534119671
