          38
Energy of minimum      1=    -173.9284266     first found at step       40 after                 6711 function calls
LA         1.3599506984        0.0313932656       -1.1001770454
LA        -0.2796559092        1.5257869735        0.8090780870
LA         0.4238272180        0.4111642445        1.6468621972
LA        -1.4014535939        0.8607358151       -0.5965755789
LA        -1.4318612083       -0.9975153445       -0.1248089607
LA         0.0089398847       -1.3739400268        1.0830742083
LA        -0.6692416784        1.6003989323       -0.2273321111
LA         1.4318610121        0.9975155277        0.1248092694
LA        -0.0089400346        1.3739399325       -1.0830743538
LA         1.4014537380       -0.8607358799        0.5965753658
LA        -1.0441646827       -1.0717655094        0.9065759695
LA         0.6241709970       -0.7118737193       -1.4712196437
LA        -1.3599507275       -0.0313932242        1.1001769939
LA        -0.7411520669        0.6342768937       -1.4523178382
LA         0.2796557349       -1.5257869455       -0.8090783453
LA        -0.7683424600       -1.2250776920       -0.9847208867
LA        -1.7476474271        0.0428568226        0.0687920487
LA        -0.4238271655       -0.4111644339       -1.6468621410
LA         0.7411521367       -0.6342771977        1.4523178304
LA         0.7683421628        1.2250777036        0.9847210259
LA         0.6692415344       -1.6003989086        0.2273319192
LA         1.0441646426        1.0717655372       -0.9065758581
LA         1.7476474497       -0.0428566069       -0.0687921380
LA        -0.6241709040        0.7118737227        1.4712194728
LA         1.0813321424        0.1819107822        0.7862296100
LA        -0.3795503936       -1.2938375340        0.0495283065
LA         1.0095954614       -0.7818746826       -0.4357939342
LA         0.3795503267        1.2938377171       -0.0495283642
LA        -0.3078137592       -0.3300521726        1.2715517334
LA        -1.0095954368        0.7818747067        0.4357938201
LA        -1.0813319161       -0.1819107954       -0.7862293402
LA         0.3078138250        0.3300521398       -1.2715515795
LA         0.3495080530       -0.5537724374        0.4162320757
LA        -0.0357268705       -0.4799936275       -0.6086035890
LA         0.6918357216        0.2549726712       -0.2417047651
LA        -0.6918355658       -0.2549726923        0.2417048446
LA        -0.3495079756        0.5537723970       -0.4162320570
LA         0.0357270364        0.4799936453        0.6086037517
