50.000000000000000     50.000000000000000     50.000000000000000
50.348681898394375     50.116923915912459     49.522560758643593
49.898183172637900     50.646817283986429     49.437192302771997
49.721738603988285     49.579857001329771     49.786365545847005
50.670377126836172     50.734774935532386     49.816352205802310
51.282996941070166     51.085239167528009     49.527634774785511
51.255339045215749     50.356967884420840     49.938420487998222
50.620585998558958     51.389898253135499     49.727042872703620
51.827217735260490     51.272589014278395     49.227355290118659
49.621027590217238     49.706988215356148     49.209367198485687
50.071264968045448     50.316985655644061     48.894949572328890
50.048439835561922     48.899515991050208     49.827744677131939
52.035638603613634     51.877803723003709     48.935123000705239
49.213855835187736     50.198250833717232     49.846268185339859
50.498027005723614     48.314028197189664     49.844245357579503
51.741684991412974     50.092041575502726     49.520260373252668
50.772232312271740     48.624701341039753     50.245771604715863
52.216533047629042     51.871946733091427     49.418831095458017
52.400327833944445     51.317455668743044     49.282704884494059
52.332835929746857     50.329911701127045     49.347728764180502
52.216829743824846     51.499403357435888     48.318743616896178
51.792448921172273     50.670532882478625     48.808291546889222
52.074307224229983     50.586228644144860     48.181030463728206
49.544764677173816     48.992612078785108     49.478338927832148
49.788054995600987     48.531473171445668     49.342001239494003
52.431054541164670     50.005415565303203     48.688963146014707
49.556582577584791     47.871896233970929     49.462062896990012
52.758256089550493     49.912482646561493     48.300121837775698
52.213528115035878     49.936259598684721     48.162421427814586
50.751077381709010     49.187008805521764     50.281427191508023
50.441842346343854     50.692972837003623     48.486117967256050
52.637169410907575     52.024259899926946     48.377985475654668
51.807016256259871     52.341713810267855     49.257100991806929
52.765809792579802     50.126104914397231     49.956283553964411
50.843481821477759     52.117293758964138     49.683504856750538
51.368807774629822     51.819058348949653     48.777035566236080
53.081346258245304     51.456038602860936     48.511133292980418
51.941146721621479     49.763714533575332     48.738758009815442
