          98
Energy of minimum      1=    -543.6653608     first found at step    19665 after              2758938 function calls
LA        -1.6061310595        2.0414735681       -0.1394423804
LA        -0.1239646619        1.7034434413        1.9620472417
LA        -1.7208216758       -0.7136790370       -1.8155305181
LA         1.7288073043        1.2211695940       -1.5121794321
LA         0.8138403054        1.2592825351       -2.1256969617
LA         0.1159789863       -2.2109341922        1.3656625176
LA         2.3923757120       -0.4173801062       -0.9322279967
LA        -2.5515378681        0.1891989551        0.4696526568
LA        -1.4326459825       -2.1464262024        0.3272552616
LA         0.5414394102        0.0603606008        2.5436029034
LA         0.9581505461        2.4010024817       -0.2895698527
LA        -1.6683169406        1.7677738594        0.9265041291
LA         0.0431835821        2.4391154709       -0.9030874466
LA        -1.3276842239       -1.6844540407       -1.4719325187
LA         1.8705463506       -1.3500421129       -1.2021474739
LA         2.2871230743       -0.8806297014        0.8719373730
LA        -1.8879695886       -1.4493511377        1.0496038364
LA        -0.0669438332       -0.3149371734       -2.5812881473
LA         1.5185921931        0.2959475179        2.0911738899
LA        -2.4893521390        0.4628986097       -0.5962939447
LA        -0.3393442982       -1.5138592731        2.0880113502
LA         0.8531881411        1.9390303723        1.5096181443
LA         0.3261936619       -1.2857121584       -2.2376900692
LA         1.7652937822       -1.8132919071        0.6020177889
LA        -0.3361603459       -2.3235855874        0.3569852513
LA        -0.2299708020       -1.8562101398       -1.4632462294
LA        -0.3510470315        0.6560404481        2.2551871894
LA        -1.7897292925        1.2657129814       -0.9134174827
LA        -1.0122096840        0.0753735495       -2.1469145979
LA        -1.9134625261        0.7211234236        1.2075321700
LA         1.6994169342        1.5921711968       -0.4652580320
LA        -0.1211235806        1.6680058687       -1.6859945064
LA         1.5932267974        1.1247957887        1.3549738975
LA         2.3707465867       -0.0655431904        0.1214766493
LA        -1.2421327597       -0.9365919999        1.7942668494
LA         1.3324453746       -1.9212924644       -0.4155913281
LA         0.3368210009        2.4289708704        0.6433291268
LA        -2.3666262435       -0.8850768598        0.2072170139
LA         1.8391909911        0.1289255134       -1.7401077119
LA         1.3149668116       -0.8080166671       -2.0112659689
LA        -1.9092131560       -1.5853510508       -0.5184465371
LA         0.6523672883       -1.0108331463        2.2315583100
LA         1.6340044138       -0.7741651362        1.7770528957
LA        -0.6448159377        2.1923027195        1.0978345188
LA        -0.5823448660        2.4672586451        0.0269960772
LA        -2.3041549349       -0.6101210628       -0.8636213420
LA         0.9200250639        0.1672132868       -2.3564406361
LA         1.1097802764       -1.7111071542        1.5058946394
LA         1.8257239551        0.8547475273        0.3259812450
LA         0.2470390982       -1.9668261144       -0.4906041685
LA        -0.9423164625        0.9700500782       -1.5300874491
LA        -1.1304468348        0.1420283946        1.6947102312
LA        -1.7378937213       -0.3671793790        0.9510620412
LA         0.7748434889       -1.3848082949       -1.2415867145
LA         1.0808325861        1.6307387112        0.4817742196
LA         1.7231907609        0.0445633380        1.0431880596
LA        -0.7601405695        1.7074244300       -0.7526633064
LA        -1.6127716434        0.1835227115       -1.1936921862
LA         0.6732362381       -1.8320138868        0.5000920433
LA        -0.0161752175        0.5684545490       -1.9329283243
LA        -0.2429045627       -0.4294532697        1.9535047916
LA        -0.8217529932       -1.7697401455       -0.5023507785
LA        -0.8852627069        1.1567223742        1.3920910138
LA         1.8247981270        0.4917687856       -0.6984908323
LA        -1.8406046829        0.9875211889        0.1461843701
LA        -0.6174033867       -0.8851326833       -1.7943652813
LA        -0.7844620791       -1.6204123763        1.0692410690
LA         0.7844622757        1.6204122122       -1.0692412734
LA         0.6174030516        0.8851325655        1.7943654378
LA         1.8406047361       -0.9875208060       -0.1461843958
LA         0.3809347002       -0.4051823849       -1.5806284053
LA        -1.2764945388       -1.0627416013        0.2209357975
LA        -1.6684980753       -0.0947669068       -0.1216708808
LA         1.1917297627       -0.8900621790        0.7715177429
LA        -1.2144879999       -0.7898312204       -0.8419358467
LA        -0.8164938085        1.4280145978        0.3190338336
LA         0.1578401897        1.6629219289       -0.1320901288
LA         0.2173956819       -1.1249695255        1.2226416404
LA         0.0958336368        1.3900115441        0.9307816411
LA         0.7377196574       -0.1949980054        1.4917827564
LA         0.9012587482        0.5247892825       -1.3114874702
LA         1.2932623001       -0.4431853423       -0.9688806981
LA        -0.6601804111       -0.5451544101        0.9506910832
LA         1.2758334789       -0.0783904434        0.0543022971
LA         0.8899271588        0.8745281843       -0.2829755181
LA         0.8288850396        0.6058627347        0.7633642117
LA        -0.9839210717        0.6813751595       -0.4521862021
LA        -0.5369726829       -0.0028781068       -1.1612481372
LA        -0.0247418006        0.9126287374       -0.8962933537
LA        -1.0460867410        0.4077643926        0.6134133283
LA        -0.2050051302       -1.2420025562        0.2285776755
LA        -0.1439630602       -0.9733370969       -0.8177621494
LA         0.7541741918       -1.0107489196       -0.2155294685
LA        -0.1479496247        0.3703523686        1.2156460054
LA        -0.5949333121       -0.2785292880       -0.1062247417
LA         0.3683691054       -0.0462816017       -0.5522409156
LA         0.3070645761       -0.3161020042        0.4985965968
LA        -0.0805005844        0.6409129552        0.1598689269
          98
Energy of minimum      2=    -543.5467256     first found at step     6326 after               892855 function calls
LA         0.9283084518        2.4088019546        0.8368932959
LA         1.9742130099        1.5820670093       -0.9818452314
LA        -2.4181826701        0.3328217068       -1.5419145814
LA        -0.4248988840       -2.3293898121       -1.2536867711
LA        -1.9721989427       -1.1063268434        1.4369404912
LA         2.2426985615       -1.5808935697       -0.2496862338
LA         0.5533897666       -0.2455777526        2.6878824511
LA        -2.1768066540        1.5967381827        0.2802286776
LA        -0.4876067226        0.2615121702       -2.6571484308
LA        -0.5134676558        0.0964100834        2.6139119154
LA         1.6958009313       -1.6499053624       -1.2278234274
LA         0.1854555133       -0.6312533031       -2.5589217148
LA        -2.0234390747        1.1147669499        1.2821636530
LA         1.8688152305       -1.2231424191        1.6306974401
LA         2.2590040685        0.5723575793        1.0389143682
LA        -0.2024854853        2.2327838384       -1.1313883662
LA         2.4040905041       -0.9614092001        0.6769606999
LA         1.5492794178       -0.2857229845        2.1634069651
LA        -0.8286342397        1.2192071863       -2.1729893804
LA        -1.6832032095        1.8947003879       -0.6869650236
LA        -1.7923562760        1.2526758715       -1.6001528638
LA         1.7243428513       -1.8485115180        0.7037424523
LA         0.8803340463       -1.1813639791        2.1714039963
LA         0.1451992617       -1.7831905876        1.5866821762
LA         0.6633661654       -2.1927757669        0.6856322728
LA        -1.2792102883        0.6094362957        1.9631103589
LA         0.9470841524       -1.1503372587       -1.9082316915
LA         1.4612159469        2.0093907481       -0.0730951400
LA        -1.4544730085        0.2977464259       -2.1010878264
LA        -2.2993608889        0.9655872940       -0.6318980114
LA         1.6087015521        1.5065740347        0.9457269477
LA         2.1364727585        1.0893972332        0.0279778036
LA         0.3679666964        2.3435764016       -0.1482306365
LA         0.8957567490        1.9263850274       -1.0660126743
LA        -1.2445388448       -0.5047321736        2.0265101191
LA         0.6353671074       -1.9907032223       -1.2424913009
LA        -1.9988500895        0.0040711025        1.3611552894
LA        -0.1191603577       -1.4817290401       -1.9074699345
LA         1.9951642378        0.4554233791       -0.9061529854
LA         0.6137276621        1.5473793146        1.4960478290
LA        -0.1457331011        2.0596775649        0.8263089349
LA         1.2356116845        0.9677942373       -1.5757327210
LA         0.1197823115       -2.2649376954       -0.2846232848
LA        -0.9149439955       -1.4470382092        1.5146807225
LA        -1.7586609846       -0.5590153860       -1.4511200486
LA        -2.2777757596       -0.1486813456       -0.5484225364
LA        -1.0945014966       -1.4457832149       -1.3554422183
LA        -2.1293490928       -0.6277882719        0.4440721421
LA        -1.4603426909       -1.5195563785        0.5399173893
LA        -0.9448886495       -1.9269969461       -0.3564147094
LA         0.2936365493        0.6625540736        2.1149869309
LA         1.9749301948       -0.6664241050       -0.8086409486
LA         0.4784174569        0.3430763431       -2.1278816334
LA        -1.2026940627        1.6719100087        0.7954296148
LA         1.1840732412       -1.9322639296       -0.2720957892
LA        -0.1860388725       -0.8492585363        2.1104166295
LA        -0.7933194875       -0.5981940577       -2.0149235446
LA        -2.1628837602        0.4843771984        0.3666353797
LA         1.2819072339        0.6284668861        1.5928625564
LA         2.1357993777       -0.0464918084        0.1080161606
LA         0.1458240657        1.2958096203       -1.6463591967
LA        -0.7079447615        1.9706710449       -0.1617266593
LA        -0.4029778071       -1.8671857230        0.6170153128
LA        -1.6211393302       -1.0452020343       -0.4571579829
LA         1.2384415216       -0.1692499215       -1.4874712548
LA        -0.4647722094        1.1770547429        1.4742739382
LA         0.4060788494        0.5303878533       -0.0075714795
LA         1.5987767351       -0.3205239583        1.0651081236
LA        -0.8310049516        1.3188411925       -1.0773845847
LA         0.9287198277       -1.2048232124        1.0817491051
LA         1.1765171306        1.0462631816       -0.4869597521
LA         0.6618369088        1.4530920337        0.4080253685
LA        -1.4466987455        0.3998373143       -1.0137057932
LA         1.3172948882        0.5608277538        0.5026058116
LA         0.1163913039        1.3711146773       -0.5563271545
LA         0.6112410242       -0.2799845840        1.5985274597
LA         1.4489701011       -0.9421680160        0.1417862491
LA        -1.1555583438       -0.5446289310        0.9403923783
LA        -0.1400703840       -1.3473212771       -0.8254571313
LA        -1.3311232396        1.0304231859       -0.1144922116
LA        -0.4936619693        0.3684527046       -1.5707673369
LA        -0.4380014526        0.0529326613        1.5277006637
LA         0.9113758099       -1.0136822633       -0.8187543305
LA         0.1655103908       -0.5106062911       -1.4760931609
LA        -1.1836671229        0.5558507810        0.8700148514
LA         0.3518392979        0.6029397937        1.0361160794
LA         1.1806724834       -0.0522110861       -0.4051547871
LA         0.4483855959        0.4417951217       -1.0507152889
LA        -0.3803620573        1.0968784256        0.3904071475
LA         0.6674006340       -0.3232643209        0.5307468600
LA         0.3955871274       -1.2889113427        0.1283430217
LA        -0.1169188104       -0.8838009197        1.0195485391
LA        -0.5075298907        0.4697842316       -0.5054128261
LA        -0.8022167910       -0.4805514653       -0.9277510889
LA        -1.3145887061       -0.0755472369       -0.0367788672
LA        -0.6554473506       -0.9565360752        0.0578788065
LA         0.1380192554       -0.3963625402       -0.4129592721
LA        -0.3651064743        0.0013330680        0.4619344393
          98
Energy of minimum      3=    -543.4923253     first found at step      504 after                95225 function calls
LA        -1.8196100342       -1.4021398638        1.4402712546
LA        -2.2200273264       -1.3196939240       -0.7774165385
LA         2.3585969318       -1.6500530008       -0.4699687931
LA        -0.5616103912        2.8531778912        0.2247097237
LA         1.4408065650        1.2263857530       -1.8933129063
LA        -0.7867287728        1.6219957479        2.0713491980
LA         1.4148074387       -1.7729781660        1.5476330646
LA         1.3021140017       -0.8465076818        2.1719471647
LA         0.0846185503        1.0309841919        2.4615731136
LA         0.7681251237       -1.6395772517       -2.0342617555
LA        -1.4332289058        1.7551145616       -1.5105885502
LA        -0.7618192791        1.2045694265       -2.2219170994
LA         0.4556653854       -0.6729059888       -2.5115409135
LA        -0.4277515117       -2.4877252038        0.0020538193
LA        -2.4122754616        0.5725956813        0.4741451224
LA         0.9935714757       -2.3640591730        0.6866327590
LA        -1.6127153337        1.6550774145        1.3066337633
LA         0.6663681253       -2.2965106498       -1.1253878811
LA        -1.9397361398        1.7223438901       -0.5054299520
LA         1.4587402645       -2.2922793785       -0.3315276309
LA        -1.4949975819        2.2626586715        0.3711275317
LA         1.0626194468        1.0678964733        1.9253941293
LA         1.6694959843        0.1320359644        1.7810263602
LA         0.6984905870        0.0927367572        2.3350698498
LA         2.1502380402        0.1873618602        0.7720436893
LA         1.1733386096        1.6938318233        1.0044350756
LA         1.8423326075        1.1491136823        0.2954860618
LA        -0.1534011608        0.2685087694       -2.3854464570
LA        -2.0339269732       -1.3704036725        0.3336184396
LA        -0.6751444976        2.2397638818        1.1484810784
LA         1.8883125049       -1.7133252308        0.5386688544
LA         1.5648418895       -1.6465596875       -1.2528254920
LA        -0.9984660055        2.3062987923       -0.6430483545
LA        -2.1367793114       -0.4206413388        0.9660515707
LA        -1.1364293933       -1.9632739857        0.7280818267
LA        -1.3384946332       -1.9216543034       -0.3910300030
LA        -2.3388294360       -0.3790445861       -0.1530640130
LA         0.9482775950        0.2775921704       -2.2042420689
LA         0.3400247446        1.2155746117       -2.0595465957
LA        -1.3151091921       -0.4411505386        1.7526071430
LA        -0.7026810495       -1.3855716105        1.6069186479
LA        -1.8438985391       -0.3323319521       -1.1763805642
LA        -1.2315683576       -1.2766022114       -1.3220454743
LA         2.2582818051       -0.7319609679        0.1515163992
LA         0.3069919956        2.2771093644        0.6157023700
LA         0.1078101153        2.3181802166       -0.4852623949
LA         2.0594562808       -0.6914397368       -0.9495332449
LA         0.7747057710        1.7761648433       -1.1911354718
LA         1.7535271178        0.2667309061       -1.4239844046
LA         1.6440095692        1.1894740057       -0.7998356510
LA         0.4155131812       -1.3417656487        1.7354082327
LA        -0.7909067373        0.5186466163        2.0223994721
LA        -0.2282941539       -1.2093329592       -1.8293451979
LA        -1.4347004342        0.6510578244       -1.5423573419
LA         1.7907177115       -0.7944030121        1.1656312553
LA         0.1960982497        1.6646487477        1.5449699801
LA         1.2663266254       -0.6860731232       -1.7384167998
LA        -0.3279370643        1.7724298144       -1.3591621787
LA        -0.0087229710       -1.9285540198        0.8831476693
LA        -1.6130813334        0.5455159513        1.2648028830
LA        -1.9399646031        0.6127508251       -0.5456076585
LA        -0.3356681870       -1.8612232143       -0.9272479761
LA         1.9633908534        0.2298703951       -0.3289983543
LA         0.9809455194        1.7448924585       -0.0952875207
LA        -0.1850072066       -0.4134205250        1.9022740817
LA        -0.8368180732       -0.2790164895       -1.7090039831
LA        -0.5377429332       -0.3642797882        0.1009314314
LA        -1.4856685769        1.1672110689        0.3288166629
LA         0.4731026401       -1.8533963951       -0.1371490534
LA         1.1520992477        0.6012159630        0.9456943576
LA        -1.1668592454       -0.8738719332        0.7597440021
LA        -1.3638965817       -0.8332941388       -0.3315859248
LA         1.3625752596       -1.2068622649       -0.2737078603
LA        -0.5524897990        1.7463461721        0.1818606805
LA        -0.4943726058       -1.4071816583        0.0542683340
LA        -1.4625801731        0.0858843932        0.2845917581
LA         0.7616603588        0.6802834649       -1.2081374962
LA         0.8975789341       -1.2741496337        0.7258130216
LA        -0.6686834885        1.1411730832        1.0984061126
LA         0.5769835580       -1.2079608300       -1.0499471014
LA        -0.9891423998        1.2071505524       -0.6773864515
LA         0.7896580767       -0.3644304656        1.3402435976
LA         0.1882459966        0.5630031821        1.4833115256
LA        -0.3283041840        0.6692148118       -1.3776150453
LA         0.2729693433       -0.2580047089       -1.5206500859
LA        -0.0756615220       -0.8466137251        0.9080097254
LA        -0.6660534149        0.0638255756        1.0484560755
LA        -0.9833591611        0.1290971662       -0.7088440378
LA        -0.3930121695       -0.7812725347       -0.8492796492
LA         1.2701849409       -0.3041924973        0.3381961672
LA         0.3042467471        1.1853741379        0.5679800587
LA        -0.5490221794        0.6769555558        0.1415603292
LA         0.3981662696       -0.7836970976       -0.0837632915
LA         0.1080039326        1.2255851010       -0.5185029600
LA         1.0738209652       -0.2637946071       -0.7482581012
LA         0.9668941305        0.6475737595       -0.1333619488
LA         0.2953906610        0.1113686166        0.5197841370
LA         0.1024367573        0.1508287859       -0.5471313331
          98
Energy of minimum      4=    -543.1896663     first found at step     9711 after              1381209 function calls
LA         1.5024628855        2.0225262914       -0.9057200760
LA         1.9594517338        0.1197016047       -1.8264438067
LA         2.4503609192       -0.2937384087        1.1701600262
LA         1.2755546873       -2.2061579991        0.9396801427
LA         0.3603282004        0.1562262554       -2.9015257773
LA        -1.9096643759        0.9548689689        1.9471582238
LA        -0.6679780050        2.4895070459       -0.7440890787
LA        -2.4007898596       -0.3383610566       -1.0911583024
LA        -1.7572859418       -1.2482997099        1.6375228217
LA        -0.0486146066       -1.8506458955       -2.0163636059
LA         0.1381650662        1.8376600012        2.0158595547
LA         0.5555296315        2.3537597365        1.1121324511
LA        -0.9740495542       -2.0180448089       -1.4051311959
LA        -1.9180697047       -1.6848581358        0.6160821042
LA         2.0905945049       -1.1568916523       -0.9064949304
LA         0.5512322668       -0.6056457481        2.3868342223
LA         0.9960490832       -1.4337785768       -2.0155230514
LA        -0.0678679971        0.8435561531        2.5018120158
LA        -1.0265637310       -0.7177321395        2.3102169585
LA         1.1994827521       -0.4201476999       -2.4489916202
LA        -1.0937139087        0.3920685570        2.4558006363
LA         1.1096239606        0.6962529674       -2.2743252470
LA         1.0357260047        2.2053773611        0.1036770408
LA        -1.4581445056       -1.8652705793       -0.3979549091
LA         1.9095185720        1.0542897420       -0.5652514175
LA         1.8754058998       -1.2587870904        1.0630560954
LA         0.1558286948       -0.8478195938       -2.4609689504
LA        -1.8347586733       -0.1464370839        1.7940425745
LA        -0.8869742383        1.3972125211        1.9835618751
LA         2.2927566222       -0.7339769851        0.1364003966
LA         0.4171495003        2.2574504502       -0.8251107825
LA         1.6996585701       -1.6977774671        0.0188538217
LA         1.5163332684       -0.4547559249        1.7949939191
LA         0.9237079412       -1.4199508652        1.6787682573
LA        -0.0561151505        2.4230622412        0.1838296198
LA        -1.6889161014       -1.1790383577       -1.2482584905
LA        -2.1607444576       -1.0126932731       -0.2383546531
LA         2.2012784276        0.3904953450        0.3054896900
LA         0.0187654337        0.9401738642       -2.1886838470
LA         1.7261727469        0.5592498776        1.3230103477
LA         0.1752847712       -1.9662982392        1.0177750210
LA         0.6499263562       -2.1343733337        0.0013576659
LA        -0.3236107898        1.7173649043       -1.4695999256
LA        -0.5644837407       -0.0083563008       -2.3047338783
LA        -1.5005183403        1.4731901741        1.0517706194
LA        -2.0816225070        0.5244096730        0.9350123723
LA        -1.0869310351        1.9846606333        0.1554295997
LA        -1.4842361916       -0.1736321223       -1.7017472763
LA        -2.2452138238        0.0933389646       -0.0769903427
LA        -1.2501576802        1.5498322774       -0.8633342340
LA        -1.8272593420        0.6078813903       -0.9787233776
LA         0.9730500833        1.3873368315        1.4485484502
LA         0.0221750212       -2.0170108758       -0.9269362475
LA        -0.9133297259       -1.6860456134        1.0757809555
LA         0.7667690369        1.4879778410       -1.5594037794
LA         2.0210516377       -0.0504410470       -0.7281591692
LA        -0.7734126243       -1.0163466276       -1.8659606125
LA        -0.4771866275        1.9220779155        1.0880436652
LA        -2.0113265863       -0.5807997242        0.7803022137
LA         1.0609495667       -1.6058746566       -0.9206039605
LA         0.7745285998        0.3981650723        1.9315446890
LA        -0.1831447963       -1.1629769363        1.7421183109
LA        -0.9112690746        0.7776103895       -1.5941238759
LA        -1.6759048069        1.0454525004        0.0365286581
LA         1.4554482638        1.2404819815        0.4484070738
LA        -0.4566935058       -1.8720990278        0.0725546635
LA         0.5239643960       -0.3324572758        0.2758360698
LA         1.2551464384       -0.5850340991       -1.3653419770
LA        -0.2657553473       -0.0454789009        1.8857658104
LA         1.1647744030        0.5282026006       -1.1940473490
LA         1.4704849390       -0.3124036139        0.7148378339
LA         0.8921311393       -1.2535653622        0.6017628572
LA         0.4168140036       -0.0107959555       -1.8084020373
LA        -1.0729469727        0.5123211212        1.3713478352
LA         0.8161905478        1.2944679596       -0.4724176827
LA         1.2974130734       -0.7412821083       -0.2949578988
LA         0.5464207891       -0.4721743063        1.3111384506
LA        -0.2597425153        1.5200633500       -0.3932821923
LA        -1.3962344074       -0.3358613494       -0.6216710398
LA         0.2169567489       -1.0074882184       -1.3748809498
LA        -0.9995028450       -0.5793306390        1.2246187196
LA        -0.0598897867        0.9508815539        1.4118673557
LA         0.3500371806        1.4587900356        0.5240925762
LA        -0.6948694038       -1.1722934947       -0.7770269763
LA        -1.1612284109       -1.0074838925        0.2212028141
LA         1.2106828009        0.3488564606       -0.1282125758
LA         0.7522289975        0.5113425632        0.8532154885
LA         0.2800962298       -1.1655430296       -0.3106443644
LA        -0.1779098489       -1.0038072304        0.6695971165
LA         0.0783056958        0.7635549118       -1.1117675649
LA         0.4763792918       -0.1737716673       -0.7535147740
LA        -0.2623154581        0.0828373164        0.8198984824
LA        -0.4966271957       -0.1730941572       -1.2266144568
LA        -0.6745888322        1.0269006578        0.4919132834
LA        -1.2480008580        0.0903251367        0.3765246116
LA         0.1387293813        0.5830001929       -0.0534135590
LA        -0.8370257764        0.5986797256       -0.5136899004
LA        -0.4238870986       -0.3365142619       -0.1671843389
          98
Energy of minimum      5=    -543.1654807     first found at step      700 after               123099 function calls
LA        -1.9769377089        1.9241706311       -0.0602171426
LA         1.0667124529        2.2894077189        1.0379502361
LA         2.2818143257        1.3319575410       -0.6029453061
LA        -2.0790940293        0.7087891686       -1.9266545767
LA         0.5787704468       -2.2285548577        1.7622071169
LA        -2.3470290077       -0.7841744935        1.0494477163
LA        -0.5503789737       -2.2053515343       -1.3774684579
LA         0.0286192245       -0.2967600355        2.7283490649
LA        -0.0160166956        0.3712999791       -2.7029405116
LA        -0.9522743243        0.1893914945        2.4886185156
LA         1.9865571348       -1.8407707018        0.0765758534
LA         1.6082690933       -1.8296796061       -0.9794003162
LA         0.5015795723       -0.6057192699       -2.5153350491
LA         0.2712200995        2.2811072368       -1.0948608912
LA         2.0813516706        0.2832964328        1.4072325788
LA        -1.2902400507        2.1516547703       -0.9225765185
LA        -0.2979294691        1.3658775012       -2.2580731421
LA         2.0725807818       -1.2540055844        1.0331170545
LA         1.0820742505       -0.4726156999        2.3741330912
LA        -1.5181812308        0.8098640169        1.7383314181
LA        -1.3310142660        1.5318372831       -1.8558880868
LA         1.3565795470       -1.4386805979        1.8760276966
LA        -2.2088879007        0.3216650496        1.0029543689
LA         1.0623405977       -1.2279742617       -1.7610035585
LA        -1.1149219660        1.8531011707        0.6258725683
LA         1.6858179959        1.8231189722        0.2188529529
LA        -2.0294512412        1.3174590625       -0.9949617938
LA         0.3041149547       -1.2637241765        2.2465999361
LA        -1.0485889897        0.5407983862       -2.3166546361
LA         1.2836433091       -2.0360728852        0.9206376993
LA         0.6765911449        2.3071913628       -0.0278442006
LA        -1.6518702470       -0.2974619501        1.7698675215
LA         2.2027453178        0.8170810176        0.4051565778
LA         1.2903964724        1.8239735884       -0.8558715074
LA         1.5902557375        1.3001601002        1.2328946297
LA         0.5291585438       -2.0184662629       -1.1799497133
LA        -0.0238755092       -1.4070120627       -1.9474264843
LA        -0.0286780876        2.0933561970        0.8391505965
LA         0.5340433610        1.4768587107        1.6125997071
LA        -2.2667290653       -0.2858493048        0.0569602655
LA         1.5779316776        0.8288996896       -1.3282192415
LA         2.1349437441        0.2127593274       -0.5557644740
LA        -2.1769470599        0.2110461221       -0.9352810038
LA        -1.5743048781       -0.2663784404       -1.7488795014
LA         0.2018044043       -2.2288004929        0.7155155068
LA        -0.4005463862       -1.7528858539        1.5293827497
LA        -1.3752098743       -1.2718533364        1.2920520948
LA        -1.0647762139       -1.2368889187       -1.5660300332
LA        -0.1740823090       -2.2211255318       -0.3304421035
LA        -1.7526891957       -1.2627936892        0.2394537530
LA        -1.1541796340       -1.7361455202       -0.5688359202
LA        -0.0035759385        0.6413168989        2.1456929548
LA         1.9447497312       -0.8958883524       -0.4937976205
LA         0.8472774287        0.3176975879       -2.0160214785
LA        -2.1341806829        0.8211135116        0.0023177185
LA        -0.6797214409       -0.7877315898        2.0180222234
LA         0.9084586529       -2.0407360948       -0.1306379230
LA        -0.5417586581       -0.4383237366       -2.1430248774
LA        -0.4234347261        2.0876265189       -0.2304475392
LA         1.0432190419        0.4727921845        1.7931314866
LA         2.0325435566       -0.3082845085        0.4528387025
LA         0.5721187264        1.3062482037       -1.5706250060
LA        -0.5620682025        1.2609471776        1.4029532725
LA        -1.6755612603       -0.7682706366       -0.7578382491
LA        -0.7815095944       -1.7566910387        0.4819227313
LA         1.4096042974       -0.2981154868       -1.2718461563
LA         0.4421482214        0.5062539922        0.0669619663
LA        -0.4733573482        1.4621989240       -1.1759758469
LA         1.3090069451       -0.5078469445        1.2982870250
LA        -1.2622195990        0.7580475240        0.6712943924
LA         0.7479765646        1.3821625444        0.5448024896
LA         1.3461055050        0.9108854935       -0.2629318595
LA        -1.1632171435        1.2444093585       -0.3201754948
LA        -1.2114343382        0.6379455612       -1.2410200325
LA         0.5308800613       -1.2877868607        1.1785628195
LA         0.3671521778        1.3811855733       -0.4989184793
LA        -1.3897865116       -0.3406705499        0.7120689016
LA         1.2506062171        0.4064571263        0.7217956377
LA         0.2620691292       -0.3328885625        1.6622996427
LA        -0.2098190257       -1.2740560311       -0.8810704007
LA        -0.1916853033        0.4757068535       -1.6302071506
LA         1.2329359093       -1.0986787373        0.3477370428
LA        -0.7039676194        0.1446428895        1.4273787727
LA         0.8608899096       -1.0909629104       -0.6899444625
LA         0.3141942011       -0.4864740247       -1.4484681188
LA        -0.3162615742        1.1748465376        0.3443579333
LA         0.2257149550        0.5801554677        1.0892125148
LA         0.6486995811        0.4160278606       -0.9566162223
LA         1.1856308105       -0.1778687323       -0.2116714248
LA        -0.3719648442        0.5747977249       -0.5797064606
LA        -1.3144816793        0.1482729472       -0.2663116898
LA         0.4888450326       -0.3774012215        0.6171874260
LA        -0.7192578965       -0.3234232533       -1.0699709940
LA         0.1596349942       -1.2946226055        0.1494960898
LA        -0.4353415849       -0.8240103611        0.9527298997
LA        -0.8085423745       -0.8166458177       -0.0856178011
LA        -0.4643670425        0.0918532006        0.3874584146
LA         0.1219711918       -0.3725910682       -0.4020818697
