          98
Energy of minimum      1=    -543.6653608     first found at step    38620 after              5407081 function calls
LA        -1.1285861571       -2.0954420288       -1.0498246377
LA         0.3628180307        0.7480029063        2.4648672033
LA         1.4466583392       -2.0283062104       -0.7482443809
LA         1.5796269678        1.8011151394        1.0136464656
LA        -1.6436204111        1.6817334353        1.1122052287
LA        -0.8138593403       -0.4536767111       -2.4286883235
LA         1.8505612086        1.0916932336       -1.4664054304
LA        -0.1247186599        1.9450842151       -1.7227327188
LA        -2.3085341142        0.8972453552       -0.7951958448
LA        -1.7495405036       -0.5291173314       -1.8509077852
LA        -0.0969631394       -2.2360034175        1.3257461054
LA        -1.6288789842       -0.8007740847        1.8633921659
LA        -0.6575036971       -0.8056946468        2.3843785512
LA         1.5193801186        1.9367558762       -0.8409383324
LA         2.5054964534       -0.5506720278        0.4312341686
LA        -1.0683384227       -2.2310827422        0.8047597827
LA         1.9465028160        0.8756906809        1.4869460621
LA        -1.7040344135        1.8177490151       -0.7475098981
LA         2.4698024878       -0.4703097921       -0.6675326839
LA        -0.0040579477        1.6734272159        1.9915674004
LA         0.2064623887        1.1000214920       -2.3481995371
LA        -0.1929049984       -2.0200012900       -1.6276049751
LA         1.4823523711       -2.1086681088        0.3505225052
LA        -2.2481200310        0.7612297313        1.0645193785
LA        -1.7959358950       -1.2102900747       -0.9743226359
LA        -1.1586742744        2.0643130950        0.1886197620
LA         1.2300501404        0.2145621937        2.0200078561
LA         0.1977943443       -1.3573081022        1.9385778463
LA         0.4391135508        2.1931375087       -0.7980094252
LA         1.7245602901       -1.0685847440       -1.2343054255
LA        -1.7349835943       -1.3475173307        0.9019538407
LA         1.0980759925        0.5116878862       -2.0425220634
LA         0.5000650677        2.0559101666        1.0782672269
LA         0.0658202602       -1.0601829376       -2.1239519562
LA         1.7955819588       -1.2284836113        0.9519480025
LA        -2.3614676226        0.2327559121        0.0937371922
LA        -1.6463508965        0.3196715216        1.9011992628
LA         0.4222373829       -2.4736113403        0.3608075868
LA        -0.8241508914        0.6606172402       -2.3046865677
LA         0.3863796159       -2.3928808739       -0.7430016301
LA         2.0482643656        1.4933222347        0.0426799284
LA         2.4168236104        0.5636508042        0.5181516067
LA        -1.7641258786        0.5848303486       -1.7242543042
LA        -1.0390773875        1.2443995965        1.9491042189
LA        -1.1568517252        1.5095582137       -1.6763493757
LA         2.3809655823        0.6443817386       -0.5856577179
LA        -0.5535956089       -2.4686681015       -0.1625697037
LA        -0.6705178328        0.3147284465        2.4245764343
LA         1.0391455472       -0.7644203114        1.5830233468
LA         0.9311602480       -0.5213028831       -1.7410654137
LA        -0.0707594002        2.0352570027        0.1511534740
LA        -1.8995464028       -0.7495338370        0.0068885650
LA         0.0580662763        0.0661459881       -2.0129251763
LA         0.6575142804       -1.4459296311       -1.2395872473
LA        -1.2251372189       -1.5977219150       -0.0770548166
LA         0.9788640248        1.7584276482        0.0968092207
LA         1.7170415666       -0.1035868268        1.0491195823
LA        -1.8245852226       -0.0856460682       -0.8503926981
LA         0.1882069240       -0.2268519411        1.9931708914
LA        -0.5499707231        1.6351624527        1.0408602419
LA         0.7293333950       -1.6076226075        0.9712035978
LA        -1.7662636860       -0.2169511249        0.9449122914
LA        -0.6082921536        1.7664675436       -0.7544448115
LA         1.6452224854        0.0581064079       -1.1616713463
LA        -0.8599227968       -1.1284976587       -1.5399415399
LA         0.7640324316        1.3443847231       -1.4118348962
LA        -0.7640321706       -1.3443846792        1.4118350321
LA         0.8599224882        1.1284973140        1.5399417424
LA        -1.7496230089        1.1417166902        0.1403404275
LA         1.7496230795       -1.1417163156       -0.1403407238
LA        -0.2772364595        0.9115406787       -1.3783699495
LA        -0.2809851316       -1.5172717652       -0.6531492828
LA        -0.2453938914       -1.5974016116        0.4424480473
LA        -0.1833667197        0.7002023259        1.5112126532
LA         1.3443441654        0.8233768831        0.5678555132
LA        -1.2102184047        0.8363174417       -0.8022561196
LA        -0.8799924889       -0.0063076046       -1.4259187391
LA        -0.7861225898       -0.2176460130        1.4636639245
LA        -1.1519397978        0.7051088763        0.9917290690
LA         0.6875880610       -1.5221781618       -0.1336659730
LA         1.3087529497        0.9035068884       -0.5277418656
LA         1.6745701230       -0.0192479181       -0.0558073277
LA         0.6575834805        0.1597498942        1.0857757806
LA         0.0642028570       -0.7438222342        1.0389665992
LA         0.2908274074        1.0848729149        0.6126298868
LA         0.9469905627       -0.5894332318       -0.6265956291
LA         0.9826731995       -0.6697687733        0.4718135066
LA        -1.2669833910        0.1694991519        0.0535555352
LA         0.2557898706        1.1637564841       -0.4659266167
LA        -0.9418937334       -0.6600196895       -0.5604066133
LA        -0.6626805022        1.0897031054        0.1012263485
LA        -0.0065173935       -0.5846032202       -1.1379990603
LA        -0.9068560969       -0.7389031587        0.5181499182
LA         0.5868633021        0.3189689976       -1.0911898834
LA        -0.3034294248        0.1698725683        0.5673463185
LA         0.0230577202       -0.6632119536       -0.0492550645
LA         0.6189890672        0.2442443198       -0.0022446675
LA        -0.3386176211        0.2490951392       -0.5158464804
          98
Energy of minimum      2=    -543.6429572     first found at step      206 after                47437 function calls
LA         1.9600462070        1.7571848927       -0.7718927562
LA        -0.5441629893        0.3556792459        2.8257137840
LA        -0.2412615124       -2.0967927280       -1.9880975650
LA        -2.3150433496       -1.2171023199        0.4744014899
LA         0.7824706063       -2.2289263291        1.1847974724
LA        -1.5660240526       -0.3190521502       -2.2303492155
LA        -1.7945436653        1.5311763385        1.4013546159
LA         1.8167129300       -1.4222982372       -1.4536205576
LA         1.5883738129        0.4264718538        2.1752197012
LA        -2.3882315781        1.0040978794        0.6069141468
LA        -2.2618636256       -0.0190504705       -1.4013624657
LA         2.1615293595       -1.4635375393       -0.3861847329
LA         2.0352538130       -0.4411357638        1.6206267175
LA         0.7462847197        0.6519094420       -2.3578446823
LA         0.5398448979        2.3233714023        0.9229689742
LA        -0.5025408888       -0.2906678256       -2.6002121075
LA        -0.7731240493        1.9001307719        1.6999764100
LA         1.2088235321       -0.8479687113       -2.2073018714
LA         0.9383702040        1.3417823274        2.0908296167
LA         0.9225088413        2.1179849508       -1.0209933015
LA        -0.1377671375        1.3032387180        2.4046288949
LA         0.1687295323       -1.1783393536       -2.4663126930
LA         0.3105859704        1.5617227867       -1.8296422251
LA         0.2056526019        2.4113260342       -0.1620063174
LA        -0.8442461306        2.0535613050       -0.4562546603
LA        -0.7801942540        1.5349588308       -1.4741884688
LA        -2.3436380558        0.4952066860       -0.3997608381
LA         2.1143337244       -0.9604873280        0.6223765989
LA         1.2628114886        2.0608213265        0.0742996864
LA         1.3668699292        1.2183017972       -1.5794319345
LA        -0.9038628297       -1.2090614140       -2.1108691195
LA        -1.1697938417        0.9440727080        2.1153900673
LA         0.5221260058        0.3918091487        2.5025838222
LA         0.7879942756       -1.7608196265       -1.7226824136
LA        -2.3531640341       -0.1067452144        0.5399463324
LA        -2.2900537546       -0.6177231730       -0.4630218246
LA         1.4731526452       -1.8468000832        0.4003362646
LA         1.4100815412       -1.3361378679        1.4026845653
LA         1.9907308909        0.6312422802       -0.8339920997
LA         1.9272195826        1.1454675472        0.1753500818
LA         0.1014666216       -2.1483531722       -0.9309890140
LA        -0.1009103226       -0.5097866237        2.2852552458
LA        -0.9379298233       -1.8090444419       -1.1694003614
LA        -1.1403209470       -0.1703629768        2.0470699903
LA        -1.7303496515       -0.6938707233        1.2637943726
LA        -1.6288395949       -1.5157564839       -0.3494364885
LA         0.4427830730       -2.1922880008        0.1257255079
LA         0.3412870824       -1.3705138845        1.7387365752
LA        -1.2843003787       -1.5595751639        0.7137376397
LA        -0.2526582788       -1.8965473728        0.9503279087
LA        -1.3869886608        0.6058081509       -1.6545357058
LA        -1.5123483487        1.6207947742        0.3377213818
LA         1.8546577061        0.5200520858        1.1076157283
LA         1.9797423433       -0.4927090084       -0.8802725176
LA        -0.3294935288        0.6399053573       -2.0216735544
LA        -0.4963176477        1.9906135700        0.6295514295
LA        -1.6068910712       -0.9210940300       -1.2922943881
LA        -1.7722729442        0.4179357177        1.3360074103
LA         0.9699561341       -0.4778136646        1.9644063037
LA         1.1352875294       -1.8164359086       -0.6630953577
LA         1.3805742877        0.0824423624       -1.6270174268
LA         1.2140533337        1.4306953148        1.0193884070
LA        -0.5971352213       -1.8652919923       -0.1098624404
LA        -0.6989858603       -1.0406476611        1.5087828826
LA        -1.4717100419        1.1221731738       -0.6643139188
LA         1.9393494612        0.0081009740        0.1179033472
LA         0.2461138385        0.5995738427       -0.2899759551
LA         0.1312544704        1.3828952626        1.3448573291
LA         0.3345530858       -0.2631306317       -1.8860288571
LA         0.0540384253        1.5177604893       -0.7698466156
LA         1.0878669155        1.1672020724       -0.5261971409
LA         0.3940076179        1.4501594935        0.2960837343
LA         0.4946139765        0.6355899694       -1.3027865180
LA        -0.2723648015        0.4370807117        1.7543245611
LA        -0.0737471442       -1.1710466036       -1.4021726028
LA        -0.7296272085       -0.2919572972       -1.5288016961
LA        -0.8921390244        1.0238345508        1.0538880087
LA        -1.4346692260       -0.5949775458        0.2128464614
LA         0.5978462371       -1.2588129523        0.6789406378
LA         0.9471772086       -0.8393108370       -1.1436826511
LA         0.7847402655        0.4758757533        1.4378186125
LA        -1.4149558038       -0.0001341255       -0.7155311851
LA        -1.4773622441        0.5051448807        0.2762506811
LA         1.2860703868       -0.8825098863       -0.0954101438
LA         1.2237260510       -0.3777332039        0.8953859663
LA        -0.6172515377        1.1063960988        0.0130249247
LA        -0.5559438522        0.6100120800       -0.9612976528
LA         1.0416570806        0.5624776422        0.3934274236
LA         1.1028562996        0.0669723354       -0.5791706081
LA        -0.0081470268        0.5215698642        0.7196094327
LA         0.0900436465       -0.2734407786       -0.8408695656
LA        -0.8623574544       -0.0823381630        0.9932118496
LA        -0.7622064310       -0.8932206587       -0.5984211586
LA         0.2634628267       -1.2280811541       -0.3631369861
LA         0.1633263350       -0.4173159711        1.2282655072
LA        -0.4230050154       -0.9374443909        0.4509789174
LA        -0.5844542124        0.0100514946       -0.0418967463
LA         0.4221797014       -0.3184448521        0.1888016858
          98
Energy of minimum      3=    -543.5467256     first found at step    23185 after              3206870 function calls
LA         1.4546488132        0.5603470835        2.2213693098
LA        -0.0169566982        2.1654607182        1.6355320800
LA         1.5426886832        0.5462389438       -2.3785738994
LA        -1.7345777637        0.0078850690       -2.0419361578
LA         0.4425021890       -2.3667051205       -1.1752548588
LA        -0.2434978593       -2.1672396528        1.6837589782
LA        -2.6203889615        0.4252864439        0.7375345352
LA         0.2202687815        2.1715007829       -1.6132734697
LA         2.5970037645       -0.4208565387       -0.6671125144
LA        -2.4523783768        1.0261220430       -0.1959432483
LA         0.6561058673       -2.3643673082        1.0415230472
LA        -0.8813388878        1.9913316390       -1.4962601421
LA         2.2266182135       -1.3985857412       -0.2590060350
LA        -1.9159190356       -1.1661044999        1.6177694439
LA        -0.7793708170        0.1700145530        2.4235742757
LA         1.7811570266        1.7439659794        0.3040145900
LA        -0.9230253257       -1.3731670660        2.1034903670
LA        -2.1257612645       -0.0613167130        1.6246892286
LA         2.4394174718        0.6939912485       -0.6801491789
LA         1.2370235116        2.0054690768       -1.1588139656
LA         1.8971534366        1.1796848617       -1.5334211634
LA        -1.2377990581       -1.9705707983        1.2125636639
LA        -2.4253362262       -0.6752984464        0.7398129144
LA        -1.3411376345       -1.9772197333        0.1018007902
LA        -2.0702086296       -1.1820060561       -0.1884379572
LA        -1.6800321369        1.5199165225       -0.8537797835
LA         1.4524076950       -1.8967028569        0.3932217951
LA         0.7239785464        1.3724598694        1.9417401363
LA         2.0714898180        0.0632105689       -1.5243525044
LA         0.8827166986        1.3598315385       -1.9975943144
LA        -0.4003327678        1.1801947417        2.0491362084
LA         0.3422501247        0.3702428064        2.3447538723
LA         1.6329466810        1.1636234215        1.2763961265
LA         0.8903367534        1.9736049555        0.9807676933
LA        -2.0944512500        0.5180356965       -1.1203967836
LA         0.5506129422       -2.3669929236       -0.0674145693
LA         1.3352229504       -1.8844384067       -0.7171006352
LA        -1.3095360140        1.0002589522       -1.7699604750
LA         1.0244644276       -0.4451223162        1.9394698211
LA        -0.9192410161        1.6749205447        1.1656930453
LA        -0.1291110674        2.1605027676        0.5117167998
LA         1.8144658191        0.0405997739        1.2854419209
LA        -0.4499741234       -2.1758004066       -0.5373232485
LA        -1.9058538590       -0.5878401359       -1.1168996479
LA         1.1795043617       -0.4289177547       -1.9839192237
LA         0.4491003542        0.3677505316       -2.2746876366
LA        -0.6426969905        0.1887829956       -2.1625788941
LA         0.8133525528       -1.3993635340       -1.5829356352
LA        -0.2852957372       -1.5786208942       -1.4696003538
LA        -1.0105491201       -0.7875705479       -1.7583190857
LA         0.5747004313       -1.4275834907        1.6217569920
LA        -1.7909106790        1.1526399381        0.6800226969
LA        -0.2341526999        2.1093583900       -0.6084763948
LA         2.1312017627       -0.4705866884        0.3331546639
LA        -2.2727739412       -0.0796565711       -0.1945856203
LA        -0.3449988994       -2.1823219282        0.5728488635
LA        -0.2155975084        1.1842811869       -1.8968670691
LA         1.7114051896       -0.9175435414       -1.1297415481
LA        -1.2966612731        0.6744759346        1.5618003822
LA        -0.0952195452       -0.6359629444        2.0400864979
LA         1.9746218235        0.6364915853        0.3265457911
LA         0.7733532101        1.9467420851       -0.1516712309
LA        -1.1834172061       -1.3897977648       -0.8351448984
LA         0.0839499923       -0.6106680304       -1.8840304046
LA         1.3688699130       -0.9652012674        0.9846500941
LA        -1.0275828207        1.6486626951        0.0306384224
LA         0.1801949558        0.3598230551        0.5332219886
LA        -1.0952275491       -0.4385337096        1.5496592311
LA         1.4325611533        1.1153954234       -0.5425215717
LA        -1.3993973103       -1.0392934863        0.6677257037
LA         0.0826005607        1.2472399578        1.0740383648
LA         0.8067646766        0.4573778490        1.3623234895
LA         1.0733146173        0.4813896937       -1.3771951288
LA        -0.2843496280        0.2740287845        1.4650802414
LA         0.9650249095        1.0420799447        0.4310426893
LA        -0.4194208622       -1.2369609564        1.1407506375
LA        -1.5981218749        0.0486737908        0.6715175477
LA         0.3521301599       -1.4301466355       -0.5890319410
LA        -1.0766805768        0.1282889899       -1.1578318875
LA         0.4228554630        1.2906996230       -1.0010277268
LA         1.6011789186        0.0054762481       -0.5319454937
LA         0.4628018011       -1.4337817712        0.5085279315
LA        -1.4357979917        0.6370619028       -0.2472917493
LA         1.2383814032       -0.9568154384       -0.1337137020
LA        -0.6599371456        1.1137223349       -0.8894207663
LA         0.3795807398       -0.5157662139        1.0727384693
LA        -0.7866026376        0.7562154948        0.6084885891
LA        -0.0248151796        1.2243915441       -0.0220074867
LA         1.1412479322       -0.0474593979        0.4421942311
LA        -0.5991476928       -0.3289884531        0.6036594725
LA        -0.5278943134       -1.2466791337        0.0370448273
LA        -1.2489999810       -0.4601532697       -0.2500226253
LA         0.6234195744        0.4226721499       -0.4079483624
LA        -0.0027089443        0.3058908107       -1.2812599013
LA         0.7182079113       -0.4804293432       -0.9942680009
LA        -0.3661053532       -0.6581478267       -0.8835896458
LA         0.2666974695       -0.5245791927       -0.0194184337
LA        -0.4412098183        0.2475509641       -0.3012314908
          98
Energy of minimum      4=    -543.1896663     first found at step      331 after                66023 function calls
LA        -1.5988200740       -1.5850699889        1.4490228141
LA         0.3559716529       -2.4309333403        1.0740226009
LA        -0.8650184836       -1.9577570232       -1.6966895627
LA         1.1224260882       -1.0404994331       -2.2438118704
LA         1.2034129075       -1.2629827910        2.3515455781
LA        -1.3333176780        2.4894347839       -0.6123688133
LA        -1.5915858224        0.5468180253        2.0893429206
LA         1.3493113213        1.8970230283        1.2843554222
LA         0.6444972027        2.1090806679       -1.5697740567
LA         2.5569923171       -0.7168599361        0.6639862587
LA        -2.5656010345        0.6312712230       -0.6920686307
LA        -2.6530638251       -0.0213969210        0.2154826489
LA         2.6050947565        0.3435995133        0.3018141713
LA         1.5469164803        1.9057208591       -0.9341171075
LA         0.9563334889       -2.3386121193       -0.3834545520
LA        -0.7746381181        0.2083265268       -2.3925251831
LA         1.9733147941       -1.6778384470        0.6332895160
LA        -1.9174992661        0.9203231120       -1.5657131090
LA        -0.2933774922        1.6676765579       -2.0096915937
LA         1.2837014036       -1.9463580215        1.4753455373
LA        -1.2867205463        1.8468561586       -1.5213009099
LA         0.2756266996       -1.7359667536        1.9491124766
LA        -2.1422148282       -0.8083708958        0.8394162719
LA         2.0920235090        1.1341188932       -0.3178057828
LA        -1.0373113545       -1.9204876526        0.5594732687
LA         0.1294448024       -1.5088262413       -1.9845571394
LA         1.8817111055       -0.9905829891        1.5090915649
LA        -0.3451912544        2.3010347167       -1.0919956277
LA        -1.9509903020        1.5622288099       -0.6530857443
LA         0.0458132070       -2.1683074967       -1.0537572771
LA        -1.5962921688       -0.5190152746        1.7701352183
LA         1.0483312110       -1.7055098479       -1.3281114893
LA        -0.8270366448       -0.8844111784       -2.0644365585
LA         0.1759098554       -0.4217226491       -2.3407189876
LA        -2.1234617628        0.2626345185        1.1533023390
LA         1.9782952220        1.1216368315        0.7930932355
LA         1.4497183691        1.9022845286        0.1755223265
LA        -0.9659987137       -1.9576762709       -0.5707784439
LA         0.2693287301       -0.6624966468        2.2722623377
LA        -1.4996002290       -1.1713348663       -1.1924607916
LA         1.1253221119        0.0391870615       -1.9144278926
LA         1.6579144064       -0.7463191852       -1.2931680294
LA        -0.6619135742       -0.0596558146        2.1845140423
LA         1.2560418122       -0.2075762758        2.0024436955
LA        -1.4249038203        1.8473492827        0.2915746231
LA        -0.4381086301        2.2999992691        0.0216808006
LA        -1.5112227229        1.2003349389        1.1915774729
LA         1.3051154751        0.8449965091        1.6467250175
LA         0.4556948404        2.1026654456        0.6532724204
LA        -0.6110293390        1.0002507582        1.8265708816
LA         0.3684446551        1.4499827422        1.5582340010
LA        -2.0934282908       -0.3678932151       -0.6723352244
LA         2.1504917055       -0.4440789136       -0.3259068986
LA         1.1013248889        1.1039154185       -1.5500581891
LA        -0.6657538257       -1.1331080266        1.8725894715
LA        -0.0496243855       -2.1468573575        0.0771450044
LA         1.9395211770        0.0681908265        1.1604065006
LA        -2.0481811901        0.9199016890        0.2542905136
LA         0.5551120253        2.1152003536       -0.4576172947
LA         1.5702789026       -1.3980840406       -0.3626908564
LA        -1.4497127180       -0.0865829472       -1.5427672158
LA         0.1730017920        0.6605105120       -1.9886753461
LA         0.3224975026        0.3972533906        1.9273051312
LA        -0.5297243498        1.6603275718        0.9304116859
LA        -1.5884108654       -1.1541814176       -0.0548680928
LA         1.6466511957        0.3385443118       -0.9447303522
LA         0.0302485918       -0.4271528342       -0.5270460561
LA         0.8821179954       -1.6610481371        0.4945744742
LA        -0.8224747878        0.8541556430       -1.4908923237
LA        -0.1215263030       -1.4514512966        0.9695191436
LA        -0.4102999104       -1.1792739934       -1.1008549562
LA         0.5676557664       -0.7275656951       -1.3703493948
LA         0.7988308812       -0.9755384904        1.3617498315
LA        -0.8639708603        1.4862915996       -0.5820429608
LA        -1.0434101996       -0.8426055522        0.8753882158
LA         0.4826746609       -1.3668035700       -0.4676039746
LA        -0.3616604759       -0.1244325636       -1.4471786398
LA        -1.0343627763        0.2135322794        1.1904734780
LA         0.8958732789        1.0987660234        0.6624744731
LA         1.4733228226       -0.7093290500        0.5277999679
LA         0.1132113134        1.3019243232       -1.0613659891
LA        -1.4783238550        0.5692753624       -0.6257915445
LA        -1.5650026141       -0.0717491186        0.2662452979
LA         1.5227476022        0.3341340747        0.1745876740
LA         0.9999502231        1.1057676266       -0.4356421135
LA        -0.5000509261       -1.1635449800       -0.0021315800
LA        -1.0144418794       -0.4049239519       -0.6018640672
LA         1.0737835293       -0.4368956298       -0.4353802170
LA         0.5605059073        0.3208746114       -1.0346563644
LA        -0.1199204580       -0.3837417108        1.2897815659
LA         0.4087982408       -0.7030370991        0.4044025667
LA        -0.4117636033        0.5164365508       -0.5582550455
LA         0.8543315437        0.0644448092        1.0233022643
LA        -0.9577899307        0.8592929073        0.3095604936
LA         0.0163278079        1.3058726357        0.0431935313
LA        -0.4969887307       -0.1120297193        0.3200619809
LA        -0.0697697324        0.6631014267        0.9371954017
LA         0.4595425736        0.3259286613        0.0588557207
          98
Energy of minimum      5=    -543.1654807     first found at step    18166 after              2520064 function calls
LA        -0.0341387126        2.1255508116       -1.7593204599
LA        -0.0058683353        2.2864882753        1.4928296177
LA         1.6078293817        0.8047324752        2.0277132581
LA         1.3124516888        0.5364686481       -2.5547376270
LA        -2.0304174281       -1.8155745675        0.9939314791
LA        -1.8884082257       -0.1643638621       -1.9057054437
LA         0.4967592424       -2.3607264416       -1.1153980479
LA        -2.5623937541        0.3476257978        0.9198203227
LA         2.5630771528       -0.2718909009       -0.8948283467
LA        -2.5135638688        0.9028641658       -0.0524408188
LA         0.0445507650       -2.0429766810        1.7790366216
LA         0.8958604773       -2.2233871893        1.0711983866
LA         2.2879758291       -1.2431597584       -0.4063357131
LA         1.6956804359        1.8972070372        0.0316824138
LA        -0.5709458908        0.2955289697        2.4452542979
LA         1.0249444188        2.0420993591       -1.3873728837
LA         2.3375828448        0.8293597707       -0.9492874211
LA        -0.6449511149       -1.2682308790        2.2160956825
LA        -1.9632543971       -0.0586831522        1.7812765303
LA        -1.8352210355        1.4071119797       -0.7965864646
LA         1.6982251720        1.2343684143       -1.7761787029
LA        -1.6837573843       -1.1438713405        1.8127629760
LA        -1.5065584853        0.8674704372       -1.7223088202
LA         1.6038833972       -1.7474218984        0.3342099268
LA        -0.4155112409        2.0909668868       -0.7238494925
LA         0.8066296716        1.5561844927        1.7723656572
LA         0.6403728584        1.3318050815       -2.1588275914
LA        -2.2977703845       -0.7347526846        0.9576460138
LA         1.9393461042        0.1327314283       -1.7263286259
LA        -0.9941498528       -1.9304839496        1.3877335006
LA         0.8525771238        2.1119549597        0.7710000021
LA        -2.2024470384        0.3697029690       -0.9808854866
LA         0.5247170342        0.5568164021        2.2579830695
LA         1.6670576601        1.3640712160        1.0415117216
LA        -0.2891335038        1.3043066456        1.9886036294
LA         0.6975037168       -2.2933555983       -0.0224645440
LA         1.3930672730       -1.8036786258       -0.7608083896
LA        -0.2127653944        2.2123338534        0.3839865733
LA        -0.9121675384        1.7177826549        1.1331216888
LA        -0.8236231514        0.0711074885       -2.1306344782
LA         1.9192361859        0.2551020925        1.0920466478
LA         1.2190876079       -0.2385009870        1.8355022292
LA         0.2434596090        0.3038711905       -2.3466529294
LA         1.0428991281       -0.4334364825       -2.0814581288
LA        -1.1902259339       -2.0049083033        0.2897311381
LA        -1.9902267701       -1.2690313687        0.0248058940
LA        -1.9430540050       -0.7190674814       -0.9411138177
LA         0.7714161066       -1.3983754355       -1.6017354760
LA        -0.3482462306       -2.1866152052       -0.4127148425
LA        -1.0951265872       -0.9007606722       -1.6471894944
LA        -0.3007080597       -1.6323080316       -1.3838540688
LA        -1.7882124889        1.1179985827        0.7534411704
LA         0.8063974774       -1.2617840668        1.6081440884
LA         2.1860306334       -0.2896795617        0.1432115748
LA        -0.4357445768        1.1029392058       -1.9551498871
LA        -2.2627560430       -0.1862435613       -0.0142913435
LA        -0.1504129733       -2.1253955103        0.6834014789
LA         1.6731421305       -0.8422423245       -1.2527608810
LA         0.6414164344        2.0149907870       -0.3449405762
LA        -1.1906562166        0.7200995608        1.6096437438
LA         0.1267086289       -0.4888047928        2.0436119880
LA         1.9605049682        0.8049103374        0.0949055998
LA        -1.1147153563        1.6221113451        0.0187377944
LA        -0.0279474494       -0.6696002054       -1.8769439560
LA        -1.1515150497       -1.4613794612       -0.6836325573
LA         1.5134231798       -0.7903508041        0.8822391168
LA         0.2103737973        0.4373871211        0.4697950319
LA         1.3215417768        1.2003567462       -0.7467815570
LA        -0.9207239529       -0.3770571194        1.6331110181
LA        -0.7962919112        1.0705935232       -0.9155428598
LA         0.1030547042        1.3460367343        0.9717081019
LA         0.8974066092        0.6166691002        1.2350004947
LA         0.2700830855        1.2920593008       -1.1232891108
LA         0.9332850447        0.5011670905       -1.5140967779
LA        -1.2594220514       -1.0405430664        0.8126286430
LA         0.9391537511        1.1572604466        0.2648251880
LA        -1.1677650491        0.0427177678       -1.0904608008
LA        -0.1665908610        0.3757490142        1.4426615190
LA        -1.5270524853        0.0297208940        0.7810008802
LA         0.3980177572       -1.3996000088       -0.5711651843
LA         1.5576849184        0.1047269008       -0.6951731187
LA        -0.2347350112       -1.1557733412        1.2071596114
LA        -1.4803763665        0.5756167354       -0.1762190718
LA         0.6008752604       -1.3360718145        0.5110929572
LA         1.2883349432       -0.8519294088       -0.2187335348
LA        -0.0958168855        1.2560997650       -0.1090890635
LA        -0.7696087232        0.7788761475        0.6123444117
LA         1.1841546752        0.0813465948        0.3164896627
LA         0.5089470382       -0.3943523474        1.0332577714
LA         0.5697536471        0.4717202332       -0.5076127515
LA        -0.1199131521        0.2731982497       -1.3159606519
LA        -0.5151284610       -0.2903748779        0.6423756235
LA         0.6697147110       -0.4551941541       -1.0540651183
LA        -0.4353417285       -1.2329350624        0.1192851057
LA        -1.2247962936       -0.5057198471       -0.1425877245
LA        -0.3890260286       -0.6863423474       -0.8399848596
LA        -0.4714857785        0.2468954642       -0.3015650638
LA         0.3044731599       -0.4699259715       -0.0428572889
