          38
Energy of minimum      1=    -173.9284266     first found at step       61 after                12964 function calls
LA        -1.7343412792        0.2283624262        0.0274302048
LA         1.0061294564       -0.5788887289        1.3089816022
LA         0.8305231274        1.0852337720       -1.0924010649
LA         0.4818877331       -1.6726043427       -0.1761248727
LA        -0.8850190291       -1.2699592622       -0.8153439942
LA         0.8850189754        1.2699592423        0.8153441373
LA         0.6294470875       -0.3824741402       -1.5869312636
LA        -0.4818878154        1.6726043256        0.1761250116
LA        -1.0061293511        0.5788886981       -1.3089816032
LA         1.7343412036       -0.2283623944       -0.0274302863
LA        -0.6294471007        0.3824739415        1.5869312035
LA        -0.8305230654       -1.0852335910        1.0924010419
LA        -0.0465332184       -0.5527021295        1.6592755710
LA        -1.4707736286       -0.3302268306       -0.8880405468
LA        -1.4134374760       -0.1500577827        1.0200576237
LA        -1.2696979826        1.1374782307       -0.3935112549
LA         1.2696979891       -1.1374782369        0.3935112574
LA         1.4707736157        0.3302268306        0.8880405442
LA         0.1625394874       -1.2960195374       -1.1639392297
LA         1.4134374001        0.1500578245       -1.0200577569
LA         0.0465333745        0.5527020911       -1.6592755943
LA        -0.1625395678        1.2960194164        1.1639393531
LA        -0.5656709669       -1.6465451603        0.1724700728
LA         0.5656708940        1.6465451246       -0.1724699375
LA         0.4188696158        0.3564037855        1.2320924565
LA        -0.9447301198        0.7580747286        0.5944198363
LA         0.9447300886       -0.7580747585       -0.5944198702
LA        -0.4188695966       -0.3564038386       -1.2320924709
LA         0.2182800931       -1.1077529834        0.7387586895
LA         1.1453196548        0.7060821374       -0.1010861151
LA        -1.1453196151       -0.7060820539        0.1010860777
LA        -0.2182800701        1.1077530735       -0.7387587290
LA        -0.3617935170       -0.1741500495        0.6639622532
LA         0.6791129617       -0.2000439738        0.3175797930
LA         0.0998995148        0.7291933981        0.2456948144
LA        -0.0998995072       -0.7291933929       -0.2456947962
LA        -0.6791129625        0.2000440195       -0.3175798258
LA         0.3617935964        0.1741501211       -0.6639623320
