          98
Energy of minimum      1=    -543.6653608     first found at step      165 after                34136 function calls
LA         0.8400287585       -1.1112192915       -2.1968747948
LA         0.1343850452       -2.5831459503        0.2757048309
LA        -0.5808742468       -0.3663702597        2.5089984701
LA         2.0941119314       -1.2976069933       -0.8352408975
LA         0.5691104811        2.0324227344       -1.5205546596
LA         1.8315838362       -1.8452234391        0.0846590541
LA         0.6698933579        1.3586850971        2.1146946880
LA         1.1130087773        2.2829949079        0.5620156961
LA         1.1210201615        0.3735932970        2.3174247767
LA         1.8266636989        1.8455196113       -0.1551542656
LA        -0.1445445583        2.4698977522       -0.8033847743
LA        -1.0320011177        0.6187213634        2.3062681310
LA         0.0764745632        0.5560952733       -2.5400048948
LA        -1.0735102853       -1.8426979509        1.4895486268
LA        -1.8165041502       -1.7322713858        0.6828350239
LA        -0.9290474387        0.1189053069       -2.4268183961
LA         2.3255827814       -0.3648117912        1.1069293189
LA         2.5881108766        0.1828046607        0.1870293602
LA        -2.5779515702       -0.0695568724        0.3406508709
LA        -2.1336103877        0.8573097922       -1.2163231902
LA        -0.1654931881       -1.5484092185       -2.0836881554
LA        -0.6086087233       -2.4727192603       -0.5310087730
LA        -1.8417435387        1.7319746904       -0.6123398336
LA        -2.2860846643        0.8051081441        0.9446340288
LA        -0.4091669595        1.4219572740        1.8574477529
LA         0.0391312248        2.3570779923        0.2866083253
LA         0.9607164560       -0.0069761349       -2.1717427434
LA        -0.0099428656       -2.0317080319        1.2294531020
LA         0.4884552376       -0.5381129497        2.2608268117
LA         1.4591145065        1.4866188557       -1.1403688758
LA        -1.4883028676       -1.8119885172       -0.3756920287
LA        -1.0400045883       -0.8768676086       -1.9465317780
LA        -2.2586564462       -0.1298263629       -0.7218783091
LA         1.7071069790       -1.2851547967        1.0361729988
LA         2.2294679930       -0.1955438613       -0.7941830020
LA        -1.6779186347        1.6105240846        0.4798877237
LA         0.2076233903       -2.1967023289       -1.2484437498
LA        -1.8539222526        0.1254554022        1.7246601486
LA        -0.9876936807        1.9323515878       -1.3106097575
LA         2.1807948785        1.1285076718        0.6307326356
LA         1.9170619835        0.5783780828        1.5548542257
LA        -1.2809000741        1.0536726750       -1.9173649939
LA        -2.1471287225       -0.7532236688        1.1179051778
LA         1.4638648689        1.5679906354        1.3511937967
LA        -0.2707634576        1.4928688198       -2.0310706709
LA        -1.4007248993       -0.8641568951        1.9283207338
LA         0.9540270091       -2.3076358673       -0.4380280948
LA         1.2177599410       -1.7575062112       -1.3621498012
LA        -1.5431875806       -0.9086670072       -0.9813361634
LA         1.4988084696        0.4139588069       -1.3237584075
LA         0.7045847239       -1.2427400186        1.4592061730
LA        -0.6602051532        1.7374483074        0.8458885822
LA         1.8302896853        0.7660775056       -0.3503985101
LA         1.3020659393       -0.3357627094        1.5005005434
LA        -0.6697761646       -1.5427153093       -1.1095242803
LA        -1.2485811526        0.9319707510        1.2775327440
LA        -0.8196294680        1.8267359308       -0.2255164312
LA        -1.4068849453        0.0668527492       -1.4407705019
LA        -1.8358366868       -0.8279125464        0.0622788684
LA         0.8251763772       -1.7649011487        0.5136360947
LA         1.3534001507       -0.6630608836       -1.3372630451
LA        -0.3408841011       -1.0500981423        1.6854392891
LA         0.6162913674        0.9465073268       -1.6685090670
LA         0.3943691111        1.6463064789        1.0925943301
LA        -0.0394087291       -0.4392985236       -2.0469140258
LA        -0.7446760106       -1.9104399723        0.4243465836
LA         0.0394088570        0.4392988706        2.0469139054
LA         0.7446759876        1.9104400198       -0.4243461977
LA         1.9566034645       -0.7359545056        0.1202767611
LA        -1.9566036259        0.7359540868       -0.1202770568
LA        -0.7942682991       -0.0603575248        1.4741658232
LA        -0.1038611695        1.3797866268       -0.9450247399
LA         0.3416806672       -1.1007399734       -1.2162632421
LA         0.0799098440       -1.6467768002       -0.2990167727
LA        -0.3948862426        0.5076448359       -1.5472658391
LA        -1.0852934236       -0.9324994176        0.8719248964
LA         1.1092447695        1.1994896491        0.3721168674
LA         0.8474739828        0.6534528935        1.2893632158
LA         1.5590702945        0.2172395471        0.5742621219
LA        -1.5351191015        0.0497505226        0.6697794951
LA        -1.1064827115        0.9438580167       -0.8321648835
LA         1.0825313554       -1.2108483457       -0.4118769349
LA         1.2101929126       -0.1321239220       -0.3934734268
LA         0.9477502763       -0.6795621090        0.5261270830
LA         0.2472220758       -0.2501335546        1.2301055008
LA         0.7673639091        0.8348483167       -0.5924744825
LA        -0.2037579973        0.7346374386        1.0274413721
LA         0.0539412073        1.2721811385        0.1244618724
LA         0.4808653625       -0.0237281649       -1.1853482815
LA        -0.0392764992       -1.1087100914        0.6372317956
LA        -0.5243293220       -0.4607755936       -1.0721986045
LA        -0.7820285497       -0.9983193388       -0.1692190279
LA        -0.9330856317        0.8430329658        0.2355664047
LA        -1.2248576282       -0.0313471923       -0.3682202341
LA         0.2151355077       -0.5661676151       -0.2756425644
LA        -0.4884040403       -0.1348932038        0.4313619318
LA        -0.2295970875        0.4049611846       -0.4754991220
LA         0.5028656040        0.2960995792        0.3197797179
