          98
Energy of minimum      1=    -543.6653608     first found at step      901 after               164934 function calls
LA        -2.2957807343       -0.9895898286        0.7189014597
LA        -0.8947481906       -2.0618982499        1.3094723483
LA        -0.0277757551        1.2900393526       -2.2587039066
LA         2.2033127993       -0.4175690016       -1.3182432188
LA        -0.0800214758       -0.5480931316       -2.5416347710
LA         0.7500341859       -1.1833928661       -2.1917451642
LA         1.3291154595        1.1681697833        1.9067110935
LA        -0.0757930334        2.2434447054        1.3145063636
LA        -2.2433897800        0.8536282144        1.0026151758
LA         0.5625511022       -1.2939550287        2.1853907272
LA        -2.3900819044        1.0238995746       -0.0765094586
LA         2.4825496198        0.3832585451        0.6758513130
LA         1.2459146677       -1.7589834272        1.4561557095
LA        -0.3233914409        2.5308418315       -0.5069243542
LA        -0.7901104654        1.6194530821        1.8761165755
LA         0.6147979363        0.5441782155        2.4683212549
LA        -0.2113845498       -2.5269264127        0.5802372014
LA         2.2342665773        0.6714509804       -1.1506183862
LA         0.8332338435        1.7437594716       -1.7411893950
LA        -2.4424725863       -0.8193183664       -0.3602232225
LA        -1.1844011498        2.0771215327       -1.0244387337
LA         2.4515956185       -0.7057615446        0.5082265596
LA        -0.4589820080       -2.2395284560       -1.2411937988
LA        -1.2890376728       -1.6042287012       -1.5910833966
LA        -1.9408851260       -0.1541177593        1.3596712836
LA        -0.5234657176       -1.2389681983        1.9571496602
LA        -1.0129802934        1.2502179275       -1.7465159324
LA         2.0560289496       -1.0987098598       -0.4528503326
LA         0.9506937920        1.8622416584        1.1259349042
LA         2.1176189100        1.0681498920       -0.1193214503
LA         0.7001994585        2.1530002971       -0.7167998774
LA         0.5857525053       -1.8734910927       -1.3365690111
LA        -1.0658371839       -0.6094137922       -2.0327561357
LA         0.8362460352       -2.1642505515        0.5061660132
LA        -2.2327630440        0.1846771756       -0.7874994828
LA        -0.4706078742        0.6206644109        2.2433895809
LA        -1.7865547242       -1.6989521100       -0.5907646154
LA        -0.9526898765       -2.3371673117       -0.2392693469
LA         1.4353432578        0.8157519595       -1.9239433229
LA         1.8882669007       -0.8400877734        1.4683049294
LA        -1.6844208013        1.8943405039       -0.0376739617
LA         1.2017673599       -0.3729251967        2.2008864067
LA        -1.5370553579        1.7232878034        1.0464028525
LA        -0.8194598508        2.3501430946        0.4822153752
LA         1.9193630540        0.2539299772        1.6366990231
LA        -1.6391896406       -1.8700050565        0.4933123072
LA         1.4042474923       -0.2782654999       -2.0923375653
LA         0.5703825947        0.3599497096       -2.4438328685
LA         1.2148664875        1.6387482271        0.0934281620
LA        -1.3899372141        0.2661128346       -1.4722036709
LA         1.1212220417       -1.6558532889       -0.4136860733
LA        -0.9461514760       -0.2490078138        1.7924618895
LA        -1.5805582228       -0.7080836139       -1.0295956587
LA         0.0895680352       -1.9863482658       -0.3255948997
LA         0.1214221025       -0.3093351283        1.9872553147
LA        -1.2348280567        0.7286981828        1.4155613222
LA         1.4963943778       -1.2450026670        0.5199865951
LA        -1.5299821164        1.0712953250       -0.7557081937
LA         0.2024255228        1.9842102742        0.2855648362
LA         1.5586757945        0.9461768994        0.8572588914
LA         1.3189916948        1.2243879571       -0.9059519116
LA        -1.2854045422       -1.0506811297        1.1416739161
LA         1.2567105922       -0.9667912511       -1.2432243460
LA        -0.4134155904        0.3114733136       -1.9472250842
LA        -2.0744365153        0.0151889769        0.2843876763
LA         0.1554617794       -1.6915084837        1.2243465994
LA         2.0744363732       -0.0151893026       -0.2843875652
LA        -0.1554621364        1.6915082486       -1.2243466164
LA         0.2386180543        1.2340836772        1.6746619492
LA        -0.2386174308       -1.2340830844       -1.6746622803
LA        -0.7442206309       -1.3424688168       -0.6719993089
LA         0.8078402576       -0.7714484618        1.2489722586
LA        -1.3750739981        0.8992888016        0.3288182927
LA        -0.6628171193        1.5214805500       -0.2311717662
LA         1.5200973003       -0.1492568163        0.6889822824
LA        -0.5165481243        1.3517003607        0.8448399474
LA         0.8387050139        0.3144301520        1.4161136779
LA        -1.4256131201       -0.8787821315        0.0551322237
LA        -0.5979519436       -1.5122492357        0.4040124901
LA         1.2805896407        0.1287498767       -1.0729323549
LA         0.4529283563        0.7622170371       -1.4218126780
LA         0.4220639383       -0.3236614266       -1.5889542475
LA        -0.5160944249        0.7059982233       -0.9338404670
LA         1.1284787350       -0.5527088411       -0.2406109786
LA         1.1594225241        0.5359565461       -0.0730405922
LA         0.3446347553        1.1595707112       -0.4164943987
LA         0.2833065813       -0.9980833252       -0.7486066589
LA        -0.5464787882       -0.3629904439       -1.0983823298
LA         0.4886285852        0.9924312314        0.6427810250
LA         0.4273001869       -1.1652229548        0.3106688388
LA        -1.2172728675        0.0934840462       -0.3825605958
LA        -1.0706287219       -0.0767319784        0.6962127476
LA        -0.2558409674       -0.7003461510        1.0396665395
LA        -0.2254563593        0.3686427407        1.2042083216
LA         0.4529269630       -0.0867159569        0.4797346948
LA        -0.3653632030        0.5395788484        0.1348045424
LA        -0.3958782978       -0.5340050272       -0.0304445885
LA         0.3083142908        0.0811420718       -0.5840941787
