          98
Energy of minimum      1=    -543.6653608     first found at step     1019 after               278459 function calls
LA        -0.2708099861        1.1340976318       -2.3253389578
LA        -0.7367644604        2.3043182561       -0.9560397922
LA         1.9877329079        1.5643737369        0.6069340725
LA         1.3272652465        0.1760744995       -2.2302647586
LA         0.3940669234        2.5197537078        0.5121220041
LA        -1.1931095162       -0.6982468710        2.2035556652
LA         2.4549767518        0.3909150639       -0.7661534520
LA        -2.0447608303       -1.6063976091       -0.0718104671
LA        -2.3208205196       -0.9130886815        0.7394444710
LA         2.5663444343       -0.4237520393       -0.0320311608
LA        -0.4510946966       -2.5617769429        0.0230013592
LA        -0.2507739756        0.8960517831        2.4291805161
LA        -0.2489262268       -1.2642709700        2.2597280937
LA         1.6266081618       -2.0136519499       -0.2570335200
LA        -0.4387486423        2.2711108452        1.1900716916
LA         2.0991004604        0.7497067096        1.3410564304
LA        -0.8275659522        0.1921457386       -2.4586439836
LA         0.2170288085       -2.4344920541        0.8904287674
LA         0.7705092769       -0.7658773237       -2.3635698454
LA        -2.2332564386       -0.2275345215       -1.3143468984
LA         0.6934092327        0.3300275721        2.4853530584
LA        -2.5093159697        0.4657743466       -0.5030919598
LA         0.9584845816       -2.1409365573       -1.1244609080
LA        -1.5695799144        2.0556750906       -0.2780900824
LA         0.7764364910        1.1011015996       -1.9555599291
LA        -1.1618754984        0.3991341406        2.0322964954
LA         0.3050319937        2.2850096378       -0.5702449053
LA        -1.7534914228       -1.1977204940       -1.0631204568
LA         1.9173381462        1.3184551363       -0.4743239342
LA         2.1389302300       -0.3025153590        0.9863838909
LA        -2.3027764840        0.1817795895        0.5510609090
LA         0.7167978062       -0.7271031502        2.1440646768
LA         1.1882026939       -1.9110113951        0.7587497793
LA        -0.1411854498       -2.1642741998       -0.9671996990
LA        -0.3313595209       -0.7731317279       -2.2208014843
LA        -1.3520489491        1.7902762793        0.7786946208
LA        -1.9374650156        1.2877562129       -1.0075379715
LA         1.4552563567       -1.2763683168       -1.6371720341
LA         1.2155695875        1.1391192131        1.9110251914
LA        -1.6601386254        0.5912656917       -1.8225158157
LA        -0.6214825759       -1.9689133529        1.4711764332
LA         0.2670534273        1.7077410829        1.8545948636
LA         2.1264461928       -1.1484996255       -0.7657639143
LA         2.0145673507       -0.3300937497       -1.5032551745
LA         1.1036910054        1.9575249722        1.1735339003
LA        -1.5699987896       -1.4002917829        1.4147462315
LA        -1.2926722142       -2.0967824605        0.5997683828
LA        -1.1008277035        1.5375405399       -1.6885990876
LA         0.9667342515        1.5166250560       -0.9671604118
LA         1.3036540927       -0.9479795593        1.2537724632
LA        -1.5527742371        0.7644077740        1.0838346500
LA        -0.7176139105       -1.3330529622       -1.3704468981
LA        -1.7368116578        1.0203873999        0.0436897196
LA         0.3613647934       -1.2994376769       -1.4968270150
LA         1.0305331532        1.7286474705        0.0969229282
LA         1.2546122135        0.0894838699        1.5740249898
LA        -1.1813617786       -0.3745955087       -1.5886083148
LA        -0.6451462523        1.2283617006        1.4610022668
LA         1.4815941814        0.5958311447       -1.2286084141
LA         1.7056734196       -1.0433325619        0.2484935980
LA        -0.0611325353        1.5206735637       -1.3203898129
LA         0.3449138370       -1.4495969681        1.3562142584
LA        -0.9993945132       -1.7057024515       -0.3891061747
LA        -1.5548445734       -0.3107195325        1.2431916843
LA         0.2212174418        0.1630115485       -2.0757851208
LA         2.0160950522        0.5049545244        0.2545101511
LA        -0.2212178600       -0.1630110924        2.0757849650
LA        -2.0160947701       -0.5049551742       -0.2545098990
LA        -0.5204008880        2.0255473915        0.1036061660
LA         0.5204010209       -2.0255472019       -0.1036062598
LA        -1.4518768515        0.3241955895       -0.7711165725
LA         0.3051823341        0.6589345722        1.5100791248
LA         0.9201286086       -0.3520408137       -1.3553969945
LA         1.0311751675       -1.1643580394       -0.6233924558
LA         1.1355955179        0.9068602349        0.8340849854
LA        -0.8967270729        1.2634305034       -0.6381962030
LA         0.1941359849        1.4712517243        0.7780745845
LA         1.5863250603       -0.2251233909       -0.4904719463
LA        -0.6214639299        0.5721216112       -1.4471108911
LA        -0.6038472179       -0.8790149525        1.2924286183
LA        -0.3285839067       -1.5703239798        0.4835139351
LA        -1.2700434995       -1.0059327545        0.4275036207
LA        -0.5939286880        0.1930273450        1.1166172934
LA        -0.9737932800       -0.6249995456       -0.5458454055
LA        -1.2497629767        0.0680836709        0.2651453922
LA         0.3499471657       -0.3728125315        1.1727714035
LA         0.6209289773       -1.0533689309        0.3764385701
LA        -0.0469771562       -1.1806122673       -0.4907063418
LA         1.1674440014       -0.1287430260        0.5072915786
LA         0.4002780444        0.5607154348       -1.0780636496
LA        -0.1562965584       -0.3809297679       -1.2113252602
LA         0.1292963371        1.2412718022       -0.2817307512
LA        -0.7032479188        0.9927097213        0.3959983082
LA         1.0561125292        0.6856588450       -0.2265916164
LA         0.5059894457       -0.2490910027       -0.3531801231
LA         0.2338428487        0.4343908148        0.4465758483
LA        -0.4248107131        0.3089101884       -0.4085562389
LA        -0.3150214230       -0.4942097524        0.3151603554
