          98
Energy of minimum      1=    -543.6653608     first found at step     4716 after               653877 function calls
LA        -1.0463369170       -0.8437504218        2.2271014601
LA        -1.8941908216       -0.3223141471        1.7535311479
LA         2.4079003828       -0.3543017711        0.9182603008
LA        -1.3060600627        1.9298115830       -1.1561793299
LA        -0.2842251028        2.0746003377       -1.5433618658
LA         1.7200449919        1.7002058245        0.9578419328
LA         1.4976257965       -1.1574289736       -1.7844302336
LA         1.5426263164       -1.9831397882        0.6739262582
LA         1.5460637996        1.0339807109        1.8185947403
LA         1.2039673686       -2.2819357666       -0.3315845045
LA         0.2889713684        2.5803265702        0.1585130152
LA        -2.4658058032       -0.8266445781        0.0563515334
LA        -1.0265227851        1.3110304654        1.9985409362
LA        -0.1786690469        0.7895940702        2.4721112575
LA         0.5752335476        0.6901481291       -2.4412122204
LA         2.5818814870        0.3119235715        0.0575076023
LA        -2.1713344714        0.3009734519       -1.4005131687
LA        -0.5255368644       -2.5269980011        0.3237398970
LA        -0.1868779179       -2.2282021485        1.3292506670
LA        -1.6621398499       -0.5192589563       -1.9324535426
LA        -0.7328635668        2.4355375531        0.5456955242
LA         0.0625931015       -0.2748729366       -2.5859702794
LA         2.0102661370       -0.1924078025       -1.6396721580
LA        -1.9566110058       -1.6468768641       -0.4755888097
LA         0.4131279971       -1.1681685778       -2.0258824052
LA        -2.3449396034        0.2166309725       -0.3063021614
LA        -1.3317777396       -1.4154129098       -1.3647219974
LA         1.6652705186       -0.0634140607        1.6918465739
LA        -0.0796354781       -0.3106589423        2.3530067985
LA        -1.7666387331        0.7268603526        1.4107281213
LA         2.0114466848        1.2621965614       -0.0208220801
LA         0.5636346073        2.1526116414       -0.8295003277
LA         1.4331458222        0.7519665631       -1.7378523772
LA         0.1160347279       -2.3058280591       -0.5560439975
LA         0.7898759430       -1.7113037012        1.4446546123
LA        -1.4695446921        1.8645203551       -0.0591104069
LA         2.3913949471       -0.5412491480       -0.6445924894
LA        -1.4952094175       -1.9884399681        0.4875188334
LA        -0.3152511792        2.0197075187        1.4995393029
LA        -1.4326789017        1.0338110081       -1.8182095148
LA        -1.1549963612       -1.6882728544        1.4976440643
LA        -0.9211475411        0.2098143858       -2.3525909816
LA         0.5364934339        1.4958782696        1.9752828813
LA        -0.4061544568        1.1792641198       -2.2071688285
LA         1.8764020498       -1.5106989930       -0.7900149232
LA         2.2166152971       -1.2105318589        0.2201103055
LA        -2.0067411185       -1.1644435943        1.0219003467
LA         0.7112730604        2.1651609142        1.1105799718
LA        -0.2587414871       -1.5762135173       -1.2722927644
LA         1.2921441362        1.3432556379       -0.8343576950
LA        -1.7992032613        0.9052271503        0.3369815040
LA         0.7658005633       -0.6722691113        1.7696690394
LA        -0.8699573510       -1.7737889873       -0.3955510812
LA        -1.0568738260        1.4533460683        0.9112720098
LA         0.4457808581        1.2564602986       -1.5106955522
LA         1.4810506492       -0.9360174084        0.9949746112
LA        -0.5856850379       -0.6852254207       -1.8019581008
LA        -0.1885532178       -1.1725921841        1.6276023647
LA         1.8311121400        0.4044713745       -0.7369162418
LA        -1.6102180667        0.9651357540       -0.7316591785
LA         0.6490634470        0.4041822306        1.8641264838
LA        -1.8944906560       -0.1234280608        0.6747479960
LA         0.9991248859        1.7446709764        0.1322356591
LA         0.7996463246       -1.5372144739       -1.0281787728
LA         1.8274459830        0.5958332275        0.8305526299
LA        -0.9176573438        0.2068653636        1.8706965562
LA        -1.8274460434       -0.5958329331       -0.8305524181
LA         0.9176570690       -0.2068657202       -1.8706964914
LA        -0.4502662322        1.9966428721       -0.4416679446
LA         0.4502665771       -1.9966428510        0.4416678588
LA         1.6493010036       -0.2673913980        0.1264060725
LA        -0.5302368444       -1.4660296018        0.6142282983
LA        -1.3756449558       -0.9460973862        0.1420241071
LA        -0.0726941336        0.2860371547       -1.6494145846
LA        -0.2009619338        0.9274516143        1.3809844980
LA        -1.0379628522       -0.6481635100        1.1446343387
LA        -1.0915815346        0.1416660549       -1.2633490495
LA        -0.5804199437        1.1039034435       -1.1190087261
LA         0.8179254134        1.0718229716        0.9949189662
LA         1.3116188199       -0.5653255052       -0.8762041583
LA        -0.0274826273        1.5917550445        0.5227147033
LA         1.1381395841       -1.2296288753       -0.0179344160
LA         0.2624511660        1.1734221469       -0.4370865884
LA         0.9207852874       -0.0044312031        0.8882454326
LA        -0.9298321365        0.3747094715        0.7948900528
LA         0.0790255751       -1.2504006481       -0.2590332746
LA        -0.7590510773        1.0286804185       -0.0500302701
LA         0.2498065251       -0.5964298200       -1.1039535138
LA         0.4175744083       -0.9517020021        0.7461500382
LA         1.0947098001        0.6615770378        0.0277730675
LA        -0.7532330638       -0.7385554652       -0.7238928660
LA        -1.2622620487        0.0814096969       -0.1921255766
LA        -0.0822544257       -0.1465570404        1.2683061296
LA         0.7622799191        0.3682771225       -0.9592426335
LA        -0.4210600851       -0.4377153775        0.2718851149
LA        -0.2495449807        0.2190666472       -0.5766671161
LA         0.5862912124       -0.2949786843       -0.1098092791
LA         0.0843138703        0.5136273002        0.4145912798
          98
Energy of minimum      2=    -543.5467256     first found at step     1991 after               279905 function calls
LA        -0.7617111255        2.1210524552       -1.5117561966
LA         1.1927820107        2.4007134770       -0.4222780290
LA         1.2127387652       -2.0321087893       -1.6539883718
LA         1.2376894813       -1.6934807022        1.6669055069
LA        -1.6537691121       -2.1072096896        0.0551396695
LA        -2.5893120034        0.6070557815        0.7198688097
LA         0.5675215076        1.0587568315        2.4795596756
LA         2.5669131745       -0.5399085157       -0.6971683496
LA        -0.5897136893       -0.9915786888       -2.4567448191
LA         1.4689343595        0.4622812358        2.1757774415
LA        -2.6595524494       -0.1284496234       -0.1255368848
LA        -1.5534746104       -1.0129050625       -1.8819392466
LA         2.5743136682       -0.4222730140        0.4189851807
LA        -1.3523256751        1.1122426393        2.1405265526
LA        -0.7533319325        2.3173401060        0.7566116533
LA         1.0490875306        0.8757841203       -2.1068413016
LA        -0.3436829836        1.6086364953        2.1110200876
LA        -1.9410796080        1.3800702608        1.2205946063
LA         0.4261845152       -0.5130831266       -2.5397040076
LA         2.0231271105       -0.2845821013       -1.6495313190
LA         1.3311951141       -1.0289890354       -2.1239891545
LA        -2.0157391026        0.3479644156        1.6435701071
LA        -0.4385290214        0.5736423113        2.5227432142
LA        -0.5490023842       -0.5076287436        2.2714139007
LA        -1.5173075762       -0.6461803313        1.7316581359
LA         2.0373885016        0.0189561933        1.3077775536
LA        -2.1229151144       -0.5763277433       -1.0112718927
LA         0.2171292496        2.2765189847       -0.9738900600
LA         1.8911550882       -1.2872007983       -1.1770137935
LA         0.3123031420       -1.5131132680       -2.0571022256
LA         0.2225613840        2.3821623903        0.1668929019
LA        -0.7636903274        2.2410434841       -0.3828659437
LA         0.1448307536        1.5144409321       -1.8262569818
LA         1.1311179953        1.6555652762       -1.2764786529
LA        -2.1579585298       -1.1190535721       -0.0361753732
LA         1.3550448301       -0.6163898323        1.9220540000
LA        -1.6053400677       -1.5608520570       -0.9136661667
LA         1.9072587980       -1.0582458214        1.0443375828
LA        -1.4374479513        1.4716956001       -0.8815101397
LA         1.1440581354        1.8410734628        0.5574790699
LA         1.7001194661        1.3962615962       -0.3261039475
LA        -0.8812156812        1.0269075924       -1.7649976703
LA        -1.5885206554       -1.3788219196        0.8948477660
LA         0.3450856082       -1.1021487179        1.9726845523
LA         0.2556824693       -2.0650245654       -1.0869386006
LA         1.2257582693       -1.9262196933       -0.5461960395
LA         1.2344223078       -1.8132808356        0.5600540853
LA        -0.6994096670       -2.0899862189       -0.5179084435
LA        -0.6901871836       -1.9755113903        0.5951132076
LA         0.2730481019       -1.8376852704        1.1320427915
LA        -2.0735216045        0.8015499784       -0.2374799441
LA         1.0683313953        1.2511062416        1.5138598932
LA        -0.9776008977       -0.0747957142       -1.9781727831
LA         2.1639122293        0.3747123500       -0.2270224118
LA        -2.0985848596       -0.3909822109        0.8079503794
LA         0.4617611330       -0.0246308024        2.2351463722
LA         1.9090607672       -1.1825128423       -0.0652683979
LA        -0.6502602762       -1.5487174121       -1.4918930815
LA         0.1669567608        1.7997915992        1.1438287208
LA        -1.4287213186        1.5714719272        0.2543615107
LA         0.0284741444        0.4060761344       -2.0603827237
LA         1.6239225108        0.6343634914       -1.1710436498
LA        -0.6241422989       -1.2506847029        1.4407343097
LA         0.2679653073       -1.9639704745        0.0234161986
LA         1.6368335580        0.8170751032        0.6543076553
LA        -1.5459817172        0.3616574418       -1.1198653718
LA         0.0482949794        0.6193582221       -0.2456248329
LA        -0.8449796897        1.2958604528        1.1832299738
LA         0.9343634555       -0.1269696873       -1.6436278329
LA        -0.9285907484        0.2695502580        1.5966723875
LA         0.6113217676        1.4940554729       -0.3317724723
LA        -0.3504671296        1.3564366141       -0.8678950314
LA         0.8117905631       -1.1205094969       -1.1687007111
LA        -0.3417108320        1.4590266587        0.2384977560
LA         0.5377352454        0.7558215066       -1.1586961091
LA        -1.5010207237        0.5310242192        0.6872033624
LA         0.0644541897        0.7550228357        1.5598346877
LA        -1.0687822023       -1.1711883363       -0.0479167005
LA         0.8288724644       -0.8996594482        1.0098796695
LA         1.4866709623       -0.3825391970       -0.7001735799
LA        -0.0783027712       -0.6064656943       -1.5725257635
LA        -1.5719363894       -0.1939261347       -0.1411555354
LA         0.9496612081        0.1668806280        1.2644409476
LA        -1.0256937653       -0.6306844291       -1.0085401361
LA         1.4955307365       -0.2699308828        0.3968483656
LA        -0.9950524043        0.7137621697       -0.2475447278
LA         0.5537976705        0.9353816123        0.6158192711
LA         1.0899142441        0.5065498172       -0.2360706751
LA        -0.4587763077        0.2849531328       -1.0993459070
LA        -0.4341521123        0.4510744617        0.6630683209
LA        -0.0496235326       -0.3206284841        1.3149099660
LA        -1.0073498763       -0.4576662541        0.7810512764
LA         0.4263969309       -0.2367854847       -0.7041620622
LA        -0.1300295143       -1.1589246290       -0.6125271054
LA         0.8274459554       -1.0219227505       -0.0788083177
LA        -0.1211168974       -1.0473462526        0.4861264546
LA        -0.5047510997       -0.2637885355       -0.1494317214
LA         0.4354459040       -0.1292589871        0.3746556653
          98
Energy of minimum      3=    -543.1896663     first found at step     2155 after               301649 function calls
LA        -0.4610979458       -2.1084356407       -1.5843693609
LA        -1.6271278239       -2.1180024789        0.2370581854
LA         1.2982353997       -2.1098714979        1.1501535455
LA         0.6830406374       -0.4805220713        2.5845165550
LA        -2.8051197097       -0.7347064387       -0.4057158935
LA         1.9164759729        1.7824771753       -1.2247086294
LA        -0.3990426372       -0.1542570672       -2.6484858903
LA        -1.3145487416        2.2501395403       -0.5270105242
LA         1.2819101124        2.2207047095        0.8677369410
LA        -2.2764359548        0.3258015466        1.4848125732
LA         2.2809202262       -0.4074587575       -1.4460819718
LA         1.5035137592       -1.0584178883       -1.9247948947
LA        -1.7727087282        1.3272153814        1.4462619283
LA         0.1957434418        2.3743120496        1.1052705001
LA        -0.9087975328       -1.7731419333        1.6002410993
LA         2.2997660889       -0.0682397092        1.0363693436
LA        -2.1293974164       -0.7860285172        1.3992832890
LA         2.5892998339        0.1268513694       -0.5046696589
LA         2.0837098126        1.4562411689        0.6660257239
LA        -2.3832656391       -1.3170733017        0.4452027185
LA         2.3938785343        1.2251023906       -0.3864625838
LA        -2.0452057991       -1.5249668383       -0.6166019908
LA         0.5248687970       -1.5946302280       -1.7688510804
LA        -0.7949469287        1.8657489841        1.2848453984
LA        -0.2441022918       -2.1825166983       -0.5043136924
LA         0.9982526143       -1.3035837491        1.8804098848
LA        -2.5428679279       -0.2044966185        0.5398632565
LA         1.6008121477        2.0029382427       -0.1789153347
LA         2.1007712740        0.6886540781       -1.3363974495
LA         0.1996147477       -1.9597301596        1.3905654056
LA        -0.4300583468       -1.1316863020       -2.1178385762
LA        -0.1118756561       -1.1377728433        2.1129598682
LA         1.8156754724       -1.1004441113        1.1047254644
LA         1.5053066972       -0.2783856494        1.8287462194
LA         0.5522763785       -0.6068666161       -2.2879850568
LA        -1.5439871371        1.7903236549        0.4599598227
LA        -0.5604775561        2.3136845190        0.2896647318
LA         0.5333067650       -2.1690233079        0.3199378610
LA        -2.0082485627       -0.5448693883       -1.1595998980
LA         1.5244352912       -1.6423079449        0.1473479498
LA         0.7112013637        0.5087748445        2.0416316863
LA        -0.2787715604       -0.0175579409        2.2135795779
LA        -1.2063410704       -0.3516071254       -1.9065423812
LA        -2.3151286689        0.2635911214       -0.4485630510
LA         1.1469849222        1.1397159315       -1.7069089291
LA         0.8395359568        1.9461198574       -0.9950894919
LA         0.3758398747        0.4945412632       -2.1814279856
LA        -1.8187495738        1.2580095734       -0.4884784240
LA        -0.2367044105        2.1019860430       -0.7623977720
LA        -0.7076133118        0.6503083900       -1.9459193796
LA        -1.0123425515        1.4511425138       -1.2392106243
LA         1.7176174880       -1.1434587282       -0.8438692804
LA        -1.2238075764        0.4357949218        1.8001148295
LA         0.7267505379        1.4731941352        1.4614234421
LA        -1.2451817369       -1.3358405409       -1.3779715771
LA        -0.5670799175       -1.9971351104        0.5543306471
LA        -2.0555906667        0.7989147923        0.4992166398
LA         1.3322161867        0.0434235837       -1.8246213644
LA         0.5213367013        2.1718774593        0.0528356931
LA        -1.0727089250       -0.6681566433        1.7189593387
LA         2.0244369705       -0.6180431569        0.0947240329
LA         1.5210855414        0.7105922569        1.2658560345
LA        -1.5205506017        0.4575642349       -1.2061843056
LA         0.0671499496        1.3054847595       -1.4812704537
LA         0.7475689100       -1.6812010248       -0.6876763596
LA        -0.2544248931        0.9706461457        1.6467244945
LA         0.2610334504       -0.3721567231        0.5044929698
LA        -1.3372792465       -1.1937881240        0.7539031351
LA         1.8293334003        0.4917725988        0.2012615270
LA        -1.0030705750       -1.4007059025       -0.3054807387
LA         0.7704032695       -1.2263097717        0.8207060932
LA         0.4679774405       -0.4242282782        1.5265877640
LA        -1.7500699492       -0.6104670647       -0.0935598339
LA         1.3461517530        1.0415252050       -0.6303832887
LA        -0.2008344887       -1.1981523042       -1.0435946129
LA        -0.3040643931       -1.0617705247        1.0487937015
LA         1.2607145971       -0.2301379393        0.7734622111
LA        -0.1719597154       -0.2278829623       -1.5656399264
LA        -0.7733449548        1.3493318630       -0.1731741027
LA        -1.4932447392       -0.0875907221        0.8455461625
LA         1.0381599355        1.2614244341        0.4066375842
LA         1.5331616143       -0.0415687717       -0.7408233031
LA         0.7696145333       -0.6812291829       -1.2119768329
LA        -1.0012281526        0.8985341349        0.8068858703
LA        -0.0290261679        1.4157218140        0.6381969174
LA         0.0223677898       -1.2661963642        0.0117883983
LA         0.9782803219       -0.7578936852       -0.1544713692
LA        -0.4647339539        0.0243276099        1.1475517850
LA         0.4899287728        0.5322732964        0.9819858990
LA        -0.9704093453       -0.4227774577       -0.8394878936
LA        -0.7318084664       -0.4948805680        0.2108737741
LA         0.7998065181        0.3246478915       -0.0530881217
LA        -1.2736133199        0.3745641239       -0.1370898792
LA         0.5909489980        0.4119993310       -1.1102292994
LA         0.2873416169        1.2078074252       -0.4075189720
LA         0.0486080737       -0.3026425514       -0.5177188599
LA        -0.4784571858        0.5667311036       -0.8790910176
LA        -0.2499180377        0.4782774564        0.1722334434
          98
Energy of minimum      4=    -543.1654807     first found at step     2022 after               282805 function calls
LA        -2.5269871670        0.7683288398        0.7989680206
LA        -0.8254812593        1.9661873616       -1.7056644744
LA         1.2065277388        2.2961943669       -0.7849275627
LA        -1.2661963619        0.4056871409        2.6017641545
LA         1.0280568128       -2.2416944974       -1.5247003250
LA        -1.7169788543       -2.0353023047        0.3665276350
LA         1.2908128593       -1.5516387534        1.7291995536
LA        -0.7951495031       -1.2348785944       -2.3185312540
LA         0.7545887905        1.2925285212        2.2812216289
LA        -1.7162141490       -1.1638193360       -1.6840579016
LA         2.4825583271       -0.7013069551       -0.8281203942
LA         2.5702443164       -0.4658688019        0.2651273702
LA         1.6144457714        0.6371836398        1.9831667141
LA        -0.6552368283        2.4029180874        0.5218999398
LA         0.9094587288        0.6058684718       -2.2799985519
LA        -1.8241448475        1.5661185120        1.1684408437
LA        -0.1642086995        1.8307473101        1.9169448641
LA         1.8816498377       -0.5309253815       -1.7643594198
LA         0.2235024886       -0.8004370933       -2.5179567550
LA        -2.2146060520       -0.6171299485       -0.8349973969
LA        -1.1792804213        1.3792090508        2.0662831869
LA         1.1401663627       -1.2987060009       -2.1078363587
LA        -2.2035067695       -1.0453952388        0.2006950930
LA         2.1084815047        0.0853391826        1.1334218732
LA        -2.0839175195        0.8256404098       -0.2106091018
LA         0.1919248897        2.1459048085       -1.2537535065
LA        -1.8976646757        0.5877642619        1.7022694839
LA         0.1168819726       -1.7394743587       -1.9228275088
LA        -0.2563307803        0.8499714351        2.4435086556
LA         1.7563736305       -1.4727053750       -1.1777934141
LA        -0.7468741611        2.2057094281       -0.5989220608
LA        -1.7185313957       -1.6008725879       -0.6583664951
LA         1.0676854034        1.4667715394       -1.5467670966
LA         0.2790392316        2.3724532864       -0.1346118962
LA         0.0429448200        1.3005808156       -2.0114680056
LA         1.9317561794       -1.0088921086        0.9984748593
LA         1.4542037193       -0.4578477491        1.8569837864
LA        -1.4728905286        1.4095682662       -0.9648040447
LA        -0.9874034731        0.8562989049       -1.8326423749
LA        -1.5737237746       -1.2247650595        1.1164042818
LA         1.2122200918        1.8463154485        0.2505029220
LA         1.6935600844        1.2912686920       -0.6136803290
LA        -1.4226164915       -0.4114525849        1.8615204886
LA        -0.4134896195       -0.2499849870        2.3182982626
LA         1.1196334793       -2.0184706415       -0.4386746105
LA         0.1114598456       -2.1811607985       -0.8956413385
LA        -0.8029539399       -2.1125530853       -0.2656990604
LA         0.4384128636       -0.9016485117        2.0275393805
LA         1.2074104230       -1.7885101009        0.6452030528
LA        -0.7147550255       -1.8796892530        0.8244991287
LA         0.2871098673       -1.7185695122        1.2782774546
LA        -1.1255073257       -0.2594441492       -1.9186508097
LA         2.1367987879        0.2711383578       -0.4348304494
LA         1.1887303848        1.3645177402        1.2681343276
LA        -2.0621617750       -0.2333244956        0.9602129342
LA        -0.8048276866       -1.6821616933       -1.2951992715
LA         1.8533673591       -1.2506884313       -0.0881757081
LA         0.6015767371        0.1934248427        2.1630714877
LA        -1.3834986257        1.6290770032        0.1504227696
LA        -0.1165018795        0.1776051810       -2.1170836781
LA         1.5403216473        0.4466054834       -1.3635568508
LA         0.2781494854        1.9004447576        0.9007825502
LA        -1.6205520859        0.2869428472       -1.0796577296
LA        -0.5700789278       -1.0718843077        1.5805499465
LA         0.2022519881       -1.9623024442        0.1934768837
LA         1.6840558992        0.8223946084        0.4255259076
LA         0.0314702971        0.5825239547       -0.3405103741
LA        -0.7380674481        1.4381124561        1.0640021519
LA         0.8004197244       -0.3376265104       -1.7036120902
LA        -1.6098386477       -0.1588683419       -0.0406282782
LA        -0.3905197729        1.2614628141       -1.0113642669
LA         0.6097189788        1.4239309616       -0.5581293868
LA        -1.4462652976        0.6493924408        0.7005336550
LA        -0.8188287314        0.4657635500        1.5897365993
LA         0.6847335579       -1.2703731976       -1.1164817331
LA        -0.3025189897        1.4813443860        0.0741261469
LA        -1.1171908379       -1.1362762879        0.1239586545
LA         0.4611341475        0.6047117204       -1.2930163205
LA        -0.2163398941       -0.7736252174       -1.5157298605
LA         0.8579398667       -0.8189164649        1.0182548427
LA         0.1794693358        0.9099112837        1.4354329336
LA         1.4089201556       -0.5093197863       -0.7769713124
LA        -1.1231869524       -0.7051133642       -0.8917221181
LA         1.4966003972       -0.2807247431        0.2978856312
LA         1.0244416926        0.2639814739        1.1464152100
LA        -1.0076454521        0.7094372262       -0.2832268001
LA        -0.5395209302        0.1758329603       -1.1188885352
LA         0.6044496677        0.9719935108        0.4459529715
LA         1.0682984312        0.4368587058       -0.3873692875
LA        -0.3882248992        0.5290965018        0.6116764615
LA        -0.9776165634       -0.3408046702        0.8653825195
LA         0.3545209907       -0.3298374719       -0.7265286220
LA         0.0191970541       -0.1814195153        1.3166210065
LA         0.7779179688       -1.0566250772       -0.0476146450
LA        -0.2179606110       -1.2166444397       -0.4984771033
LA        -0.1307195965       -0.9885879693        0.5775706341
LA        -0.5399673665       -0.2645975645       -0.1123440123
LA         0.4410879993       -0.1081967863        0.3303116208
          98
Energy of minimum      5=    -542.8137097     first found at step     2872 after               411320 function calls
LA        -1.3107303303       -2.2112540383       -1.0113019753
LA        -2.8232984478       -0.6753829532       -0.4015403674
LA         1.3100417482       -2.2113041095        0.9303601344
LA         0.7327842634       -0.7224516111        2.5235973731
LA         1.8960678987        1.8822310828       -1.0845388092
LA        -0.4617644257        0.0954076947       -2.6298823262
LA        -1.3143788551        2.2966571451       -0.2730428704
LA        -0.8805001993       -1.9129510064        1.4624216441
LA        -0.5153104336       -1.9491456956       -1.7549639005
LA        -2.2454936603        0.1962627718        1.5702825675
LA         2.2426881027       -0.2775490542       -1.5192797375
LA         1.3110093520        2.1246504936        1.0541863371
LA        -1.7348007738        1.1938248961        1.6153883568
LA         0.2314712804        2.2607168097        1.3290799627
LA         1.4494373365       -0.8812190647       -2.0351173504
LA        -2.3882037845       -1.3392201157        0.3799367186
LA         2.3179633544       -0.1712859666        0.9864101761
LA        -2.1078473901       -0.9031535397        1.3753052295
LA         2.1035576427        1.3797321367        0.7634106288
LA         2.5747388715        0.1642900928       -0.5383367046
LA         2.3886111997        1.2470598776       -0.3131353855
LA        -2.0702505051       -1.4473554179       -0.6983340541
LA        -0.7578202367        1.7412634639        1.4828098855
LA         0.4694616645       -1.4250105955       -1.9078793599
LA         1.0285848008       -1.4769901488        1.7389109963
LA        -2.5376351642       -0.2393505248        0.5855277467
LA         0.2162734851       -2.0820731965        1.2039055140
LA         2.0711327396        0.8032983023       -1.3024930688
LA         1.6052902688        2.0048925130       -0.0155017186
LA        -0.0744811454       -1.3296109263        2.0085888266
LA         1.8306785034       -1.2036666999        0.9687542891
LA         1.5393698102       -0.4526877982        1.7725684787
LA        -0.4888607820       -0.9271178910       -2.1919584154
LA         0.4936318960       -0.3937267533       -2.3342552196
LA        -1.5249573082        1.7468906820        0.6717275527
LA        -0.5425685879        2.2798817848        0.5288156330
LA         0.5282207910       -2.1900823291        0.1151064343
LA        -0.2517736463       -2.1235602693       -0.6950994930
LA        -0.2347932169       -0.2243920726        2.2191221063
LA         1.5171880291       -1.6521197009       -0.0285819272
LA         0.7542931737        0.3130654658        2.0752961835
LA        -2.0407426310       -0.4223174217       -1.1498941367
LA        -2.3271491571        0.3190636861       -0.3595901130
LA         0.8260065295        2.0279989442       -0.8162094485
LA         1.1121661616        1.2896303374       -1.6069456751
LA        -1.2539829896       -0.1645038016       -1.8919726935
LA        -1.8240548186        1.3083505951       -0.3162672488
LA        -0.2433279695        2.1661561361       -0.5456502482
LA         0.3269251200        0.6940459210       -2.1216297183
LA        -0.7490018689        0.8329343743       -1.8485840692
LA        -1.0329684312        1.5659906733       -1.0635131698
LA        -1.1855150172        0.2692552772        1.8710148289
LA         1.6915158836       -1.0628586357       -0.9725366100
LA         0.7632939633        1.3276997577        1.5878181004
LA        -0.5747157454       -2.0422591576        0.3801267407
LA        -1.2877394541       -1.1907536165       -1.4571897889
LA        -2.0421133161        0.7589348192        0.6291676010
LA         1.2876483082        0.2080271620       -1.8306445131
LA         0.5325727237        2.1559013823        0.2553639926
LA        -1.0430220814       -0.8234445006        1.6797654443
LA         2.0199861666       -0.6297536050        0.0040378134
LA         1.5488144174        0.5846221933        1.3042355231
LA        -1.5467070823        0.5764514881       -1.1119710184
LA         0.0394482515        1.4385054523       -1.3423879069
LA         0.7248293710       -1.6084395943       -0.8471748100
LA        -0.2164726978        0.8132374254        1.7472113549
LA        -1.3355725807       -1.2650056466        0.6738529387
LA         0.2660693575       -0.4184072941        0.4729957832
LA         1.8327101692        0.4645248373        0.2164227633
LA        -1.0226502069       -1.3612406066       -0.3924524597
LA        -1.7605800610       -0.5854282393       -0.0999742059
LA         0.7790200859       -1.2992055884        0.6965644266
LA         0.4949698071       -0.5667176985        1.4803950755
LA         1.3345739428        1.0911487172       -0.5491574528
LA        -0.2922759026       -1.1559707621        0.9593210376
LA         1.2724783040       -0.3048323936        0.7321664769
LA        -1.4792144247       -0.1603945471        0.8780699661
LA        -0.2120898146       -0.0807914752       -1.5636741141
LA        -0.7714795068        1.3639897702       -0.0172872146
LA         1.0510417016        1.2141462585        0.5108336907
LA         1.5128831664        0.0230692950       -0.7647451705
LA        -0.2386463107       -1.0970022853       -1.1332440009
LA        -0.9809536338        0.8234793600        0.9212896003
LA         0.7340564338       -0.5681100897       -1.2749053258
LA        -0.0097254270        1.3506379731        0.7797360493
LA         0.0132492382       -1.2617823069       -0.0959548487
LA        -0.4428493443       -0.0812809681        1.1664089028
LA         0.9679496042       -0.7419834062       -0.2342088656
LA         0.5107322399        0.4367289640        1.0276644788
LA        -0.7347101407       -0.5087958598        0.1934995150
LA         0.7966404110        0.3255711957       -0.0290955888
LA        -0.9953594319       -0.3378662037       -0.8407235337
LA        -1.2772518251        0.3933260000       -0.0612670794
LA         0.5648547523        0.5114551939       -1.0681445582
LA         0.2823493806        1.2401988032       -0.2877560079
LA         0.0309665842       -0.2538266905       -0.5328980774
LA        -0.4973423379        0.6488254898       -0.7997520617
LA        -0.2465651852        0.4616011781        0.2331695385
