       -0.7602429504       -0.9919623498        0.8649743361
       -1.6599928448        1.2531560359        0.0556749110
        0.0155298568        1.3574537967       -1.6146406489
       -0.7206943650        1.4387993939       -0.7043761444
        0.8341883540       -0.1040359590        1.2026818682
        1.3826709757       -0.0814027630       -1.1983407149
        1.4913091316        0.9844292998       -0.9579309000
        0.8098601904       -0.4089948203        0.5528637644
       -0.7280280328        0.7539284056        0.3746658362
        1.6675907429        0.5695539428       -1.6483646471
        0.8389525938       -1.0267515718        0.0523459139
        0.1527231448        0.1009951402        1.2125883387
       -0.2256056523       -0.8132797114       -1.4196870101
        0.8882940005        1.1996712982        1.5818290479
        1.1803537558        0.8008889716        1.3491367149
        1.4370709077       -0.1122566566        0.4412345022
        0.4207934677        1.2934115276       -0.8537333836
        1.1991306216       -1.0412235323       -1.0684054373
        0.6857986575       -1.1504326652       -1.2108113096
        0.9858205372        1.2377535921        0.1684332015
        0.6624061037        0.1883808716        1.6124426931
       -0.3880874811        1.5405789974       -1.2336421391
       -0.7757353019        0.7974521082        0.8103573375
       -0.4159367441       -1.1752655607       -0.0715665494
        1.1342855363        0.3170463879       -0.8485515175
       -0.9646225677        0.9944227727        1.0952610480
       -0.4742562398        1.2607569812       -0.1835486462
        1.5836917890       -0.3808695434       -1.3332654322
        1.6573885513        1.1299100708       -0.6798171659
       -1.6440069563       -0.5292118648       -1.0799801124
        1.1519636049        1.5690772193        0.7938605487
       -0.0917985651       -0.4563571864       -1.4817268244
       -0.3548392904       -1.3051800488       -1.4696526051
        0.5373073149       -1.0489130689        0.0437730512
       -0.5632062763       -0.3669974521       -0.3888688561
       -0.7185627672       -0.7247704362        0.4399262684
       -0.0786444960        0.4513780965        0.3209469250
        0.0731943492        0.7065846192        0.6574080179
       -0.9674396192        1.0647597793       -0.1313329295
       -0.9111679288       -1.6965072235       -1.4354426950
        0.4107738368       -0.2688302332       -1.1790876545
        1.0812292923       -0.1765112835       -1.3541587359
        1.0408831993       -0.9276641741       -0.1982620552
        0.6695957058        0.7353018418        1.6150380259
        1.1305126355        1.3041293170       -1.1717786848
       -0.8949876169       -0.2953846076       -1.5353714475
        0.1839003290       -1.4275957297        0.4784355348
        1.4774951812       -0.6666737094        1.4479463791
        0.3543000849        0.8861844216        1.3990282638
        1.2532540332        0.6667137239       -0.7561553036
       -0.0691491688        0.5487544472        0.1935064083
        0.3893907675        0.6505480250       -0.9362636835
        0.6015069384        0.3026140483        1.5811326396
        1.0866388230        0.3949825637        0.0601138245
        0.9727846840        1.0559584084        1.2174780065
       -1.7045907432        0.2753922885       -1.2086473563
        0.3853695126        1.6783381214       -1.4068179061
       -0.9711209218        1.6847910990       -0.8705571474
        0.5198464645        1.4085812303       -1.7160385256
        0.4861472596       -0.8421029033        0.4213535111
        0.2099749502        0.7331391420       -1.1846237456
        1.7027158297        0.5952549109        0.7173992429
       -1.2113410429        0.7213997518        1.3228727046
        0.9003959877       -0.8649730069        1.7197818663
        0.4382420683        0.0287517050       -0.3506456727
       -1.0261987276        1.5087719645        1.0957038854
       -0.0889399393       -0.2386581220        1.2786010553
       -0.1502257351       -0.4714850632       -0.0708700927
        0.4809052556        0.2682859078       -1.1387183926
       -0.4837156095        1.2037294512        1.5069213733
        1.5341141183       -0.2442464065        0.8255627947
       -0.0714935374        0.7274531392       -0.2976434078
       -0.1404200849        0.7806126344       -0.9871668998
       -0.9150399867        0.1238223935        0.3550565682
       -0.0900492265       -1.7314495737        0.3310154070
       -0.1480170442       -0.9848838128       -1.7156716216
        0.8181344251       -1.4647243261        0.8026786619
       -0.9678222025       -0.1110999540        1.2824006077
       -1.5692090853        1.6256178277        1.7195970763
        1.4734591002       -1.4915001433        1.2334276116
       -0.2121141537        0.6282126262        0.8544073343
        1.0338031717        1.2331510524        1.3647933959
       -0.3300220000       -1.6384279633        0.7518340495
        1.4446840077       -0.7263703068        1.6299087829
       -0.4353489011        0.6639951327       -0.2077676176
       -1.1982910928        0.9173807726       -0.6530673679
       -1.5691582001       -0.4420196647       -0.1581838703
       -0.5769773440        0.6273580504        0.6083933394
       -0.1426782156        1.3583806505       -0.1615949096
        1.5020691390       -0.1359202786       -0.7381280767
        0.9935570214        0.8949901204        1.6786242108
       -0.6362729737       -1.5901521175       -1.7210275377
        1.6404222638       -1.5808611956       -0.6908265469
        0.2207978830       -1.2652496511       -1.2378006590
       -0.4131560890       -0.0699800159       -0.4975024195
       -0.0613401500        0.8844307485       -0.1693108995
       -0.8899726290       -0.8037941385        1.6347658420
       -0.5518699444        0.1252741688       -0.1061557892
