        1.5544602317       -0.2476738575       -0.2163596357
        1.3337291124       -0.4879324139       -1.3165145691
       -0.7458219364        0.7706175822        1.6643514727
        0.1757976441       -0.9409712423       -0.4444111326
       -0.9892425730       -0.6148227512       -1.4433469979
        0.9648217031       -1.4583398987       -1.5373100623
       -0.4412676997       -0.8886154297        0.4995593324
        0.6199239382        1.1746614523       -0.2769627637
        0.8137467372        0.1690426009       -0.2036075942
        0.3682348080       -0.9560289574       -0.6353071184
        0.5386817583       -1.2455611929        1.6502835610
        0.5356694526       -0.3612156620        0.9502978540
        1.1637305000       -1.5070648858        0.5007951768
        0.0388247730       -1.2797962996        1.6185008085
        0.2987027421       -0.7180320822       -1.4213289519
        1.4352405980        1.1956188217       -1.1515566542
        0.0891379890        0.9546242781        0.0203649681
       -0.6109237981        1.3508276772       -1.4271689668
        0.1237238590       -0.5151027594       -0.6037358802
        1.4866509287        0.9659297175       -0.1990882356
       -0.5421405728        1.2200879637        1.6005934493
       -1.0673898776       -1.2174635306       -1.3484393500
        1.4878281806       -1.4631565352       -0.9744198879
       -1.6771906667        0.2553283673        0.9605926859
        0.3854793032       -1.1693585442       -1.0390401122
        1.2999152066       -0.4227909105        1.2768566592
       -0.0591000843       -0.9294796546       -1.5605894331
       -0.9023883267       -0.9658942616       -1.7302202688
       -0.4140101518       -1.6291748201        0.6490739179
       -0.5809094673       -1.3687843117       -0.6451445628
       -0.9430408422        1.3210017448        1.3600272139
        0.6728496503        0.1346601426        1.1973803667
       -1.2820351474       -1.1486930116        1.5338102348
        0.9020465032       -0.5139905960        1.4055410842
       -1.7077007365        1.0176017927        0.8394018884
        0.4507333331        1.5491844091       -0.6664837896
       -1.4963559232        1.3634992622       -0.4482223573
        1.4903594072       -0.3066115133        0.2714745380
        1.1115241280       -0.6720414188       -1.0530229685
       -1.0956032700       -1.0728455638        0.0498200572
        0.2461845647       -1.5628607929       -1.0046862315
       -0.5233457983        1.1159825858        1.2812018597
       -0.5982149054        0.4992048170        0.1486364545
        1.6692545229       -1.4468944198       -0.0618792264
       -0.4526764468       -1.3262488704       -1.4225459715
       -0.1657430718        0.8806293459        1.3115707108
       -0.7736729625       -0.5062341868        1.6435414824
        1.7160673710        0.4368962815        0.7687274104
        1.4805016087        1.6731747818       -0.9796201481
        1.6844633933        0.4313913926        0.8294804968
       -1.4986157719        0.7413712635       -1.2443967572
       -1.3750279479        0.2554152004       -0.8591253298
       -0.1153887751       -0.1466846753        0.8768418466
        1.1110129502        1.2291287699        1.5293047278
        0.5156261806        0.3991471537        1.6917390509
       -0.8307313543       -0.7215411979        0.3040161660
        0.3315890973       -0.8586322558       -1.6959319008
        1.1478536118       -1.1969669232        1.4169812431
        0.2475645523        1.6696755770        0.4150059333
       -0.4497623659        0.5577614010        0.5636565048
       -1.6552232463        1.0486048785        0.3937594209
        1.4553135607       -1.4030878250       -0.4948519301
       -0.5664905374       -0.6094234396        1.6240827084
       -0.1472825216        0.7926456165       -0.2878278354
       -0.5283545725        0.8432952811       -1.4674575755
       -1.6365743169       -0.2335102584        0.8440281051
       -0.8474059372       -0.4863587319        0.0842488341
       -0.5188316113        0.9726829685       -0.9399357608
        0.0812476281        0.7871294423       -1.6414228669
       -0.9642677813        1.0611479125        0.2202167677
       -1.5573807989       -0.9438865314       -1.2313994651
        1.2071065670       -1.3849998392        0.8228438712
        0.8740398470        0.2115326593       -1.0974370818
       -0.9868889081        0.0304549478        1.5178507963
        1.0705570100       -1.5877606739       -1.2656402563
       -0.5458344414       -1.1626471095        0.4310823843
        1.5226889773        0.7677581015        0.4826839930
        0.3078782163       -1.5189046494       -1.4894648330
       -1.4298469193        1.3248546198        1.2869480036
       -0.8983797055        1.4322303974       -0.9490905631
        0.8691846107       -0.4561126779       -0.1195315883
       -0.6882907569       -0.8993675119        1.0119883600
       -0.0681051346       -0.5061099557        1.1310494375
       -1.4468249082       -0.4135876878        0.5293526834
       -0.7283239056       -0.4128289365       -1.1930710980
        1.6269237176        0.3872409498       -0.9781699633
       -1.6989456422       -1.2672415142       -0.4893210541
       -0.4100602554       -1.3350077636        0.9512293472
       -0.2505632483       -1.3812450970        1.5617776847
        0.5236917304       -1.7257949489        0.8209811237
       -0.5952908781        1.5528735175        1.6919046968
       -0.2417223372        1.3528720321        1.2836719773
        0.2500639283        1.1952257033       -0.6299828013
        0.9484509520        1.2996081130       -1.6864347830
       -0.4158635482       -0.5539324903        1.4847136028
        0.2692407150        1.6376966104       -1.4665371660
       -1.5893901723       -0.1668707951       -1.4417685266
       -1.1800619738        0.6036398799        0.8629713781
