          98
Energy of minimum      1=    -543.6653608     first found at step    23950 after              3248488 function calls
LA         2.2887293720        0.8441588829       -0.9032333123
LA        -1.1715324163       -2.3040926591        0.2922088490
LA        -2.0805554399        0.9798553836       -1.2156839597
LA        -0.4612132398        0.3915355354       -2.5299601379
LA        -0.7972666851       -1.9668795324       -1.5041497831
LA         0.8473978279       -1.6800333594        1.7961404537
LA        -2.4537885204        0.6435734060        0.5757184904
LA        -1.8849766456        1.1630482848        1.3641472520
LA        -1.2511502535       -0.3271738594       -2.2570549544
LA         0.3573642867       -0.9078075356        2.4114088473
LA        -1.4298371811       -0.4811940353        2.1191350719
LA        -0.3305332029        2.5753752194       -0.1578178333
LA         2.1844041156       -0.4635842395        1.3342351747
LA        -0.5516589944        2.3761412037        0.9035162490
LA         1.5948966952       -1.0065372070       -1.7916202100
LA         1.4616125056        2.1475820256        0.1352647144
LA         1.2404867164        1.9483479160        1.1965987838
LA         1.6943707185        0.3086417167        1.9495035220
LA        -0.1126871498       -2.5568434132        0.4653687462
LA         1.3259882684       -0.0350774425       -2.2376864641
LA         2.5576372839       -0.1273010299       -0.4571671238
LA         0.2615785938       -2.2196305078       -1.3309895723
LA        -1.9986489557       -1.0006688251        1.3307064030
LA        -1.2906182237        1.6985644476       -1.4885892340
LA         1.6194811974       -1.3790039640        1.0559926406
LA         1.4620246087        0.8941588507       -1.6439151024
LA        -1.9178454163       -0.1042782381       -1.3965984142
LA        -1.4586530454       -1.7631625067       -0.6348868884
LA         1.9970798649       -1.0387876814       -0.7563624051
LA        -1.1636601323        0.5891230587        1.9845202819
LA         0.1852523316        1.8164047147        1.5185015980
LA         0.6444450894        0.1575198538        2.2802126844
LA        -0.3460808465        1.3257615020       -1.9396071787
LA        -2.2954440206       -0.4444936291        0.4157571482
LA         0.6252335689        2.2128273676       -0.5932705526
LA         0.6481668467       -2.2660694613       -0.2903440480
LA        -1.3130860490        2.1213623877       -0.4503839586
LA        -1.2193696744       -1.8060410790        1.2955977652
LA         0.5739536541       -1.4025664018       -2.0323889194
LA         1.9585024969        1.0872452565        1.1871753892
LA        -0.6479474728       -1.2841821933        2.0876446325
LA         2.4507848152        0.3114754800        0.5690836604
LA         0.3038111537       -0.4266482706       -2.4805018969
LA         2.1806428989        1.2873936051        0.1209705246
LA        -0.4897508913       -1.1486556565       -2.2063439499
LA        -1.5352266279        1.9212139441        0.6158206893
LA        -2.1066486582        1.3993552599       -0.1762263393
LA        -0.1556652309       -2.0599520516        1.4695525919
LA         1.3748330459       -1.5099503359        0.0029936081
LA        -0.1076604179        0.8262573028        1.8643586436
LA        -1.8284810339       -0.7453051495       -0.5208670899
LA         0.5613085684        1.4289981231       -1.3464852288
LA         0.9159400821        0.9520599990        1.5212658369
LA        -0.3747597182       -0.2222579611        1.9671733055
LA        -1.5192464253       -1.2674755633        0.3808031764
LA         0.9725228306       -1.4504932937       -1.0049292231
LA         1.3608592505        1.3529321416       -0.6142080238
LA        -1.9586221071        0.3198192450       -0.3480360278
LA         0.4314622824        0.5041477825       -1.9024430172
LA        -0.3692164991        1.7659087366       -0.8971395762
LA         0.6112195566       -1.7760271839        0.7292132073
LA         1.9019194554       -0.6017089872        0.2833057467
LA        -1.1579430319       -0.9419417917       -1.3533393984
LA        -0.8141356455        1.3650368401        1.2383340594
LA        -0.4028376001       -2.0026571638       -0.4598694831
LA         1.1252436902       -0.6071166269        1.6582006985
LA        -1.7192854094        0.0718855275        1.1930146380
LA         1.7192854225       -0.0718851304       -1.1930146423
LA        -1.1252436978        0.6071161534       -1.6582007018
LA         0.4028373989        2.0026571329        0.4598694042
LA        -1.1596383139        1.0402491949       -0.6170823471
LA        -0.9410731292       -0.7445379453        1.1694935354
LA         0.6962428261       -0.4726060953       -1.4489858516
LA         1.1363365265        1.1455525406        0.4517956226
LA         1.4044686545        0.1768948140        0.8965747677
LA        -0.4524534605       -1.5145363265        0.5560000548
LA         0.1147176224       -0.9965599774        1.3421544180
LA         1.6249563931        0.3755542484       -0.1616978715
LA        -1.3801261040        0.8415899259        0.4411901139
LA        -0.0914156734       -1.1892418532       -1.1768675837
LA        -0.3595480429       -0.2205841877       -1.6216467707
LA        -0.5924673798        1.5582256588        0.1690719990
LA        -0.7513955000       -0.9780335668       -0.3401475863
LA         0.3755801673        0.0511920294        1.2219509071
LA         0.1116185671        1.0047832582        0.7840898600
LA         0.8654540673       -0.7207824618        0.6068829982
LA         0.8136920529        0.4459306803       -0.8808499143
LA        -1.0153571761       -0.0244423945       -0.7780086142
LA         0.3071048715       -1.2307022382       -0.1670435109
LA        -1.2324154152       -0.2200117431        0.2638036004
LA         0.3326721294        1.2039524420       -0.2768986760
LA        -0.6637888976        0.2992941100        1.0519755032
LA        -0.2256770983        0.6940326145       -1.0508252024
LA         1.0825123056       -0.5252130356       -0.4349292587
LA        -0.1829088520       -0.4656555368        0.4387677404
LA        -0.4480052181        0.4920347505       -0.0009754518
LA         0.5958317081        0.2428662748        0.1697305009
LA         0.0350824352       -0.2692455003       -0.6075228197
          98
Energy of minimum      2=    -543.6429572     first found at step    11107 after              1514819 function calls
LA         2.2848179931        1.0340785994       -1.1115699102
LA         0.1915840508        0.1464019995        2.8894879693
LA        -2.0838592741       -0.0967028575       -2.0138166397
LA        -1.8901863738       -1.6054948607        0.9567664402
LA        -1.8479672635        1.7242438992        0.7720860091
LA         0.8892963813       -1.7401452355        1.9260660468
LA        -0.8273765658       -1.9235520610       -1.7731548465
LA         0.9357145403        1.8957544686        1.7224818471
LA        -0.7796041949        1.7124925418       -1.9738226623
LA        -0.7577886835       -2.4305949236       -0.7734159875
LA         0.1915050588       -2.3291736029        1.2721962634
LA        -0.6970697064        2.3244734198       -1.0364400431
LA         0.2515310923        2.4258200280        1.0076803963
LA         2.3831976467        0.0143578106        0.9281817514
LA         0.8323867440       -0.1513282504       -2.4136260608
LA         1.5693519610       -0.8439619281        1.9806567122
LA        -0.4633078665       -1.0611282915       -2.3994771866
LA         1.5933464405        0.9951743816        1.8770619858
LA        -0.4383406131        0.7781119358       -2.5009771729
LA         2.2912856121       -0.0910360775       -1.0587886313
LA        -1.0874311331       -0.1365641498       -2.5096802748
LA         1.2150177316        0.1094260082        2.4518175511
LA         2.3481349703       -0.6071697679       -0.0252678809
LA         1.5598584711       -0.6913879268       -1.7239072232
LA         1.1884227438       -1.5830542794       -1.1043662240
LA         1.6695908031       -1.5316469531       -0.0675073343
LA        -0.2865875970       -2.3983514439        0.2519047452
LA        -0.2253236738        2.3936011019       -0.0141093713
LA         2.3575777388        0.5292192210       -0.0946155269
LA         1.5758737083        0.4457034239       -1.7790920659
LA        -1.4567844018       -1.0104121936       -1.8951021360
LA         0.5409289619       -0.7969794310        2.4097272752
LA         0.5643723208        1.0214330565        2.3080757300
LA        -1.4328714715        0.8080507694       -1.9957425653
LA        -1.3241614232       -2.0194920325        0.0925535122
LA        -0.8500676098       -1.9688405200        1.1141675458
LA        -1.2726761757        2.0258616098       -0.1315224654
LA        -0.7988757086        2.0764816058        0.8894604858
LA         1.2275888582        1.3964192275       -1.2649342573
LA         1.7046958306        1.4473923995       -0.2368269907
LA        -2.0118765048        0.5138356915       -1.0866379005
LA        -0.4915883932        0.6762607721        2.1893992425
LA        -0.5058544363       -0.4409897240        2.2515530107
LA        -2.0262497436       -0.6034265057       -1.0247144597
LA        -1.1989748963       -1.0248163302        1.6077791051
LA        -1.9615338741       -1.1062868073       -0.0354430456
LA        -1.9331283087        1.1206055940       -0.1588980295
LA        -1.1706731886        1.2020648995        1.4841005630
LA        -1.8815757309       -0.4948917945        0.8977067934
LA        -1.8674948265        0.6140846673        0.8361893739
LA         0.1119537152       -1.8949641140       -1.1936527488
LA         1.0536754260       -1.7943518804        0.8356427537
LA         0.1590468480        1.7243515522       -1.3922419716
LA         1.0987032231        1.8247428487        0.6326034323
LA         1.7327515398       -0.9051640241        0.8851321800
LA         0.4795414748       -1.0390550708       -1.8153824034
LA        -1.4010075773       -1.5230369504       -0.9044742757
LA        -0.1586337283       -1.3903035169        1.7726898011
LA        -1.3632406665        1.4246780240       -1.0676515857
LA        -0.1212455480        1.5573704339        1.6086979494
LA         1.7548889611        0.9331663114        0.7807261077
LA         0.5039569797        0.7995188854       -1.9148799266
LA        -1.9593015895        0.0074575846       -0.0950566546
LA        -1.1941832420        0.0892015278        1.5536806086
LA         0.5840889902       -1.8691000708       -0.1783846656
LA         0.6307452997        1.7976122135       -0.3818308062
LA         0.6438019597       -0.0397366363       -0.2967947572
LA        -0.1614326714       -0.1158255906       -1.9232244396
LA         1.3657776495        0.0473392359        1.3677276370
LA         1.4469074185       -0.6290432417       -0.6402691257
LA         1.4488941947        0.4880435252       -0.6965759232
LA         1.5029034656       -0.0136691166        0.2948973968
LA         0.7471320079       -0.0944144606       -1.3336978063
LA        -1.1472798643       -0.0762022677       -1.4215550479
LA         0.3447669432        0.0832057423        1.7936246107
LA         0.6945388230       -0.8516868741        1.3217696114
LA        -0.5262747933       -0.9821167897       -1.3089349391
LA        -1.0213562225       -1.0662321698        0.5268376115
LA        -0.9935591565        1.1186188743        0.4056134159
LA         0.7172031752        0.9507966539        1.2211480148
LA        -0.5030484624        0.8204268922       -1.4083462460
LA         0.0075806317       -1.4311289407        0.6825667842
LA        -0.4612255071       -1.4812155325       -0.3276532363
LA         0.0438726728        1.4725425928        0.5211502266
LA        -0.4244673738        1.4225059795       -0.4880658490
LA         0.8501259006       -0.9042867515        0.2546230791
LA         0.3895725663       -0.9534916097       -0.7378133666
LA         0.4110804770        0.8304896879       -0.8351741582
LA         0.8708186306        0.8796073466        0.1555056240
LA        -0.2388016763       -0.0568929673       -0.8542108381
LA         0.4988222954        0.0219135848        0.7352791046
LA        -1.0965904510       -0.5763321228       -0.4497113156
LA        -0.3442403900       -0.4959522875        1.1715117665
LA        -1.0824381758        0.5261905178       -0.5107987651
LA        -0.3301971619        0.6065586119        1.1101894577
LA        -1.0188696497        0.0266479095        0.4714987515
LA        -0.1783181430       -0.5473302983        0.1098874620
LA        -0.1642892392        0.5346255646        0.0497340016
          98
Energy of minimum      3=    -543.1896663     first found at step    11162 after              1525967 function calls
LA        -0.0999673494       -2.2202149242        1.4929804733
LA         1.2884893153       -0.7364354001        2.2331893633
LA         2.2602811894       -1.4139034219       -0.5931535667
LA         2.4294240836        0.8148918590       -0.9005669410
LA        -0.1295398586        0.3858271247        2.8995607037
LA        -1.8715647102       -0.1747676887       -2.1947024964
LA        -2.0904708949       -1.4254079128        0.8919933566
LA        -1.8375851592        1.8693921141        0.4444769940
LA        -0.4799856964        1.5673337180       -2.1542671090
LA         0.8315101427        1.9912751224        1.6841590341
LA        -0.7524137615       -2.0305678343       -1.6644640656
LA        -0.8260552169       -2.4513675512       -0.6277485353
LA         0.2604941063        2.4887208024        0.8567866982
LA        -0.4640484041        2.2535739827       -1.2662381197
LA         2.2519941012       -0.0198581742        1.2078265858
LA         1.0655356636       -0.4089823496       -2.2505573037
LA         1.4184201001        1.0795459602        1.9831373726
LA        -0.2738089759       -1.2450078904       -2.3130586663
LA        -0.1357796172        0.5751802677       -2.5606261047
LA         0.9320493971        0.2670661955        2.5831769360
LA        -0.8302539185       -0.3051607693       -2.5687426152
LA         0.2187983060       -0.6130258169        2.5426198650
LA        -0.4677934254       -2.3533407606        0.4360312833
LA        -0.1036219180        2.3896817602       -0.2060880092
LA         0.8363041481       -1.7601242852        1.1313069626
LA         2.3609305126       -0.3013861365       -0.7529623954
LA         0.3510973416        1.1895467962        2.2937216028
LA        -1.1767740279        0.6963582612       -2.1763869501
LA        -1.3132983197       -1.1032435237       -1.9317207553
LA         2.2795568516       -0.7234887467        0.3069930232
LA        -1.0961651022       -1.8238484984        1.1928548678
LA         2.3638203935        0.4006691826        0.1531654172
LA         1.6801507270       -0.9200853673       -1.4347850535
LA         1.7657652359        0.2045949135       -1.5899602019
LA        -1.4590436549       -1.9395366790        0.1325230072
LA        -0.7892576910        2.1805793247        0.6502801373
LA        -1.1513155744        2.0632744314       -0.4105458853
LA         1.5596095349       -1.6077308143        0.2725037548
LA        -0.7865897038       -0.2219629953        2.2375488491
LA         1.1943609042       -1.7269946856       -0.7961034145
LA         1.4180863623        1.2162575494       -1.2011110444
LA         1.7826854768        1.3349693738       -0.1335844613
LA        -1.4395899991       -0.8254584802        1.5684350662
LA        -0.7033423704        0.8842227148        2.0866170273
LA        -1.9521461841       -0.5948091709       -1.1676446185
LA        -1.8671171436        0.5105570165       -1.3174258565
LA        -2.0252330424       -1.0116395178       -0.1395421547
LA        -1.2720035201        1.3788433898        1.2687976382
LA        -1.8556143156        1.1916854816       -0.4384124026
LA        -2.0119702265       -0.3260725013        0.7455684585
LA        -1.9276382893        0.7713076248        0.5963136283
LA         0.1170406609       -1.9975404228       -0.9828307202
LA         1.1083852303        1.8175487589        0.6293130017
LA         0.3898839852        1.5839642587       -1.4742026349
LA        -0.4436557941       -1.2267882633        1.8793385196
LA         1.5612575786       -0.9042236277        1.1671608632
LA        -0.2241034890        1.6939737097        1.4809345531
LA        -1.3972576788       -1.5288101987       -0.9035156232
LA        -1.1738717668        1.3877355910       -1.2991726630
LA         1.6946032028        0.9123008011        0.9208619109
LA         0.5983889353       -1.2193491329       -1.6261651492
LA         0.7373906202        0.5996242730       -1.8755634852
LA        -1.3660051470        0.2782753734        1.4258024971
LA        -1.9523920033        0.0910143454       -0.2878251644
LA         0.4770848500       -1.9039849242        0.0736600638
LA         0.7522356235        1.7237361984       -0.4259847772
LA         0.6458577196       -0.0943068713       -0.1874193169
LA         1.1953310467        0.1019797847        1.5305555604
LA         0.0258038865       -0.2777729007       -1.8844051801
LA         0.4831664446       -0.7744869589        1.4927044893
LA         1.4384362425       -0.7433968149       -0.3862344537
LA         1.5215607100        0.3534857015       -0.5379061684
LA         0.1367224490        0.2196634486        1.8377224402
LA        -1.0062023505       -0.1468568406       -1.5034203047
LA        -0.1680333481       -1.3664750115        0.8182322054
LA         1.4413223224       -0.0592843972        0.4887282846
LA         0.8623268781       -0.2491200139       -1.1978895780
LA        -1.1513866845       -0.9675446173        0.5204764793
LA        -0.9848880814        1.1945594524        0.2275331057
LA         0.6159230590        1.0166822175        1.2407244360
LA        -0.3175801558        0.7158450225       -1.4903119531
LA        -0.4529226176       -1.0679831452       -1.2471587704
LA        -0.5258635138       -1.4820460477       -0.2286368890
LA         0.0527345674        1.5077826460        0.4297645227
LA        -0.3053555210        1.3915172928       -0.6187436467
LA         0.7452326157       -0.9183032097        0.4530341471
LA         0.3929470156       -1.0330006607       -0.5777529391
LA         0.8789538388        0.8467657472        0.2094578870
LA         0.5273372170        0.7327062916       -0.8201816351
LA        -0.5140204535       -0.3782292927        1.1907562789
LA         0.3987688174        0.0579312027        0.8139692245
LA        -0.1666677971       -0.1208022279       -0.8399604082
LA        -0.4310369119        0.7136003075        1.0421925002
LA        -1.0913923456       -0.5618372789       -0.4947478144
LA        -1.0072987461        0.5292216709       -0.6424242879
LA        -0.2404919339       -0.5273156471        0.1615238299
LA        -1.0799398782        0.1148190996        0.3787519074
LA        -0.1577051223        0.5437922398        0.0170854758
          98
Energy of minimum      4=    -543.0339735     first found at step    11172 after              1527148 function calls
LA         2.3916417984        0.9068734305       -0.9899935278
LA         2.2192083308       -1.3461082384       -0.8863210456
LA         0.0650481671        0.1292733085        2.9175056028
LA        -1.9887853128        0.0561813224       -2.0869193991
LA        -2.0258277359       -1.4790453028        0.8749447269
LA        -1.7715608306        1.8431679258        0.7220702776
LA         0.9661616600        1.8406529971        1.8010186099
LA         0.6879973529       -1.7938075559        1.9682615933
LA        -0.8578178783       -1.8450760051       -1.8053711851
LA        -0.5802708903        1.7813108192       -1.9722422835
LA        -0.0100922348       -2.3328898577        1.2770546927
LA         0.3532211106        2.4141064526        1.0586168822
LA        -0.8666057903       -2.3612419563       -0.8086118759
LA        -0.5036066420        2.3816508836       -1.0268601775
LA         1.4158110088       -0.9442443683        2.0677940469
LA         1.5571976570        0.9030957173        1.9827868864
LA         0.9326011912       -0.1796244240       -2.3523946310
LA        -0.4130877971       -1.0034999374       -2.4064036951
LA        -0.2727108765        0.8306392799       -2.4908027930
LA         1.1035474548        0.0318901773        2.5284804466
LA        -0.9749015530       -0.0421208967       -2.5368601475
LA         2.3937247392        0.3952525776        0.0181132974
LA         2.3060064812       -0.7508554984        0.0708522430
LA        -0.0760257599        2.4160182603        0.0161969149
LA        -0.4419249737       -2.3647627954        0.2361890355
LA         2.3218802737       -0.2212129621       -0.9454631869
LA         0.3759450055       -0.8322511288        2.4461119567
LA         0.5150538945        0.9853299479        2.3624742609
LA        -1.4243595936       -0.8946601397       -1.9479403314
LA        -1.2855540017        0.9189523816       -2.0313950554
LA         1.6793384604        0.3658611207       -1.6853058928
LA         1.5924835578       -0.7689705447       -1.6330858805
LA        -1.0185169529       -1.9071929600        1.0756995311
LA        -0.7095364277        2.1299005689        0.8899288699
LA        -1.4464246349       -1.9216341584        0.0340419374
LA        -1.1375565600        2.1139878115       -0.1516606162
LA         1.5740880647       -1.6181586464        0.0054893804
LA         1.8015649244        1.3540127299       -0.1312772891
LA         1.1408139267       -1.6315684934       -1.0425705684
LA         1.3680394298        1.3373158196       -1.1791859766
LA        -0.5502076256        0.7043554005        2.1907146549
LA        -0.6354671128       -0.4096349701        2.2419759961
LA        -1.9224601941        0.6558576515       -1.1522123304
LA        -2.0077660168       -0.4587360492       -1.1009235735
LA        -1.1615750863        1.2756807673        1.4597090065
LA        -1.3315985216       -0.9458211140        1.5619333379
LA        -1.8498529318        1.2512794015       -0.2168203797
LA        -2.0198868348       -0.9703574259       -0.1145900863
LA        -1.9467095477       -0.3706390049        0.8262937843
LA        -1.8620243917        0.7358441140        0.7753781164
LA         0.9037651579       -1.8500915205        0.8849161352
LA         1.1803993415        1.7643657639        0.7185938644
LA         0.0530971410       -1.8775304204       -1.1823619943
LA         0.3293392445        1.7318031181       -1.3484483896
LA         1.6350490786       -1.0090132225        0.9740568086
LA         1.7760806246        0.8336829995        0.8892633989
LA        -0.3258402682       -1.3766280768        1.7704812639
LA        -0.1006270284        1.5659777837        1.6350743677
LA        -1.4462070339       -1.4153090525       -0.9606111526
LA        -1.2211826061        1.5248265545       -1.0959038476
LA         0.6404406327        0.7892188765       -1.8622503868
LA         0.5001328962       -1.0440173497       -1.7778926771
LA        -1.2561825324        0.1659976928        1.5180694043
LA        -1.9469142452        0.1414556068       -0.1641225513
LA         0.7585316108        1.7705387069       -0.3169875757
LA         0.4786265679       -1.8866541684       -0.1486987527
LA         1.3110196157       -0.0335256019        1.4519696798
LA         0.6552656845       -0.0612743195       -0.2417251724
LA        -0.0781369069       -0.0818096902       -1.9078222968
LA         1.5000005293       -0.0969628920        0.3877034879
LA         1.5069881042        0.4146568665       -0.6088151651
LA         1.4222485039       -0.6925338185       -0.5578670368
LA         0.2685089332        0.0636475944        1.8297573608
LA        -1.0809616983        0.0159272592       -1.4517778905
LA         0.5803233658       -0.8893905610        1.3655947297
LA         0.7181836306        0.9118728941        1.2827079756
LA         0.8005564276       -0.1200253110       -1.2768261833
LA        -1.1061189403       -0.9913145696        0.4909323542
LA        -0.9392915470        1.1884266888        0.3906297957
LA        -0.5224444619       -0.9265964135       -1.3190851277
LA        -0.3848771621        0.8708352452       -1.4017952225
LA        -0.1096524707       -1.4204517648        0.6895293647
LA         0.1121497558        1.4775827554        0.5561736438
LA        -0.5338447542       -1.4344482294       -0.3404188715
LA        -0.3121838684        1.4617374929       -0.4736893042
LA         0.9195965599        0.8372628667        0.2247712313
LA         0.7833325475       -0.9431414476        0.3066980551
LA         0.3644583996       -0.9566788751       -0.7050795159
LA         0.5005766361        0.8218173938       -0.7869184418
LA         0.4707177014       -0.0000858490        0.7810512615
LA        -0.1999412552       -0.0234514373       -0.8421892275
LA        -0.3412629519        0.6316417074        1.1205491631
LA        -0.4253871032       -0.4675123372        1.1711277021
LA        -1.0214793989        0.6079769204       -0.5338413760
LA        -1.1056647564       -0.4919762623       -0.4832262435
LA        -1.0345032126        0.0996771068        0.4455210424
LA        -0.2139793391       -0.5221550491        0.1192144467
LA        -0.1313649297        0.5572719129        0.0695437054
          98
Energy of minimum      5=    -542.8597585     first found at step    11171 after              1526977 function calls
LA        -0.3215780704        0.2167092621       -2.9698062179
LA         2.1170001897        1.3199900859       -1.0902883665
LA         0.3718118200       -0.2298558907        2.8754922477
LA        -1.7410082672       -1.8424626078        0.8563801912
LA        -1.9015931845        1.4785526707        1.1292765677
LA        -0.8618881120       -1.7189865223       -1.9557931349
LA         1.1042441586       -1.9208629913        1.6183096840
LA        -1.0348180167        1.9006505895       -1.6574771822
LA         0.9290831859        1.7051151145        1.9144788519
LA         0.3955193890       -2.4626897907        0.9359553689
LA        -0.6903736898       -2.3505708406       -1.0411974145
LA         0.1658656987        2.2797519330        1.3250665279
LA        -0.9188384036        2.3876241630       -0.6510934029
LA         2.4197598824        0.0460831336        0.7793736981
LA         1.7342638826       -0.9969309729        1.7528433407
LA         1.6461286153        0.8372473275        1.9020240205
LA         2.1914137398        0.2007039536       -1.1928644978
LA         1.3613729684       -0.1403953398        2.3726320787
LA        -1.2835975520        0.1250062231       -2.4120377192
LA         2.3516757092       -0.4437732750       -0.2462342638
LA         0.6531720393        0.2254436545       -2.4439910483
LA         1.4502925614       -0.3533263761       -1.8858633077
LA        -1.5516976986       -0.8423365905       -1.9082148292
LA        -1.6380416874        0.9665421846       -1.7594464915
LA         1.7250109729       -1.3974294333       -0.3734392150
LA         1.1731780974       -1.3394927096       -1.3757523552
LA        -0.5948819232       -0.7560035906       -2.4774679056
LA        -0.6810797115        1.0663739148       -2.3273720586
LA        -2.0787596744       -0.5949383354       -0.9571354104
LA        -2.1323209516        0.5174269068       -0.8659190681
LA        -0.1498748521       -2.4258232238       -0.0522048508
LA        -0.3803719399        2.3520451516        0.3402845456
LA         2.2914097732        0.6900956752       -0.1590170055
LA         1.3972777819        0.7802882838       -1.7853978436
LA         0.7385577911       -1.0758082592        2.2489115042
LA         0.6511814858        0.7378297685        2.3972005241
LA        -0.6734095633       -2.1541703456        0.8957275926
LA        -1.2157979820       -2.0986068516       -0.0913456145
LA        -0.8686417503        1.8806849035        1.2270482593
LA        -1.4105692066        1.9349429239        0.2404268158
LA         1.5782808717        1.5741179191       -0.1329138514
LA         1.0317357265        1.6271753137       -1.1271940142
LA        -1.9127546966       -1.2211410501       -0.0509346238
LA        -2.0199771261        1.0000594965        0.1315646162
LA        -0.3354625693       -0.7718754659        2.2088440958
LA        -0.3892613914        0.3424468083        2.3002440603
LA        -1.0389371430       -1.3093818692        1.5362806906
LA        -1.1462962863        0.9118489603        1.7186658868
LA        -1.7998433529       -0.7355925608        0.9508334501
LA        -1.8533197962        0.3706520666        1.0417239225
LA         1.1917509784       -1.8184879739        0.5222784694
LA         0.1135128553       -1.7062614744       -1.4391558281
LA         1.0161419174        1.7913666954        0.8168315416
LA        -0.0591230547        1.8971740715       -1.1408342801
LA        -1.3929690810       -1.4799367051       -1.0033545594
LA        -1.5345983471        1.4594388667       -0.7615317094
LA         1.8210620592       -0.9007945104        0.6510433829
LA         0.0296717883       -1.6240082343        1.5823733904
LA        -0.1125212308        1.3159615568        1.8235548455
LA         1.7310309045        0.9331377243        0.7994973496
LA        -1.9780693504       -0.1113640972        0.0440986463
LA        -1.1014644788       -0.1998660076        1.6360185174
LA         0.3834963352       -0.7508913880       -1.9604869787
LA         0.2966313453        1.0732568837       -1.8078940789
LA         0.6551162887       -1.7867773647       -0.4611602788
LA         0.4786172710        1.8676748893       -0.1607925848
LA         0.6025204933        0.0409262441       -0.3276584809
LA         1.4366571806       -0.0472258881        1.2830287692
LA         1.4111760591       -0.4428383456       -0.7994119767
LA        -1.2633307345        0.0362666977       -1.3290258842
LA         1.3456516303        0.6692846245       -0.7016688653
LA        -0.3127971379        0.1284618270       -1.8834503908
LA         1.4992414588        0.0446247307        0.2056501917
LA         0.4487356999       -0.1360616030        1.7740284792
LA         0.6351062884        0.1318159696       -1.3660483370
LA        -0.9376738462       -1.1944537514        0.4509381216
LA        -1.0429669592        0.9849257594        0.6299981520
LA         0.8160072109       -0.9746454840        1.1561784624
LA        -0.5829360234       -0.8324293207       -1.3839987002
LA         0.7288335960        0.8230792052        1.3033535648
LA        -0.6692518450        0.9632176903       -1.2358304356
LA         0.1188581137       -1.5081322481        0.4886648499
LA        -0.4176425308       -1.4527223956       -0.4873306097
LA        -0.0217458638        1.3882024367        0.7264357114
LA        -0.5575256531        1.4413511819       -0.2487961032
LA         0.8966992909       -0.8741410055        0.0840734590
LA         0.3690075038       -0.8191732486       -0.8754164015
LA         0.8087136159        0.9050709077        0.2303263136
LA         0.2822454206        0.9567848101       -0.7277131605
LA        -0.3171930494        0.0395952400       -0.8210862807
LA        -1.1118826896       -0.5851145418       -0.4411725010
LA        -1.1649315335        0.5156098796       -0.3506781614
LA         0.5292351567       -0.0453340767        0.7098933208
LA        -0.2493984273       -0.6714996437        1.1236634878
LA        -0.3025200917        0.4281300117        1.2138712277
LA        -1.0012191556       -0.1057783948        0.5466342916
LA        -0.1576450396       -0.5700334028        0.0571473877
LA        -0.2095560803        0.5096597067        0.1457278050
