          98
Energy of minimum      1=    -543.6653608     first found at step     1805 after               329882 function calls
LA         1.3004155338        0.8376136217       -2.0914210459
LA         1.6572822349       -0.1134253561        2.0018158944
LA        -2.5804417826        0.3032897264       -0.1266977110
LA         0.7440276490        2.2663907417       -1.0376003076
LA         1.9869198552       -0.9599190124        1.3774694832
LA         0.7833525179       -2.3032443400        0.9209456061
LA        -0.8157391086       -0.8238398048        2.3286423724
LA        -1.6664379791       -0.4239770904       -1.9519075130
LA         2.5895964201        0.2341116258        0.0767909285
LA        -2.0225139171       -1.1294409083       -1.1834340114
LA        -0.8635713235       -2.4056286169       -0.4836422358
LA         1.1010165918        2.3567938606        0.0013449448
LA        -1.0207970072        2.3520789265       -0.4386492925
LA        -1.2648215579        1.2517454868        1.8973860563
LA        -1.9778874339        0.4558793810        1.6269145012
LA        -2.2243653629        1.0087532563       -0.8951712653
LA         0.7801456348       -1.2655185684       -2.1346074644
LA        -0.1026735683       -0.0279732001        2.5991134860
LA         1.9870426995        0.0815236614       -1.6768222910
LA        -0.2593505568       -2.2526174367        1.2748214834
LA         2.2599585891        1.0806051818        0.7011374003
LA        -0.6638081065        2.4424817813        0.6002959113
LA         0.1791317314       -2.4562551099       -0.8375178790
LA         0.0935182440       -0.5094287296       -2.5492058906
LA         2.2192705455       -0.7884011212        0.3045549551
LA        -0.3194313218        2.0071325563       -1.2283633270
LA         1.5633792197        0.8958952035        1.5468380394
LA         0.2434642550        0.5616436883       -2.2945098319
LA        -0.2171612124        0.9823467804        2.1511221454
LA        -1.6359721513       -0.6012153902        1.6129563987
LA        -2.2455735923       -0.7555896346       -0.1611670197
LA         1.0016259221       -2.1474381412       -0.1573081749
LA         0.3908819369        2.1870104090        0.8388608866
LA         1.6096693947       -0.9427741460       -1.4695689004
LA        -1.0730758898       -2.0467046170        0.5468097629
LA        -1.5370767663        0.6480947177       -1.6902247215
LA         0.0367607573       -1.4953910130        2.0468698966
LA         2.2591475102        0.7814733946       -0.8442586464
LA         1.9279968072        1.6318514291       -0.2170470998
LA        -1.5124709895        1.7988977758        0.9505874994
LA        -0.7834375187       -1.0849804075       -2.1531978234
LA        -1.8710982926        1.7080801189       -0.0931255254
LA        -0.0936590842       -1.8445401931       -1.7366971254
LA        -2.2288090429        0.9993791030        0.6788746734
LA        -1.1411474084       -1.7936816914       -1.3811975021
LA         1.0842489539       -1.5462504655        1.6913703796
LA         1.5693695982        1.5410334015       -1.2607602846
LA         0.7530987175       -0.6958721887        2.3185821774
LA        -1.5972364197       -1.0971997243        0.6442944258
LA        -0.5200018619        1.0370322575       -1.6805619471
LA         1.5572438660       -1.2503600733       -0.4262810442
LA         0.5599940258        1.3105275606        1.4625483476
LA         0.7332478454       -1.5393935907       -1.0734186823
LA        -0.4686088611        1.5469142807        1.2029441595
LA        -0.6482907691       -0.0180907383       -1.9076179291
LA        -1.1868945195        1.3650176022       -0.8874813348
LA         1.8983448440       -0.2390059055       -0.6314883351
LA        -0.7814457102       -1.2898177859        1.3361620366
LA         1.2350920231        1.4641940337        0.6247378175
LA        -1.3647393722       -1.4375295846       -0.3613983155
LA        -1.9033435226       -0.0544211452        0.6587382260
LA         0.5168065981        1.2822971009       -1.4656877836
LA         0.6532889954        0.3115177279        1.8803677634
LA         1.3165416297       -1.3916820536        0.6241418083
LA         1.8800978979        0.0534279393        0.9202015648
LA         0.0355133269        2.0846232170       -0.1935951933
LA         0.9210667415       -0.1894339452       -1.8708674715
LA        -0.9210664999        0.1894343766        1.8708672692
LA        -1.8800980470       -0.0534284499       -0.9202007578
LA        -0.0355129012       -2.0846229115        0.1935948193
LA         0.0396435553       -0.7775929858       -1.4837274252
LA         1.5598434982        0.6119809474       -0.0061738574
LA        -0.8272512210        1.4485498380        0.1582047324
LA        -0.3154055439       -1.4810215318       -0.7174704729
LA        -1.1823005183        0.7451213470        0.9244617550
LA        -1.0000518993       -0.7271124844       -1.1308728215
LA        -1.5382599042        0.6549790735       -0.1114862272
LA         0.8751973785        1.3658903038       -0.4195766416
LA        -0.0612274186       -0.4893670890        1.6013874401
LA         1.2038842479        0.5218389097       -1.0421221198
LA         0.2674594263       -1.3334184999        0.9788420079
LA         0.9784681553       -0.5398477785        1.2485330842
LA        -1.2147626383       -0.3820800257       -0.1233341750
LA        -0.8643400924       -0.2933399523        0.8965006723
LA        -0.5407656069       -1.1242629588        0.2836382671
LA         1.2015477925       -0.3936455652        0.1953744132
LA         0.8720173632        0.4525719502        0.8195175794
LA        -0.8588022451        0.3231537818       -0.8915577357
LA        -0.1588527321        1.1043814974       -0.6260617274
LA         0.1647217051        0.2734583244       -1.2389242197
LA         0.8511250366       -0.4823856534       -0.8244606328
LA        -0.1515066788        0.5022674549        1.1668837628
LA         0.5015981992       -1.1748731031       -0.0701218902
LA         0.1980202050        1.1947550135        0.4125450376
LA        -0.1824804322       -0.4270504698       -0.4765883217
LA        -0.5074458089        0.4074443963        0.1389085503
LA         0.1694485764       -0.3379288920        0.5476304315
LA         0.5204779462        0.3575353167       -0.2099509018
