          98
Energy of minimum      1=    -543.6653608     first found at step       85 after                18068 function calls
LA         1.6027779342       -1.6430733178        1.2239807689
LA         2.5019660100       -0.7039030806       -0.1067826455
LA         0.7560962445       -1.9038372978       -1.6032587567
LA        -2.4685195414       -0.8038526452       -0.1641599158
LA        -1.0365981359        0.6917389376       -2.2833479412
LA         0.2233633614       -2.4602580580       -0.8148347747
LA        -1.9353670058       -0.6396508373        1.6161426796
LA        -1.3906453262       -1.7128986446       -1.3779698252
LA        -0.8579123929       -1.1564778094       -2.1663938760
LA         0.3982300355        1.7977091790       -1.8374902317
LA        -0.2403675354        2.3362827043       -1.1183570226
LA        -2.0412317551        0.4553433759        1.5468520161
LA         0.2913131310        2.5000317019        0.6570341061
LA        -0.3258109356       -1.3849478703        2.1777238878
LA        -0.6103625844        1.5582631646        1.9914791085
LA         2.0077855653        1.0524114831       -1.2759082415
LA         0.3432347311        1.1167047707        2.3241938708
LA         1.2449103654        2.0584732054        0.9897489746
LA         0.5219215234       -0.7315121960        2.4411479886
LA         2.3227852557        1.1494264899       -0.2240603279
LA        -1.6751955033        1.2303123223       -1.5642144584
LA        -2.5743839431        0.2911416001       -0.2334505208
LA         2.1869660348       -0.8009181871       -1.1586305072
LA         0.7550454060       -2.2965088414        0.9605563834
LA        -0.6661099169        2.0499863976        0.9966671852
LA        -1.9030725326       -1.2445802513        0.6847094900
LA         0.0666296060        0.8127043577       -2.2303731192
LA         0.2474053059       -1.0571295653       -2.1120511933
LA        -0.8125912886       -2.1642587282       -0.5432974130
LA         1.4120713867       -0.6984317199        1.7770029036
LA         2.3217766046        0.2517232982        0.4306745401
LA        -1.2040093239        1.8843222306       -0.7994893210
LA        -2.1137149424        0.9341666988        0.5468396296
LA         1.6950109857        0.0586894367       -1.6622226590
LA        -0.2746905870       -1.9985944956        1.2528591248
LA         1.2312947039        1.1714024036        1.6586808782
LA        -2.1722053405        0.2663607962       -1.2797639092
LA         1.0806017908       -2.2906110760       -0.1123420804
LA         1.6157793657       -1.7316369383       -0.9043840986
LA         1.5829181439        1.9788285598       -0.0763375731
LA        -0.1748688831        0.1428819638        2.5251188805
LA        -1.5306773964       -0.2746842071       -2.0021976603
LA        -2.0658551550       -0.8336585774       -1.2101553714
LA         1.2664729908        1.8813684575       -1.1330127127
LA        -1.1328424386        0.5864667203        2.1908773371
LA        -1.0264918136       -0.5135525301        2.2604860648
LA         0.6249447608        2.4224135316       -0.4105793632
LA         1.9322248794       -1.6341767281        0.1522910761
LA         1.6006279176        0.2336217864        1.2464095197
LA        -1.2842806574        1.5694649370        0.2398510618
LA         0.6476621196       -0.0598762130       -1.9357358572
LA        -0.9640093877       -1.7432104015        0.4494753476
LA        -1.7186337936        0.9176461523       -0.5136517662
LA         1.5851997644        1.0968669531        0.5862075591
LA         0.7147531995        0.1877161944        1.8744346345
LA         0.0524810555       -2.0070288187        0.1693966069
LA         1.1243743276       -0.8874740176       -1.4169637828
LA        -0.4337339348       -0.1659988978       -1.9605953211
LA        -1.5056274862       -1.2855540313       -0.3742345139
LA         0.9513997673        0.9016666939       -1.5301794705
LA        -0.9909402768       -1.1270391234        1.3444083161
LA        -1.2039470613        1.0761608268        1.2049909761
LA        -0.3335002690        1.9853118525       -0.0832364238
LA         1.7581746477       -0.6922737283        0.6994231856
LA        -0.2809156156       -1.6011330005       -1.3197932482
LA        -1.9964718280       -0.1542854884        0.6121193248
LA        -0.5653140591        1.3405084733       -1.5059385426
LA         0.5653145993       -1.3405081865        1.5059381724
LA         1.9964717230        0.1542849999       -0.6121187504
LA         0.2809148807        1.6011331571        1.3197928097
LA        -1.0736717996        0.3714666823       -1.2316298698
LA        -1.6048680135       -0.1833490911       -0.4454801178
LA         0.5888501250       -1.4413134965       -0.6193075372
LA        -0.9681128302       -0.7203688637       -1.1625391625
LA        -0.2452722285        0.6265999416        1.5345632734
LA         0.6245345096        1.5350824408        0.2472831211
LA         1.2612899060        0.9980625036       -0.4697756017
LA        -0.1397128653       -0.4652355497        1.6036540493
LA        -1.0905594447       -0.0249508250        1.2718992391
LA         0.3104435337        1.4383474747       -0.8015307102
LA         0.9029414685       -1.3445784748        0.4295062932
LA         1.4341375053       -0.7897629239       -0.3566431959
LA         0.6315543233        0.6622395557        0.8941047078
LA         1.2584055276        0.1335723811        0.1881990024
LA         0.7354716983       -0.4126135844        0.9621207471
LA        -1.0480420144       -0.6323997021        0.3721878167
LA         0.0074513636        0.4700260008       -1.1899013624
LA         0.1113684794       -0.6048271912       -1.1218853169
LA        -0.4211909086       -1.1610667378       -0.3337181145
LA        -0.3217324940        1.1036543902        0.5614983057
LA        -0.6309381729        1.0084241342       -0.4710022267
LA        -1.1538721680        0.4622379699        0.3029197616
LA         0.9435082781        0.0365891100       -0.8633064799
LA        -0.1119849212       -1.0658363832        0.6987824385
LA        -0.2110482149        0.0195113512        0.6307818473
LA         0.3141335563        0.5680452243       -0.1464667626
LA        -0.5215831930       -0.0761283010       -0.4061569668
LA         0.4184975165       -0.5114283401       -0.0781583904
