50.000000000000000     50.000000000000000     50.000000000000000
49.559467854167956     50.449206397287135     50.195875594428884
49.242014146411236     50.148047120666938     49.762451456216588
50.109905597421786     50.626094965003503     50.126883424701219
48.933685479848535     50.037563648263450     50.488685322600041
48.614047746945964     50.605356857988141     49.781035841154939
48.492773172423654     50.629119304412278     49.233142252121915
50.781801431569015     51.005710300424987     50.292925677630784
48.779905825456694     50.026409752364444     49.529839730661635
49.191139619797873     50.420761190166914     49.108791959980294
49.849316520585198     49.977151497314850     50.504285261949917
51.048886364483486     51.401029689353528     50.903702324613946
49.003953073503631     51.004849700472541     48.899418629336047
48.823873355498392     51.372721349828169     48.299723809072972
48.845447463958394     49.548664777926668     50.807655552456062
50.011206529860459     50.282167559661090     49.453855981687852
48.599840628414746     50.847776830365078     50.501965075251611
47.935913958530342     50.946196327890000     49.610814459528640
49.902518335878526     49.741086336354350     51.125931054467266
48.159494547501922     50.808694136496349     48.755380440598493
48.311253614811612     49.276934509670696     50.497610054969563
49.268041171267605     50.953242874650442     50.519062727588491
48.989505667384890     51.062298893476388     49.925501180513535
50.814682646471432     50.527266081729323     50.801378153479568
49.223876662988289     49.443233694051813     51.226845252930950
49.321759743596793     51.792358058240993     48.767253877154175
47.941332382589536     48.937798810751310     50.701778285678770
49.582705115660296     51.263674324335128     49.064440802363947
48.623622327295223     50.720166012807006     47.949326753506817
49.426223944191257     51.496859830669528     50.395574363777612
48.490749880647172     51.341751777185991     49.743939278392041
48.864561265864772     49.596177180081234     48.874625315870219
49.372467767380613     49.066608934655498     50.665019982126672
48.035143117730037     51.669861660668275     50.186261998711174
48.339353939579460     52.301422119206777     49.891809021558821
49.761350821280615     48.997592703705934     50.361618211644817
48.677258047256828     49.789528174965341     51.386644725230497
48.542122699500332     51.739882693834389     47.889962912587649
