          38
Energy of minimum      1=    -173.9284266     first found at step       47 after                 8130 function calls
LA        -0.5485790560        0.5647620585       -1.5623524834
LA        -1.6441465639        0.0090567791       -0.5979472249
LA         0.5485790369       -0.5647621197        1.5623525781
LA         0.7540154388       -1.5778258212       -0.0526036653
LA         0.9949049432        1.2726755920       -0.6717902954
LA         1.2015678464       -0.1585574766       -1.2617191696
LA         1.6450856142        0.4139530083       -0.4279923980
LA        -0.3396829587       -1.2916133716       -1.1301286696
LA        -1.2015677679        0.1585574241        1.2617192151
LA         0.3396830019        1.2916135557        1.1301285919
LA        -0.7540155886        1.5778257099        0.0526035861
LA         0.5513872874        0.7001651073       -1.5055171559
LA        -0.9949049154       -1.2726755257        0.6717901712
LA        -1.6450855302       -0.4139529912        0.4279923838
LA         1.6441464976       -0.0090569475        0.5979471617
LA        -0.5513872845       -0.7001652028        1.5055171841
LA         0.7549498761       -1.1568671358       -1.0735686620
LA        -0.9930314583       -0.4287067732       -1.3751143697
LA        -0.3406173497       -1.7125721899       -0.1091637467
LA         0.3406172581        1.7125723304        0.1091635763
LA        -0.7549498783        1.1568671356        1.0735686776
LA        -1.1996942901        1.0025257022       -0.7851855408
LA         1.1996941214       -1.0025258945        0.7851855151
LA         0.9930314262        0.4287067910        1.3751142529
LA         0.1021492231       -1.1338264647        0.7242447861
LA        -0.1040137321        0.2939451242        1.3127470903
LA         0.9889041359        0.8483065072        0.3506740601
LA        -0.1021492765        1.1338263984       -0.7242447661
LA        -0.9889040277       -0.8483063427       -0.3506741477
LA        -1.1950670473        0.5794651156        0.2378281423
LA         1.1950670491       -0.5794651837       -0.2378281045
LA         0.1040137951       -0.2939450615       -1.3127468952
LA        -0.5443053254       -0.2760883273        0.4791407935
LA         0.1026752799       -0.7110724036       -0.2930914195
LA         0.5433767359       -0.1421974092        0.5353414153
LA        -0.1026752324        0.7110724645        0.2930915307
LA         0.5443054386        0.2760884100       -0.4791406972
LA        -0.5433767228        0.1421974284       -0.5353413005
