          98
Energy of minimum      1=    -543.6653608     first found at step     3267 after               633207 function calls
LA        -0.8382116199       -0.8282545500        2.3190758895
LA         0.1640195489       -2.2853230466       -1.2317115125
LA         0.8345400378       -0.0266869152        2.4636452230
LA         1.8414001154       -1.4815377866       -1.0867417819
LA        -1.2893867386       -1.3004407304       -1.8474449207
LA        -1.8777335748        0.7732947686       -1.6256838634
LA         2.2434854671        1.0621529099       -0.7780235987
LA        -1.4799520975        1.5416984943        1.4831128059
LA        -1.5692931000        2.0514244706       -0.3093407003
LA         2.0607470601        0.3049123593       -1.5579047762
LA         0.2168049568       -2.5864825330       -0.1726847139
LA         0.7860581765        2.0497596334       -1.3954617727
LA         2.3325790729        0.5538328816        1.0094841351
LA        -0.4889136016        2.0165954439        1.5687645685
LA        -0.5782544817        2.5263214026       -0.2236887642
LA        -1.6992968156       -0.2447512725        1.9542784579
LA         0.6033198566        1.2925189530       -2.1753427046
LA        -2.0976864659       -1.0180971869       -1.1532152713
LA         0.9644929298        1.0317131972        2.1844994857
LA        -1.0694332925        0.4909512446       -2.3199128571
LA         1.8941852408       -1.7826972715       -0.0277150436
LA        -1.1475057750       -2.1099200435        0.9990904448
LA        -2.0085909655       -1.5264167192        0.6342933137
LA         2.2026257483       -0.5045672920        1.2886293487
LA         0.8640965376       -1.5120578446       -1.6144694132
LA        -1.9025628242        1.3392120502        0.4756657857
LA        -0.4111433873       -1.6291484413        1.6781920138
LA         1.2811733545       -0.8182054892        1.8244523197
LA         0.0693399382        2.2841302956        0.6460900946
LA         1.4496097887        1.8019941708       -0.5393882812
LA         1.5397457810        1.2877287716        1.2690268321
LA        -2.2146107664        0.0461328499       -0.8560735697
LA        -0.6063092243       -0.5156560903       -2.2374048309
LA        -2.1244734753       -0.4681323011        0.9523423000
LA         0.9691248991       -2.1112846781        0.4927116694
LA         1.0860091066        0.2952870552       -2.0911437137
LA         2.3914391538       -0.8104867578        0.2266048548
LA        -0.5027940833        1.4173618769       -2.0409566761
LA        -1.7435951212       -1.7912583801       -0.4224798821
LA        -0.1450501013        1.1843833625        2.2368320775
LA        -0.8785582895       -2.3774393432       -0.0560087142
LA        -1.1406363910        0.7073071280        2.1507873640
LA        -0.3192171648        2.1780775189       -1.2574967706
LA         2.3384120846       -0.5079451947       -0.8372817765
LA         2.5219892216        0.2527704863       -0.0538214378
LA        -0.9315861248       -2.0748978543       -1.1198956072
LA        -1.3148038783        1.7010011968       -1.3435418862
LA        -0.2755994854        0.1211261952        2.5172592325
LA         0.9860407407        1.7323850322        0.4434977179
LA        -2.0121383165        0.2956844271        0.1843761981
LA         0.5928939128       -1.4695819323        1.2879946524
LA         0.4332037027       -0.5584875788       -1.9158687412
LA        -0.0320993408        0.4222655528       -1.9698418063
LA        -1.8707869652       -0.7389882662       -0.1169026384
LA         1.4810573316       -1.1370884669        0.7570421402
LA        -0.1382273168       -1.9130348790        0.6170934623
LA         0.3355823729        1.9458831532       -0.4006703689
LA         0.4218288624        1.4538110465        1.3297022132
LA         1.7425323566        0.9924816526        0.1953830762
LA         1.3748505408       -0.5311358570       -1.3737887848
LA        -1.5722051027        0.4982875418        1.1573653806
LA        -1.6584521316        0.9903595733       -0.5730076269
LA        -0.2444349381       -1.3070824799       -1.5137376737
LA         0.1603544735       -0.6757587556        1.8913619987
LA        -0.9111703481        1.8009168948        0.5575483887
LA         0.9111696271       -1.8009171666       -0.5575495077
LA        -1.2602825499       -1.0424154817        1.3074596641
LA         1.4020869063        0.2333680765        1.5375579864
LA         1.2602838077        1.0424158400       -1.3074585124
LA        -1.4020875075       -0.2333680810       -1.5375577319
LA        -0.9999322341       -1.3218635162        0.2459315585
LA         1.6063418858       -0.0729606457        0.4711820203
LA         1.4241304593       -0.8280168683       -0.3064494457
LA         0.1477936526        1.1800306930       -1.1804047561
LA        -0.6581749556        1.4615599519       -0.4881785556
LA        -0.8403863225        0.7065037786       -1.2658096608
LA        -1.0525654495       -1.0215730260       -0.8100403720
LA        -0.1939642788       -1.6033930236       -0.4462953574
LA        -0.5719916039        0.9698496318        1.2409221792
LA         1.5537094458        0.2273300471       -0.5847896657
LA         0.2866095859        0.3880297625        1.6046677435
LA        -0.7015699304       -0.0854971134        1.5192631895
LA        -0.9978239112        0.7557469193        0.2646489852
LA        -0.2645822690       -0.8664981456        0.9033394152
LA        -0.0071081134        1.2304890702        0.3502728828
LA         0.7082272775       -0.4003365624        0.9874156290
LA         0.4760819084       -0.8425874385       -0.8368024041
LA         0.8381383464        0.6577187356        0.7083608012
LA        -1.1253869318       -0.2831849869        0.5386606707
LA        -0.3691644623       -0.2698170752       -1.1948899333
LA         0.6036454085        0.1963445261       -1.1108134964
LA         0.7863244040        0.9533385266       -0.3311864513
LA        -1.1772012009        0.0124347639       -0.5008867697
LA         0.5288498077       -1.1436486744        0.2218795131
LA         0.6556785775       -0.0963522786       -0.0600811918
LA        -0.1932012133        0.4788801702       -0.4197082100
LA        -0.3213128490       -0.5645177064       -0.1445189272
LA        -0.1411643826        0.1819896436        0.6243077459
