          98
Energy of minimum      1=    -543.6653608     first found at step      319 after                75781 function calls
LA         0.3132159861       -2.4566759642        0.7958361645
LA        -0.7619444571       -2.3805076256       -0.7206526618
LA         1.9355351012        1.4315830775        0.9853881766
LA         0.0028650402        1.7719633542        1.9044298513
LA        -2.2469535884        0.8906305446        0.9616096204
LA         1.3919097803        0.6523119665       -2.0985212229
LA         2.4700450706        0.5759325171       -0.5778366307
LA        -1.7092862008        1.8932583034       -0.5105188114
LA        -1.6131304158       -1.0179163637        1.7687203194
LA        -1.1732974118        1.0352397623       -2.0780681380
LA         1.6138304338       -1.0207143906        1.7664678799
LA        -1.6099637853        0.8455043268        1.8600686010
LA        -1.1764546371       -0.8230399590       -2.1691645049
LA        -0.2227891356       -1.3751052246       -2.1968535382
LA        -0.2177614785        1.5841305625       -2.0517859707
LA         1.6169888930        0.8375653317        1.8575648009
LA         2.4681743113       -0.5250235780       -0.6318082610
LA        -1.7156098328       -1.8284420517       -0.6929635487
LA        -0.0034601277       -1.9497370296        1.7219841412
LA         1.9305063284       -1.5276528870        0.8403196716
LA        -0.7537501607        2.4421488689       -0.4842366820
LA        -2.2501199718       -0.9727900303        0.8702612921
LA         1.3900391556       -0.4486441089       -2.1524926464
LA         0.3214111063        2.3659805600        1.0322528798
LA         1.7209291735        1.1519919105       -1.1622433565
LA         0.0855142899       -1.9759145739       -1.3145117274
LA        -1.8088315659        1.0025635750       -1.1672560390
LA         0.5463449627        0.8357142183        2.1546647306
LA         1.1732501561       -2.0529738010        0.2197144118
LA         1.1801673423        2.0176504633        0.4192652865
LA        -1.0853479385       -0.1015809096        2.1097848594
LA        -1.8120258512       -0.8774512533       -1.2594178777
LA        -2.3527877331       -0.0117913555        0.3220908440
LA         0.0924307076        2.0947097316       -1.1149615350
LA         0.5431495725       -1.0443004581        2.0625023150
LA         1.7172068846       -1.0386175383       -1.2696320794
LA        -0.7258979456        2.3452737614        0.6324425000
LA        -1.6919923672       -1.8388129530        0.4279590895
LA         0.3171151824       -0.4334135635       -2.4776622622
LA         2.4189042545       -0.5823124345        0.4868620921
LA        -1.0520797486       -1.8841464867        1.3305412809
LA         2.1007751472       -0.0730476781        1.4172605974
LA        -0.6409268443        0.1211852061       -2.4498462010
LA         0.3189943179        0.6725950403       -2.4234434184
LA        -1.0459058768        1.7485307666        1.5086220939
LA        -1.6858191537        1.7938643421        0.6060399152
LA         2.4207835303        0.5236961778        0.5410814879
LA        -0.7339504931       -2.3934121897        0.4001430360
LA         0.0013367610       -0.0999895609        2.0396383468
LA         0.9650321916        1.6970849037       -0.5989495702
LA         0.9593728051       -1.6336268916       -0.7622282392
LA        -1.9257417587        0.0365315602       -0.6784607689
LA         0.6373396606       -1.0324921032       -1.6085311357
LA         0.1236783839        2.0110048775        0.0133206071
LA         1.6781340357       -1.1062260317       -0.1405148548
LA        -1.8019795668       -0.8922808252       -0.1277454027
LA        -1.2814977360        0.0782995103       -1.5528189871
LA         0.6411032747        1.1827037071       -1.4999375195
LA        -0.5203148356       -0.9830784698        1.6800128379
LA         1.0409616776       -0.0862321966        1.7229557982
LA        -1.7989228000        0.9066011923       -0.0395607227
LA        -0.5172577264        0.8158035716        1.7681975905
LA         1.6818980431        1.1089697916       -0.0319208114
LA         0.1168575876       -2.0030730142       -0.1834576180
LA        -0.8581314148       -1.4182140215       -1.2793252731
LA         0.8581318583        1.4182134265        1.2793255417
LA         1.7088635099        0.0563507137       -1.2087198328
LA        -1.7088633482       -0.0563495368        1.2087200182
LA        -0.8531060885        1.5394437993       -1.1343351478
LA         0.8531054840       -1.5394443810        1.1343347079
LA        -0.3192300108       -0.4724283732       -1.5756185600
LA         0.6335495762        0.0748790797       -1.5494122452
LA        -1.1550916523       -0.9368186809        0.7718836971
LA        -0.1992571984        1.4080479574        0.8862098734
LA         1.3559514355       -0.5911046305        0.7871857887
LA        -0.8344095230        1.4530443918       -0.0096574177
LA        -0.3173648812        0.6253518234       -1.5218031853
LA         1.6735790979        0.0011993519       -0.0824749536
LA        -0.8393293590       -1.4422955430       -0.1515926779
LA         1.3578169059        0.5066756420        0.8410015199
LA        -0.2041773889       -1.4872920457        0.7442744918
LA        -1.1520370033        0.8607410305        0.8600035977
LA         0.3139964718        0.4851638334        1.1414320902
LA        -0.6239638098       -0.0536302307        1.1156333766
LA         0.3121599367       -0.5955415685        1.0884535866
LA         0.6287326128       -1.1023154358        0.1626071292
LA         0.6324391825        1.0789876816        0.2695392908
LA        -1.2607460751       -0.0085183301        0.2174669664
LA         0.9432900334        0.5813734016       -0.6395733542
LA         0.0034597258       -1.0580187933       -0.7193257274
LA        -0.9480589047        0.5745724273       -0.6386673442
LA        -0.9498951732       -0.5061330107       -0.6916456555
LA         0.0071660582        1.1232843126       -0.6123937136
LA         0.9414199389       -0.5192242687       -0.6935270306
LA        -0.3144669656       -0.5530146809        0.1951746631
LA        -0.3126226689        0.5323362728        0.2483807933
LA         0.6275252167       -0.0119043295        0.2210842558
LA        -0.0004355832        0.0325827338       -0.6646396451
