        1.3444316548       -0.2188912705        1.0579432707
        1.5801880336       -1.1525956361       -0.1037170753
        0.4030478683        1.3647247811       -0.0801258572
       -0.1097167079        1.7068652001       -0.8039000949
       -0.3372131909       -0.3810400575        0.2965564346
        1.1126026325        0.2020824520        0.2919252866
       -1.7241306834       -1.6105937457       -0.7590624869
       -0.5434961268        0.7230313762        0.2413293397
       -0.0631843872        0.7642277993        0.5717652889
       -0.4407786778        0.9836399916       -0.9963638491
        0.0428648432        1.2204051116       -0.0296679092
        0.6744381873       -1.6921572111        1.5392002276
       -0.4200038288       -0.6182284093        0.3756390246
       -1.1066504218        0.8347415853        0.7421291114
       -0.4538283278       -0.1474613820       -0.5121653095
       -0.8650286088       -1.0198131227       -0.2545458115
        0.8602465507       -1.1285700316       -0.7723637367
        0.6252283739       -1.2659403571       -0.7297728177
       -0.4720134415       -0.0671548699       -1.0347024416
        1.5930816003        0.7143490036        1.5439233754
        0.8286184846       -0.8437823932        1.6458929002
        0.3301569162       -0.8366490641       -1.0522205506
        1.4877559396       -0.4186237444       -0.5124951219
       -0.0208642122       -0.7905519153       -0.4225379574
        1.3424391739       -0.7120668086        0.3555396217
       -0.6843124829       -0.6549530989        0.8438970635
       -0.8531545669       -1.5962414996       -0.5726360505
        1.7152030102       -0.4320486284        1.4361251500
        0.1707394881       -0.7572542701        1.3459337636
       -0.9046585912       -0.2718573907        0.8810728043
       -1.0468019479       -0.1871383071        0.2986503294
        0.1880130369       -0.3311675786        1.6934105544
        0.5462939662        1.6705767422        1.4460623548
        0.0923178649        0.0140407705        0.6936972855
        0.9023783513       -0.8579098395        0.8081226419
        0.5252180067        1.5461171500        0.4360793635
        1.0478989529       -1.5507916403       -0.6251908920
       -0.9631225414       -0.0071855717       -0.4376678747
        0.6813757525        1.6046259056        0.5450905338
       -0.1669346593       -0.2784451169        0.4756523245
       -1.2121700414        0.8397159231       -0.0184876091
        0.4311970562        1.1182004617       -0.2543855922
       -0.5532512725       -0.6017849543       -1.3370679591
        1.0920719726        0.2106470491        0.6639814939
       -0.4271245790        1.6656661638        0.2514896215
        0.1742030015        1.1114522097        0.1315647220
        1.7254456487       -1.6105019507       -1.3127545054
        0.7203645332       -1.7227225069        0.4590509101
       -0.8454021275       -0.8704063550        0.9769901144
       -0.5602868415       -0.4740116232        0.2283451815
        0.7837353357       -1.5916688958       -0.1031868420
       -1.3864601752        1.2536564382        0.4243202548
        0.7754007808       -0.2454778713        0.0331042597
       -1.1957584902        1.0712684314        0.0321952305
        1.6786605845        1.2636582267       -0.3422832774
       -0.8358744899       -0.7280322204        0.8778018029
        0.9165222512        0.4784192957        1.4839533288
        0.5820977366       -1.7288710559       -0.9636850835
       -0.8306239849       -1.4959192996        1.6432865306
        1.7111119032        1.3405256718       -0.3938778707
        0.9335922174        0.6132545780       -1.7274492809
       -0.6044282202        0.7053875924        1.5377341861
       -1.0642521277       -1.2997502963       -1.0180008425
        0.9250927797       -0.7417253611        0.5338550367
        1.2673873141       -0.3138509649       -1.6364186448
        1.0158537849       -1.5631170190       -0.0015597585
        1.4979515998        0.2177561705       -0.2053008084
       -0.2514879051       -0.9948034655       -1.4711433012
       -0.7495446569       -0.8584919711       -0.8545793325
       -0.4616556650        1.2935381945       -0.6037572698
       -1.1022986414        0.5813299487        1.1235695697
        1.5703967319       -0.0982597357       -1.4382954637
        0.5279389449       -0.6913310272        1.5056107957
       -0.9307874932        1.5849400155        1.4256682760
       -0.1381303277        0.3372366083        1.1177401819
        0.4127183377        0.3059351961        0.1374958656
        0.6676675665       -0.3178284614        0.6654326901
       -0.1392033509        0.1259518071        0.9454212474
        1.2518649800       -1.5795155234       -0.4704300697
        0.3807984928        1.0477631559       -1.7121891204
        1.5566518302        1.7203125143       -0.3019384296
       -1.3221278227        1.1462998774        1.1260447960
       -1.3937278851        0.5533241571        1.1181748070
       -0.1294426899        1.4614729786       -1.5637539717
       -1.7111796259        1.1687905982       -0.6988857250
        1.3685664660        0.2296792055        1.7268512378
        0.8987578383       -1.6676436897       -0.7401389647
       -0.9131795847       -0.6083362679       -1.5067248689
       -0.4794773832       -0.8243643548        0.5408569903
       -1.0760222506       -1.6568920655        0.7537558074
        1.2095442227       -0.0413239426        0.0158419913
        0.4389113733        0.9967903103       -0.5071687561
        1.0342816779        0.2956584842        0.0157289147
       -0.3626473074        1.2092070239        1.6954684723
        1.0841465220        0.0733210564       -1.1027525801
       -0.9420652292        1.2949265299        0.6434536376
       -1.4232355886       -0.8035638672        0.3102558292
        0.5428298270        1.3258385418        1.6249772632
