       -0.2477872744        0.4979792787       -0.1112126869
        0.6529881535       -1.5453797126        1.5147189568
        0.6391771244        0.6370813875        1.4167128316
       -1.0636527472       -0.5810975174        1.4145110270
       -0.4660482970        1.4271942699        1.4699841838
       -1.1585673895       -1.2035217664       -0.7009970477
       -0.4425534840        0.0514587277        0.0452254508
        0.1096743689        0.7942221956        0.6860503895
        0.0304881841        0.3950591230        1.4632428311
       -0.3269360870        0.2682348662        1.0648959667
       -0.4356750534       -0.5799888303        0.5695711755
       -1.5419414667       -0.2721293381       -1.5289754526
       -0.8621429265       -0.5702386610       -0.3577651614
        0.0562692263        1.2575088986        1.0972798999
       -0.8937216802        1.1679944520        1.1056965775
       -0.3228406731        0.3008907467        0.0171461374
        1.3078979931        0.4708220009       -0.7846507301
       -0.5868193842       -0.3760911825        1.0209438447
        0.6546980100       -0.1460576270        0.2100285616
       -0.9241163505       -1.4627864582       -0.7105793806
       -0.2634439134       -1.4622527551        0.9045733341
        0.7201914139        1.3321736020        0.4585228625
       -1.2323443889       -0.4695357246        1.5227241606
        0.1484376950        1.3344443617        0.4047459411
        0.4681049663       -0.9305398601        1.4125300733
        0.4654011850       -0.4366671926       -0.0368551545
        1.4658977614       -1.3219958923        1.3089177356
        1.3235879781       -1.6593143500        0.1987379175
       -0.9074264190        1.3658165888        1.3858236999
        0.6213754215        0.7213359618       -1.7265647935
       -1.0803353908       -0.5399760017       -1.7217632088
        0.2231255625        1.7189050717        0.8836051682
       -1.4686410765       -0.8719354122        0.2261403491
        0.7415857281       -1.0082800009       -1.5507209640
       -0.5175787455        0.9333103688       -1.6186672174
       -1.6036679625        1.7068958877       -0.0062796285
        1.4306422121        0.4743475976       -0.0372023594
       -0.2785073776       -1.6957241580        0.6952553301
        0.6507723134       -0.3294911600       -1.2547146563
        0.8353642525        1.4081392382       -0.8722133264
        1.4515611704        0.8136908240        0.4209263515
       -0.9174244634       -0.5714984034        0.3218701736
       -1.2790839443       -0.5146332365        1.3272209265
       -0.8096597533       -0.1485866243        1.3529896737
        1.4491020186        0.7801128708       -0.2675937339
       -0.3522977641        0.2036066974        1.6237531186
        0.6496067629        1.3405557513       -1.2630465609
        0.4586728983        0.7886581075        0.1987466008
       -0.0621037857        1.3240338239       -1.1566594252
       -0.7496523538       -0.7779624692       -1.0408288282
        1.3614715060       -0.4764761030        1.2893083063
       -1.3472795003        1.4622563007       -0.0088509325
        0.8907818590        1.2518115074       -0.7243272795
       -1.6419188622       -0.9188608610       -0.6522401293
        1.1184419892       -1.2000631794        0.5633048704
       -0.9603294880        1.4203457429        0.5527741520
        0.9075259971       -1.4711615421       -1.3499383601
       -0.9155105968        0.3500220522       -1.0439892260
        0.1444222972        0.0233435036       -0.9699294150
       -1.3571180561       -1.4539852390       -1.2610714385
       -1.6447089524        1.4391490345        0.7760886526
        0.2131197961        0.3638771624       -1.4381350701
       -1.0315477284       -1.6991545093       -0.8893764296
       -1.0669042092       -0.3572069714        1.5441772593
       -1.0837407649        0.8690708986       -1.6038219634
        1.5737093723        1.6432485373        0.9175880218
        1.4741051331       -0.1511834040        0.5030409351
        0.0752430659        1.5441174746       -1.3088623434
       -1.2690846190        0.6059123801        1.3794031230
       -1.0296828355       -0.9348544795       -1.5201216318
        0.0302203888        0.5076620834       -0.7873124596
       -0.6968514987        0.6266709433       -1.4714417421
        0.9503549319        0.3554729556        0.6018996294
        0.9611483385       -0.2188163485        0.9401625301
        1.0425410011        1.4614037380       -1.1413216053
       -1.2040106819        1.7106308064       -1.0041499135
       -0.6427551888        1.6817586038        0.2335690687
        1.7117761996        0.4600861545       -1.4156226871
        0.9142938031        0.2499808909        0.7931930132
        1.7111146245        1.3319581356       -0.2999292322
        0.5606358288        1.6019539652        0.1943583467
       -0.2681141371       -1.4576468908        1.6913311888
        1.6457641879        0.9942173770       -0.5264257557
        0.7722534911        1.5838521196        1.3255405090
       -0.4926911708        1.0339755119       -0.9070314293
       -1.7176217942       -0.2894697917        0.8247425101
       -1.3713745825       -0.0670902895       -0.2453592005
        1.2888229300        0.9452899654       -0.2145638495
       -1.4615774300        1.5768055913        1.4395386170
       -0.3221515641        0.6465554929       -0.5446715671
        0.5719844153       -0.5612015971        0.6334557948
        1.3072806605        1.0398560704        0.7325246274
       -0.1847439583       -1.0824747540        0.7682084075
        0.2195848607       -0.0448378830       -0.7947241788
       -0.9206088479        0.1242729753        0.7218485511
       -1.2754338454       -0.0179177290       -1.1328434557
       -0.0105127090        0.4385036821        1.1957484858
       -0.2285983298        1.1156435319        1.5896335484
