       -0.2971463445       -0.1761282582        0.6278025460
       -1.5357480979       -0.7827891795        0.8245989557
       -0.4742351292        0.6787834539        0.4280004347
        1.0959168046        1.0404115794       -0.5875378274
        1.0268918742       -0.8323227158       -1.1694385603
        0.4248119658       -1.4338713052       -0.7993436576
       -0.0447449912        0.1368948221        0.7174434047
       -0.5219574678       -1.4219883977        0.5052608128
        0.2998983042       -1.6968910989        0.3201949794
        0.1998962783        1.2690891260       -0.6644388169
        0.8174838820        0.5586813524        0.9457155200
        1.4054402736       -1.4801200772        1.4480328347
       -1.5114974275       -0.9721091508       -0.8359137462
        1.4054225069        0.4160795533        0.7280128616
        1.1072968079        0.6799094964        0.9175691454
        1.4186843278       -1.5352805495        1.3425351629
       -1.1965165511        0.3012809422        0.9315116355
        0.4648327583       -1.6900953976       -0.5218167298
        1.1835734817       -0.5957642595       -0.8055627505
       -1.5477560269        1.5799358645        0.7278928665
        1.7078604638       -1.6523457343        1.3170520743
        1.6431941969       -0.8168279173        1.0901494937
       -0.4207414178        1.6192456162        0.0749008778
       -0.4664202451        0.0848925522       -0.4010682922
       -0.7259470670       -1.3318986091       -0.8877661094
       -0.3929389799       -1.2133501210        1.3467912768
       -0.1686388973       -1.6564549869       -0.1921051552
       -0.4495805681        0.3869565139       -0.7437987243
        0.3907250238       -1.1189756440       -0.3190159628
        0.1229494978        1.6408586520       -0.6788264688
       -0.0159798240       -0.7728394102        1.7142587913
        1.1994231311        0.1984053047        0.7645357478
       -0.1952858764       -0.8903860838        1.5282553769
       -0.4264667882       -0.9253561034       -0.0290000157
       -1.1184204527       -0.2328735831        0.5285131836
        0.2603961083        1.0810363674       -1.3840356453
       -1.0211873176        1.1938181333       -0.3264835856
       -0.3875812087       -1.0098019379        0.2995506397
        0.8895575176       -0.2347445317       -1.3506456552
        0.2413733886        1.6309048290       -0.8625924759
       -1.0771855556        1.2443870028        1.2079544097
       -0.1272118222        0.2151777882       -0.0726642723
       -1.7310928645       -0.8949853989       -1.5663377918
        0.5090977504       -0.0436425290        0.0128296517
        1.4593972861        0.8950264264       -0.8186196353
        0.3151502767       -1.5626123613        0.4374157443
        0.8227867014        1.5594459450        1.0350645999
       -0.2693722519        0.8714053772        0.3202954577
        1.5375721004        0.4722045404        1.3159776091
        0.2238094112       -0.2247539752       -0.1190735555
       -1.6088901561       -0.2237578614       -1.1353641117
        0.5116923701        0.4249507197        1.6270235781
       -1.4716112561        0.6327363015       -1.6654957141
        0.8536557468       -0.6531365392        1.0972665305
        0.6143726404        1.0409221282        0.0849105011
       -1.2537182602        1.3562213624       -0.8307846785
       -0.0081529418       -0.1175576628        1.6711722964
       -0.8596698262        0.1257716112        0.1603548454
       -0.3105124828       -0.9613570750       -0.9167541244
       -0.9374779898       -1.4584293450        0.2970673737
        0.7955195377        1.3119888177       -0.4221071182
       -1.1073584573       -0.9584264872        0.1610277589
        1.6178363138       -1.5693011690        0.4568901008
       -0.2014606318       -1.7257349320        1.0650517662
       -0.2265091098        1.2413486375       -0.6983985936
        1.5892795315       -1.1641649993        0.3616380291
       -1.5215599329       -0.8752207218       -1.4479796396
        0.9301822846        0.9814855202       -0.7801332975
       -1.3525165295       -0.5114534848        0.2000668586
       -0.8799556114        0.4079692433        0.6492282995
        1.5686946441       -1.2890006563        0.5861535602
       -1.4854102531        1.2819749563       -1.2527491400
        1.4346029275        0.8873253852       -0.5589560340
       -1.1696130491        0.2574708244        0.0830685964
        0.1090674069       -1.4911230494        1.1626252246
       -0.6664684910       -0.1451785885       -1.4150403071
        1.7158344397        0.4958217391       -1.2592141255
       -1.2972343877        0.2706864283        0.5488975355
        1.2241602973       -0.7550604778       -0.7022053807
       -0.0239667014        0.7414834222        1.3901677019
       -0.7596646419       -1.2712021522        1.0613803067
        0.2695170887       -1.5045032458       -0.0184211527
        1.2284630105        1.4761630155        0.4372122084
        0.8700091393        0.8660609722        0.9568733900
       -1.6527331117       -1.5248529709       -0.3400582909
        0.9949176019        0.9297440591        1.1454437386
       -0.6165187205       -0.2682271701       -0.0757171442
       -0.8672761205        1.4700941116       -0.5982162104
       -0.3614174541        0.9431441983       -0.4274989629
       -0.3892768457        0.6463655377       -1.7083633084
        1.4602388135        0.2483541654       -0.3539841403
        0.0429262990        0.4182777268       -1.5650865100
       -0.9262051237       -0.6657226074       -0.9725630427
       -0.6535401105        0.6175846864        0.9291706947
        1.1120053894       -0.4283194249        0.7031345413
        0.7321908807       -1.1436795997       -1.2978460744
        0.4922475398       -1.3969610206        1.4841907946
        1.2706983252        0.6298385387        1.2426609895
