          98
Energy of minimum      1=    -543.6653608     first found at step    32446 after              4495921 function calls
LA         0.5921114952       -2.3643838158        0.9087405985
LA        -2.1174641768       -0.6694733254        1.3545727560
LA         1.7947880070        1.0479378248       -1.5643780634
LA         2.2352799240       -0.9518435538        0.9296408811
LA         1.9851753955        1.5975635170        0.5230544762
LA        -2.2693065825        1.1905562705       -0.4466980870
LA        -1.6955358263        1.9711993062        0.0790436656
LA        -0.9920347235        1.6305949727        1.7674114018
LA         2.5002348921        0.7063909675        0.1286610514
LA         0.6938873952        0.4610823249        2.4642724751
LA        -0.5580854349        2.1256704283       -1.3916828803
LA         0.8263321555       -0.2696915210       -2.4517661275
LA         0.5606443592       -1.9325137142       -1.6485705913
LA        -1.6624979778       -1.9760291658       -0.3132487150
LA        -0.5281861010       -1.8219842513       -1.7799181390
LA        -1.1318563571        1.3450275904       -1.9174246350
LA        -1.2457012360       -2.1778243373        0.6870413451
LA         1.2641454132       -2.2731187541        0.0397976408
LA        -0.2624983561       -0.1591622320       -2.5831138074
LA         0.8508627952        1.4435194914        1.9897235488
LA         1.5632457954       -1.0431075968        1.7985837134
LA        -2.5342605994       -0.4676783485        0.3542826631
LA        -1.1490095165        0.6481574292        2.2419599449
LA         1.2797280168        1.9391100027       -1.1699845585
LA         1.9277484363       -1.3860676855       -0.0457688875
LA         2.1958023280        0.2915621699       -0.8561171108
LA         0.5905793992       -1.5676605311        1.6831956458
LA        -0.6883384797        2.2534998514       -0.2956702383
LA        -1.8299895483        0.7002282863       -1.3417561600
LA        -1.2687289609       -1.3789195682        1.4589035821
LA         0.0233909356        1.9089116522        1.4124450432
LA        -0.9504635268       -0.8215547139       -2.0152315641
LA         1.2160191474       -1.0414789176       -1.7538846458
LA        -0.2889472172       -0.0458772725        2.3566706679
LA        -2.0980429058       -0.9774014304       -0.5314073626
LA         1.1709708068        2.0647576964       -0.0713787595
LA         0.3941998732        1.7187552370       -1.8214571945
LA         1.7694462694        1.0529212688        1.4790662898
LA         1.6117504293        0.0659757129        1.9557931138
LA         0.3936743898       -2.4181236680       -0.6518575703
LA        -2.3996257122        0.6333935907        0.5175216561
LA        -0.1822040377        0.9345299062       -2.3496115223
LA        -0.7001529640       -2.3070871339       -0.7838077680
LA        -1.9809169077        0.4306728290        1.5224023486
LA        -0.2814435010       -2.5098079207        0.2210729784
LA        -1.8232217985        1.4176190485        1.0456760030
LA         0.9116234493        0.8234934425       -2.2176609452
LA         2.2868691234        0.1576586783        1.0828628435
LA        -0.3117658210       -0.9646872850        1.7726548281
LA         1.7213330688       -0.6885836264       -0.8561487368
LA        -1.5726952667       -0.3542002647       -1.2535135017
LA         0.1631283773        2.0074711775        0.3370073537
LA         0.2768752467        1.8561497952       -0.7332544670
LA        -1.1340749525       -1.3197858004       -1.0157033956
LA         0.6420458337       -0.4502955592        1.8559699953
LA         1.3132090505        0.0630529837       -1.5268008939
LA         0.9578897788        1.5264325943        0.9011467791
LA        -1.1370234468       -0.2696996592        1.6413571372
LA         1.9942231885       -0.2666647339        0.1076006815
LA         1.0567232448       -1.5421781317       -0.7514234283
LA        -1.9756446070        0.1363241117       -0.3712919900
LA        -0.8775894268        0.2854453647       -1.7910810022
LA        -0.2954534359       -1.7258098401        0.9969461573
LA        -0.8211800636        1.7070290319        0.6865343081
LA         1.2516893182       -1.4680973859        0.8138534630
LA        -1.2516894915        1.4680972401       -0.8138532277
LA         0.1319896538       -0.9259872245       -1.8733712479
LA         1.6733938310        1.1711662881       -0.4609950207
LA        -1.6733932675       -1.1711668692        0.4609953240
LA        -0.1319899570        0.9259876783        1.8733708084
LA         1.3133551939       -0.3537475372        0.9785861257
LA         0.7893637508        0.9553308135       -1.1277935881
LA         0.2172478754        0.1769399738       -1.6520187194
LA        -0.7091448253       -1.5181133771       -0.0107750694
LA        -0.2963260575        1.0655413381       -1.2587623385
LA         0.7997814496        0.5348541745        1.3718422052
LA         1.4698774439        0.6258557731        0.5054063476
LA        -0.0390492221       -1.4271111552       -0.8772111913
LA         0.3765447643       -1.6283236878        0.1201936812
LA        -1.3935740853        0.9165299666        0.1599826273
LA        -1.5500959103       -0.0630736161        0.6331624506
LA        -0.9779802694        0.7153176145        1.1573872513
LA        -0.7144646270       -0.7467058839        0.7541986071
LA         0.3543380461       -0.8552018306        0.8831303797
LA        -1.1311251658       -0.5449770510       -0.2457658740
LA        -0.9770377969        0.4193897484       -0.7115857239
LA        -0.4034536898        1.1997785593       -0.1860153054
LA         0.0056759900        1.0016959191        0.7958756955
LA         0.6653492445        1.0912823301       -0.0570836511
LA         0.6170239317       -0.5658836246       -0.9674205367
LA        -0.4714520684       -0.4553902605       -1.0987254606
LA         1.0261535673       -0.7639664807        0.0144706919
LA         1.1802411876        0.2004002130       -0.4513491086
LA        -0.1512477639        0.0195783114        1.2702698848
LA        -0.0531571379       -0.6541576776       -0.1098179092
LA         0.1015927144        0.3143544944       -0.5776400677
LA         0.5124809755        0.1154202881        0.4084718471
LA        -0.5609161555        0.2243827408        0.2789858243
          98
Energy of minimum      2=    -543.6429572     first found at step    10214 after              1433435 function calls
LA        -1.7909323180        1.0685808851        1.7821324179
LA        -0.3092619823        1.3101939111       -2.5680784792
LA         2.0711903366       -1.4125845584        1.4567269417
LA         1.2509266067       -1.5318006215       -1.7761166989
LA         2.2360551264        1.3472952565       -0.4110598259
LA         0.3059646715       -2.6068457685        0.7996396540
LA        -1.4899300841       -0.5526881801       -2.2368117583
LA        -0.4144090064        2.5904618140       -0.7444211054
LA         1.3800698349        0.5379238865        2.2896363966
LA        -0.9671605272       -1.5092606084       -1.9664537573
LA         0.0259417754       -2.6451783523       -0.2873425279
LA         1.4323166841        1.4667323414        1.6614617836
LA         0.4399385642        2.6018212722       -0.0164241250
LA        -0.6939280553       -0.8635248985        2.3052434274
LA        -2.3163064296        0.9921625005       -0.4378309218
LA         0.2598056474       -1.9963648931        1.7450404785
LA        -1.8666583129        0.4358999958       -1.8503283628
LA         0.8023630242       -0.4054196380        2.4988668287
LA        -1.3230839458        2.0256818773       -1.0947823398
LA        -2.1429439168        0.0973301281        1.3332775048
LA         1.1412951582       -1.3843671523        2.0689670114
LA        -1.2674088173        1.3707258679       -2.0036056627
LA        -1.5909798839       -0.8823413815        1.6041474252
LA        -2.4156340888        0.0609034060        0.2098435556
LA        -1.5463219675       -1.5232062550        0.6532726696
LA        -2.0496952526       -0.9474443130       -0.1978178583
LA        -0.4731086490       -2.0934341221       -1.1363891635
LA         0.9441615040        2.0500195962        0.8284172879
LA        -1.2565499861        0.1043565729        2.0633443523
LA        -2.0743284714        1.0397370356        0.6806662572
LA         1.1896956999       -2.0109010421        1.1293654626
LA        -0.9002092232        0.3795475136       -2.4041905763
LA        -0.3625391312        1.9516467667       -1.6579188741
LA         1.7268751259       -0.4382402945        1.8748072835
LA         0.1421338183       -1.5221717115       -1.8716594955
LA         0.6381063344       -2.0894684967       -1.0330824463
LA         1.8347547158        1.4085567218        0.6251090964
LA         1.3390887568        1.9755029553       -0.2129495732
LA        -1.1655449817        1.6261241845        1.0267645127
LA        -0.6664202173        1.0552219564        1.8706712601
LA         2.1336347201       -0.4917723539        0.8355950909
LA         0.5431869577        1.3273932380       -1.8534918672
LA         0.2127240714        0.3613971856       -2.3117076886
LA         1.8032835134       -1.4578962982        0.3775683984
LA         0.7320382288       -0.5854212284       -2.0479611739
LA         1.5297881643       -1.4978935039       -0.6991463805
LA         1.3908247169        1.3400282977       -1.1348661955
LA         2.1884661847        0.4276800599        0.2137649611
LA         1.5845569030       -0.5719253840       -1.3240857568
LA         1.9126379298        0.3869650646       -0.8694391628
LA        -0.6127150680       -2.1118797014        0.4390602536
LA        -1.5978957471       -0.9850228757       -1.2266573808
LA         0.4568162646        1.0187551815        1.9210619937
LA        -0.5262044007        2.1431405597        0.2589971717
LA        -1.9755206717       -0.0048630651       -0.8381545561
LA        -0.6644768997       -1.5044440647        1.3785237195
LA         0.9216429257       -2.0613006238        0.0463854179
LA        -0.3780644211       -0.5746856850       -2.1511255493
LA         0.4940440712        1.9738603653       -0.9422357790
LA         1.7933559967        0.4876979339        1.2546064257
LA        -1.4303779436        1.5834095433       -0.0824700476
LA        -0.1217170852        0.0865545410        2.1301787791
LA         1.0700442664        0.3784249804       -1.5999233212
LA         1.8704717376       -0.5371099340       -0.2465814654
LA        -1.1139992145       -1.5694638750       -0.4028715749
LA        -0.0293263016        1.6010125540        1.1004285683
LA        -0.6064752737        0.0151199936        0.3689256861
LA         0.2324843196       -0.8970561518        1.6969118029
LA        -1.3652044602        0.9303917054       -1.0044180924
LA        -1.5290203315       -0.4321831394        0.6119604825
LA        -1.1872817313        0.5327833165        1.0626396615
LA        -1.4503802817        0.4918941601       -0.0175265208
LA        -0.6597310898       -0.4124557367        1.3192821618
LA         1.1519035601       -0.9204756138        1.0810732507
LA        -0.4089991250        0.8648962696       -1.5580598305
LA         0.2789157057       -1.5158637511        0.7610468862
LA        -0.9982365292       -0.0550476474       -1.3983284912
LA         0.6148192158       -0.9993253455       -1.0396749745
LA         1.2611369702        0.8898376934       -0.1439188682
LA         0.8118256482        0.0430427248        1.4995611350
LA        -0.4647390359        1.5031866168       -0.6588207063
LA        -0.4837167216       -0.9946112990       -1.1361564689
LA         0.0067240575       -1.5555811183       -0.3069321252
LA         0.8658308075        0.9553886886        0.8828779285
LA         0.3758773796        1.5158008837        0.0544778260
LA        -1.0987384299       -0.4791220176       -0.4104843092
LA        -0.6169312495       -1.0302165829        0.4041426716
LA        -0.5691185845        1.0627751807        0.3206699395
LA        -0.0881640664        0.5126562050        1.1338549433
LA         0.2604485391       -0.4464391910        0.7230476279
LA        -0.5112156624        0.4361959752       -0.5816619487
LA         0.8936094881       -0.9685110295        0.0189262095
LA         0.1065396275       -0.0682545853       -1.3118309649
LA         0.4326751954        0.8849927381       -0.8596769411
LA         1.2196311130       -0.0151333620        0.4708874875
LA         0.9486515780       -0.0552275345       -0.5984369561
LA        -0.0037430483       -0.4864160596       -0.3268462939
LA         0.3160753808        0.4491329439        0.1168968558
          98
Energy of minimum      3=    -543.5467256     first found at step    12563 after              1760919 function calls
LA        -0.8772338243        2.5129248065        0.5292851242
LA         0.6946907091        1.7496366336        1.9546480991
LA        -1.8683046394       -1.9536200527        1.0142418555
LA        -1.0487620722       -1.2260837585       -2.1389580954
LA         1.2767308085       -2.3552846292       -0.0302900783
LA         0.2088275822        1.4310368946       -2.3451629927
LA         2.7477509200        0.1981999601       -0.0429637764
LA        -0.1718250290       -1.3669091969        2.3385086059
LA        -2.7105830400       -0.1341510912        0.0364605149
LA         2.5010353891       -0.6322870259        0.6712034010
LA        -0.8193534840        0.9800101093       -2.3395981113
LA        -2.4336050847        0.1139198462       -1.0225182601
LA         0.8862227830       -1.4981049627        1.9877743001
LA         1.9774001589        1.0878865187       -1.5981593894
LA         1.2574395363        2.2108237080       -0.2028303118
LA        -1.3743471132        0.7994926303        1.9437962836
LA         2.3637226743        1.1314899681       -0.5429383055
LA         1.0789957877        1.7553203790       -1.7078799295
LA        -2.3770308142       -0.0982574753        1.1113301204
LA        -1.0926688440       -0.7219120119        2.2759399494
LA        -1.9404532731       -1.0086196207        1.5998615383
LA         1.1097322132        0.7767030384       -2.2474061453
LA         2.3782234082        0.1607563612       -1.0971865044
LA         1.7690831473       -0.7064827484       -1.4455583643
LA         0.9903111855       -0.3283309747       -2.1517189111
LA         1.7066981796       -1.0746341767        1.3393787762
LA        -1.6392800005        0.5500886136       -1.6946258380
LA        -0.0920464864        2.1460172116        1.2507125572
LA        -1.0214309655       -1.6615620912        1.6776787224
LA        -2.2912432744       -1.0449724840        0.5262620706
LA         0.1908577915        2.3849372980        0.1665268798
LA         0.9840624793        1.9997767690        0.8857755824
LA        -0.3425150161        1.2884031691        1.9678473066
LA        -1.1357486252        1.6735778163        1.2485724340
LA        -0.9356709191       -0.1234027501       -2.2404611945
LA         1.8897075474       -1.4953354226        0.3214835881
LA         1.0829395702       -1.9278196847        0.9792422694
LA        -1.7421139152       -0.5560448163       -1.5824079811
LA        -0.6825804579        2.0737415096       -0.4928319479
LA         1.3936272576        1.0655865443        1.3897954394
LA        -1.4945651321        1.6382346771        0.1695848375
LA         0.5815055985        0.6301460068        2.0520873198
LA         1.5257867009       -1.5333393930       -0.7390164266
LA        -0.0293408684       -0.7782084448       -2.1491464725
LA        -1.6005057346       -1.7169563574       -0.0397315306
LA        -0.8203094585       -2.0958001690        0.6677203515
LA         0.2274911215       -2.2296224036        0.3201212219
LA        -1.3278185433       -1.4744031064       -1.0901739851
LA         0.5014914637       -1.9846670237       -0.7367264994
LA        -0.2732029337       -1.6084947528       -1.4391897929
LA         2.0546302516        0.3702242760        0.7998744305
LA        -0.4722441892        1.5972111533       -1.4913996531
LA        -2.0720581333        0.7391502668       -0.1862699692
LA         0.4545432977       -0.4877046007        2.1047562742
LA         0.0862113118        0.3256276423       -2.2574862449
LA         2.1454023739       -0.6742633914       -0.3902904571
LA         0.0309958026       -1.8076010185        1.3336893879
LA        -2.0273717581       -0.8081092160       -0.5327589954
LA         1.6713026248        1.2988120603        0.3087130633
LA         0.3879587779        1.9219714382       -0.8549747283
LA        -1.7394971146        0.7809519913        0.8804253374
LA        -0.4563375152        0.1578815920        2.0439456327
LA         0.7506486771       -1.1653496057       -1.4518842990
LA        -0.5519333022       -1.8636867779       -0.3893263755
LA        -1.2887813304        1.1773645627       -0.8531173696
LA         1.2710377980       -0.0656197440        1.4680294868
LA        -0.0100965759        0.5841446677        0.3239466658
LA         1.2907263890        1.2477441600       -0.7552734801
LA        -1.3073382874       -0.1452629359        1.3639773240
LA         1.3124263133        0.2798811977       -1.2974994152
LA        -0.4367521739        1.5314962531        0.4239756135
LA         0.3367782380        1.1558890094        1.1253841822
LA        -1.2286010527       -1.0810966241        0.7760006074
LA         0.6078285477        1.3883799283        0.0731550789
LA        -0.6762716065        0.6999132683        1.1206158287
LA         0.4255622037        0.9329076442       -1.3985273686
LA         1.6846151438        0.3215435909       -0.2568658379
LA        -0.6918459626       -0.6049500730       -1.2929261705
LA         0.8343673798       -1.3460409739        0.0909857452
LA        -0.3925737797       -0.7920395633        1.4371252312
LA        -1.6512238881       -0.1808701941        0.2958296036
LA         1.4442256010       -0.4967555931        0.4426766102
LA        -0.5838015996        0.4880033910       -1.3962610197
LA        -1.3809750035        0.0603057106       -0.7458116366
LA         0.6467524456       -0.9243079069        1.0928541411
LA        -0.2411790663        1.0878249745       -0.5650958314
LA         1.0045028807        0.4829530446        0.5644415070
LA        -1.0240349743        0.6679638871        0.0735652126
LA         0.2215189609        0.0631537726        1.2029861852
LA         0.6434585657        0.4381087534       -0.4750133159
LA         1.0822483410       -0.5405742890       -0.6089099852
LA         0.3119847030       -0.1665536782       -1.3073556392
LA        -0.6130267756       -0.2353423963        0.5500346290
LA        -0.9687145116       -0.8531850191       -0.2624334535
LA        -0.1986523750       -1.2271078719        0.4358294003
LA         0.0717770986       -0.9867339247       -0.6075578807
LA        -0.3480764252       -0.0012408324       -0.4748992383
LA         0.4080892094       -0.3684158513        0.2107628806
          98
Energy of minimum      4=    -543.1896663     first found at step    20973 after              2890559 function calls
LA        -1.1866111978       -1.3544227243       -1.9813710039
LA         0.9674674316       -1.5467571847       -1.9650002339
LA         0.4262450859        1.4539236757       -2.2724977969
LA         1.9781857626        1.7402173052       -0.6599977695
LA         0.9376723481       -2.7371057229       -0.4495749219
LA        -1.9761972755        1.3131093023        1.6493651487
LA        -2.1643735809       -1.5852348974        0.0050114792
LA         0.1336094949       -1.1673153376        2.3850428866
LA         0.1715969314        1.7607191720        2.0489537245
LA         2.3674497054       -1.2914971404        0.4692473798
LA        -2.3349478063        1.3047482686       -0.5526508164
LA        -2.3987421847        0.3312694445       -1.1054109722
LA         2.0979064682       -0.7606364630        1.4198208455
LA         0.8835081820        0.9278789672        2.2925424204
LA         1.8438580237       -0.2507685285       -1.7515765362
LA        -0.1427464301        2.4976023596       -0.3305258797
LA         2.2266828941       -1.3169036818       -0.6463872429
LA        -1.6438257933        2.0650462105       -0.0931517103
LA        -0.3755568918        2.2955948930        1.2228149960
LA         1.4991394927       -2.0346044562       -1.1071622884
LA        -1.4516929959        2.0613834806        1.0120131850
LA         0.4017959478       -2.2460769686       -1.2970302629
LA        -1.8069930489       -0.5160722856       -1.5542238641
LA         1.5017051288        0.0836529786        1.8712755274
LA        -0.3286694662       -0.6743655634       -2.1247364542
LA         1.2103182018        1.6089221079       -1.4758996751
LA         1.6538057854       -2.0160049110        0.0099736893
LA        -0.9034325983        1.5382853250        1.8503675937
LA        -2.1574220559        1.3104160393        0.5493475628
LA         1.1464705694        0.6110607795       -2.0313223246
LA        -1.6767483845       -1.4705022382       -0.9884544884
LA         1.9288429008        0.7539281840       -1.2177031071
LA         0.1442468222        1.9945528374       -1.3149236089
LA         0.9275433617        2.1391675348       -0.5013832231
LA        -2.2827680719       -0.6276197904       -0.5506684451
LA         1.1162153517       -0.9639669215        1.9040873909
LA         0.5095256011       -0.1202685082        2.3403199242
LA         0.0433227068        0.3915349348       -2.2217698543
LA        -0.0995348874       -2.3609673438       -0.3009020658
LA        -0.5689309392        1.2412475820       -1.7828098290
LA         1.4809933837        1.6185777965        0.3460983070
LA         2.0921425416        0.7696288894       -0.0925602762
LA        -1.1329206446       -1.9768401437       -0.1496114463
LA         0.6706708325       -2.2206595716        0.4993814798
LA        -2.0467628640        0.3458627909        1.1041766655
LA        -1.2755944397        0.4858146492        1.9024323395
LA        -2.1097448975       -0.6195636858        0.5563915879
LA         0.4033297547       -1.6976353757        1.4437477575
LA        -0.5725685863       -0.3402606829        2.1475596829
LA        -1.4008892224       -1.4507163756        0.8019667233
LA        -0.6354951502       -1.3112946278        1.5946620661
LA        -1.5386638603        1.0080343336       -1.2594453493
LA         2.1606569391       -0.2067091324        0.4656919148
LA         0.9565889320        1.4660705255        1.3303387753
LA        -0.6435049734       -1.8706720023       -1.1490172900
LA         0.7589661007       -0.4533872146       -1.9585252503
LA         1.3899955946       -1.5004082897        0.9641694184
LA        -2.2337557374        0.3409694833        0.0018910785
LA        -0.1997821031        0.7102857717        2.1088425267
LA         2.0218730984       -0.2257039622       -0.6426871558
LA        -0.8492976175        1.7647345360       -0.8085175696
LA         0.4183267310        1.9973795935        0.5064692504
LA        -0.3688033761       -1.8478305022        0.6525534179
LA        -1.3483593192       -0.4855931782        1.3598115336
LA        -0.9506597832        0.1682298726       -1.7105960440
LA         1.5754541668        0.6334950200        0.9139015502
LA         0.3279099448        0.4233351932       -0.4176297970
LA         1.2895231803       -0.9573246233       -1.0965748840
LA        -0.6676933269        1.7571927331        0.3086529347
LA         0.1961026989       -1.1709798527       -1.2852223454
LA         0.3754321908        0.9289775936       -1.3292728671
LA         1.1390255700        1.0701809901       -0.5355149327
LA         0.7269325038       -1.6501445808       -0.4390447777
LA        -1.1836528443        1.0060617285        0.9386631824
LA        -0.8296295204       -0.7815376024       -1.1251252249
LA         1.0735325000        0.1032531554       -1.0754753160
LA         0.1043885142        1.4434642591       -0.3822593672
LA        -1.3086170713       -0.8949508786       -0.1389731207
LA         0.1999256306       -0.6211624073        1.4222992483
LA         1.4398504640       -0.9375686044        0.0140140809
LA        -0.1222105926        1.2339142501        1.1387896311
LA        -1.3650526402        1.0074538890       -0.1509947187
LA        -1.4285736307        0.0508498943       -0.6941606212
LA         1.1756598325       -0.4186792082        0.9504831064
LA         0.5756335467        0.4151410439        1.3815608649
LA         0.0035456718       -0.1067166382       -1.2619395347
LA        -0.5867789845        0.7129273702       -0.8382846496
LA         1.2323975738        0.1200368889        0.0152386708
LA         0.6432666427        0.9388602115        0.4386237733
LA        -0.2952638410       -1.2857532881       -0.2912603145
LA         0.5263569501       -0.6000812101       -0.4333236623
LA        -0.4173529565        0.7148439781        0.2504387495
LA         0.4656119093       -1.1473311587        0.4980156713
LA        -1.2587648647        0.0538778960        0.4051930122
LA        -0.4974214988        0.1919281569        1.1929673295
LA        -0.4808252085       -0.2265823569       -0.2818785902
LA        -0.5602701797       -0.7670016920        0.6486231746
LA         0.2668957461       -0.0914643626        0.4911962213
          98
Energy of minimum      5=    -543.1654807     first found at step    10302 after              1443748 function calls
LA        -0.2374853578       -1.7199931887       -2.1446590749
LA         0.4851785235        1.4529383117       -2.2605697040
LA         2.0551478470        1.6415595483       -0.6526712241
LA         0.7845913688       -2.7753948871       -0.4675587878
LA        -1.9112829133        1.4047922007        1.6674419380
LA        -2.2532728398       -1.4654501397       -0.0056722038
LA         0.0667171185       -1.1869174465        2.3771175260
LA        -2.2773363340        1.4368760914       -0.5309445159
LA         2.2891296236       -1.4128423271        0.4558172302
LA        -2.3907010670        0.4742104378       -1.0934299345
LA         0.2581848429        1.7367998137        2.0633893451
LA         0.9253181310        0.8663947919        2.2992670672
LA         2.0481143761       -0.8741390307        1.4094309387
LA         1.8066480802       -0.3320054252       -1.7611147087
LA        -0.0202642531        2.5096247321       -0.3065256746
LA         0.8663237590       -1.5787786448       -1.9754559824
LA         2.1434427002       -1.4223967222       -0.6600906583
LA        -0.2619268374        2.3064457696        1.2438462127
LA        -1.5441298784        2.1544598758       -0.0687284916
LA        -1.8466004659       -0.3976385929       -1.5538660488
LA         1.3781923442       -2.0977278853       -1.1236411598
LA        -1.3493843714        2.1301448734        1.0350046660
LA        -1.7624864823       -1.3699406103       -1.0027339887
LA         1.4976527546       -0.0046012548        1.8693948006
LA        -0.3945300947       -0.6273695537       -2.1259123607
LA         1.2790289694        1.5578488434       -1.4665721683
LA         0.2744224283       -2.2497111715       -1.3068321957
LA        -2.0955385559        1.4218767940        0.5689301182
LA         1.5381120020       -2.0959637778       -0.0062108216
LA        -0.8275662025        1.5722770919        1.8665435139
LA         1.1567863974        0.5673338027       -2.0301871622
LA        -2.3237564181       -0.4970859134       -0.5501377615
LA         1.0285896560        2.0952684741       -0.4855032022
LA         1.9493096444        0.6630646200       -1.2186283787
LA         0.2368878153        2.0005135852       -1.2966064268
LA         0.4970040397       -0.1608646737        2.3395739711
LA         1.0579753843       -1.0306124427        1.8950588732
LA         0.0450286045        0.4126485489       -2.2169414921
LA        -0.5177966966        1.2937707072       -1.7677205744
LA        -1.2444221335       -1.9100417280       -0.1617678227
LA         2.1195812133        0.6631979402       -0.0930316164
LA         1.5549093333        1.5389206413        0.3551127433
LA        -0.2316720402       -2.3463959093       -0.3148711486
LA         0.5458967496       -2.2527363324        0.4849223428
LA        -1.2549152392        0.5403109737        1.9114106411
LA        -2.0330856215        0.4470382249        1.1130044812
LA        -2.1471444451       -0.5090614338        0.5557338940
LA         0.3070589104       -1.7233895061        1.4323885307
LA        -0.5958434747       -0.3228562893        2.1479359545
LA        -1.4830367574       -1.3770284634        0.7926539184
LA        -0.7103044073       -1.2841500992        1.5862952459
LA        -1.4978906631        1.1088205901       -1.2418290551
LA         1.0255017493        1.4068888729        1.3407136347
LA         2.1381461997       -0.3186734014        0.4581835908
LA        -0.7494205809       -1.8235348906       -1.1584680995
LA        -2.2228237925        0.4624556255        0.0120994655
LA        -0.1682037680        0.7069410207        2.1163432974
LA         1.3023479642       -1.5737101897        0.9515838085
LA         0.7092204816       -0.4789210456       -1.9642374234
LA        -0.7666769441        1.8215724437       -0.7881874137
LA         0.5144828336        1.9729216387        0.5236626873
LA         1.9932028196       -0.3221830724       -0.6510057119
LA        -0.9565415893        0.2472221907       -1.7023794657
LA        -0.4732004181       -1.8268262091        0.6409770537
LA        -1.3792834306       -0.4212648618        1.3598102196
LA         1.5988384524        0.5469530659        0.9154276238
LA         0.3376113955        0.4135722101       -0.4138217946
LA         1.2244887632       -1.0120296597       -1.1051854193
LA        -0.5838663446        1.7914694626        0.3266403114
LA        -0.8851250346       -0.7312540472       -1.1403028778
LA         0.4089259778        0.9237511312       -1.3214066067
LA         1.1817535601        1.0165938085       -0.5299444192
LA         0.1277944351       -1.1593338772       -1.2820895303
LA         0.6307275142       -1.6781780879       -0.4478609794
LA        -1.1377131917        1.0628006341        0.9514739749
LA         1.0607855073        0.0575061240       -1.0783416873
LA        -1.3637110214       -0.8206697644       -0.1462821311
LA         0.1696230638        1.4441566505       -0.3685809108
LA        -1.3220814595        1.0845327525       -0.1364723332
LA         0.1593497042       -0.6373463303        1.4184235423
LA         1.3803925952       -1.0075203655        0.0058972862
LA        -0.0651551842        1.2334346540        1.1500174906
LA        -1.4351142591        0.1370565592       -0.6896118808
LA         0.5891566794        0.3778385735        1.3847337237
LA         1.1435876795       -0.4818596023        0.9452265707
LA        -0.0187406258       -0.0907540348       -1.2610632166
LA        -0.5610745578        0.7578419034       -0.8275159723
LA         1.2268655095        0.0601408956        0.0137644156
LA         0.6822907489        0.9044679945        0.4456224334
LA         0.4853875298       -0.6176616380       -0.4332466583
LA        -0.3718713010       -1.2622418879       -0.2987068728
LA        -0.3897792892        0.7373107740        0.2583920499
LA         0.3961345424       -1.1697748375        0.4914032895
LA        -0.4950064312        0.2123318371        1.1973987981
LA        -1.2629300639        0.1198546748        0.4084761773
LA        -0.6087664503       -0.7370750166        0.6435103047
LA        -0.5036510969       -0.1965160600       -0.2862074448
LA         0.2512620612       -0.1043304521        0.4912774923
