          98
Energy of minimum      1=    -543.6653608     first found at step     4633 after               624195 function calls
LA        -2.2734902495        0.7094150191        1.0462740449
LA         1.6530589123        1.9581634914       -0.4468868959
LA         1.3984590612       -1.9651944237       -0.9741874107
LA        -0.0526220667        1.3486268417        2.2237697270
LA        -1.6536776939       -0.1469749276       -2.0026143347
LA         1.3626091688       -2.2136365638        0.0991308837
LA        -1.5720687054        1.9987950068       -0.5478459229
LA        -0.6816685417       -0.0346018792       -2.5101486252
LA         2.4829489050       -0.4945746877       -0.5975590524
LA         1.8879647063        0.5338746175        1.7080052277
LA        -0.2780236741       -2.4033081103        0.9557874969
LA         0.3998299092        1.4319602631       -2.1345587439
LA        -0.8387048084       -1.1228851404        2.1914421148
LA        -2.2128126293        1.1299155257       -0.7703683091
LA        -1.6327459984        1.5782943838        1.2687964624
LA        -1.2141834377       -2.2672387475        0.3900039308
LA         1.5925495737        1.5388232797        1.3647430880
LA        -1.1536738012       -1.8478982552       -1.4216265763
LA         2.4470993688       -0.7430163640        0.4757592543
LA         0.2427929148        0.3436780577        2.5670316083
LA         1.9843244038        1.2016566557       -1.1769427866
LA        -0.1816644494       -1.7355256988       -1.9291610220
LA        -1.7748646322       -0.9868152606        1.6256589176
LA         0.0685643311        2.1884667634       -1.4045026758
LA         0.1496596454       -0.7265657549       -2.2559246601
LA        -2.3500542510        0.3416677148        0.0005923504
LA         0.5234612224        1.8381522148        1.4094952105
LA        -1.7843797733       -0.9501574303       -1.2460661300
LA         1.7482645098       -0.9589206285       -1.2897811779
LA         1.1112589187       -0.1614280646        2.0924950075
LA         0.0171115135       -1.6451443528        1.7125124888
LA         1.6769333779       -1.4532539770        0.8458362936
LA         0.5846781852        2.2623968639       -0.4233244360
LA        -1.0751441785        2.0705061845        0.4433522225
LA        -1.8455972023       -1.3744025724        0.5867541045
LA         1.2438077435        0.7571501644       -1.8759416550
LA        -0.9828115654        1.8067553942       -1.4822066809
LA         2.4388940385        0.5978069730       -0.3487731808
LA         0.2887016014       -2.5186999185       -0.0047540214
LA        -1.1010991911        0.9870037511        2.0592775114
LA         2.4028796202        0.3482253717        0.7294707514
LA        -0.6517541973       -2.3820060819       -0.5731342842
LA        -1.7447842404        0.1141371569        1.8357342963
LA         0.3247159296       -2.2691174940       -1.0829978516
LA        -0.8043284859       -0.0225570608        2.4041144333
LA        -1.6264958305        0.9338883709       -1.7057500169
LA        -0.6500258677        1.0467772904       -2.2156133647
LA         2.1061087030        1.3577857650        0.3846329566
LA         0.9043541564       -1.0508798203        1.4993063904
LA         1.0128094445       -0.2992705693       -1.7477927729
LA        -1.9278004513       -0.6392310995       -0.2123533546
LA         0.0106367255        1.9893815663        0.4608395843
LA        -1.2878901075       -1.4995847634       -0.3901266250
LA        -0.4813577930        1.8906706107       -0.5032633521
LA         1.6426538877       -0.3536790946        1.1118510696
LA         0.1851693449        0.3685298502       -1.9721845536
LA         0.0544619480       -0.5372883994        1.9411256535
LA        -1.8291525540       -0.2635082481        0.8027318918
LA        -0.5399333262        1.4847342116        1.2504603283
LA         0.6678562669       -1.2734832476       -1.4113194405
LA         1.7147856788        0.1462024701       -1.0477354544
LA         1.0482588372        1.6683434483        0.4211855608
LA         0.5957245260       -1.7733649297        0.7482669788
LA        -1.7705767944        0.1424281741       -0.9509920627
LA        -0.8125080614       -0.8333850788       -1.7406013032
LA        -1.7024331356        1.1989275363        0.2206546956
LA         0.8125081666        0.8333854649        1.7406010316
LA         1.7024326941       -1.1989279037       -0.2206547358
LA         0.9088160998        1.5008113884       -1.1428087005
LA        -0.9088158776       -1.5008113302        1.1428089410
LA        -0.3073156355       -1.3829777611       -0.8947622590
LA        -0.1507518164        1.1242012508       -1.2333352283
LA         1.6723032484       -0.1000124066        0.0327059351
LA        -0.2450306118        0.4708377447        1.5893212237
LA        -0.8839264579       -0.3955353465        1.3674414034
LA        -1.1199570937        1.0121523915       -0.7272648290
LA         1.3419938976        0.6543120552        0.7606561878
LA        -0.7896475906        0.2578281414       -1.4552151870
LA        -1.1784897939        0.6065143858        1.0251696989
LA        -0.3430618051       -1.6307032782        0.1754597681
LA         1.3777401421        0.9020373382       -0.3095658720
LA         0.6261435534       -1.5186545671       -0.3306107737
LA         0.9208898798       -0.7853308028        0.4148040183
LA        -0.6185411826        1.0954485181        0.2329049843
LA        -0.0332403413       -0.8956368011        0.9130031717
LA        -0.9690951315       -0.7596119465        0.3474037486
LA        -1.2590767068        0.2268519623        0.0104555878
LA         0.9567278414       -0.5369697123       -0.6581647051
LA         0.3003989603        0.9618822887        0.7882817163
LA         0.5957181746       -0.0427391879        1.1314317800
LA         0.6667462595        0.4494942566       -0.9951127616
LA        -0.9339049338       -0.5157396234       -0.7061721993
LA         0.0377876995       -0.4034033931       -1.2135415041
LA         0.3355891214        1.2057545528       -0.2652941288
LA        -0.2946942605        0.3424413710       -0.4885663891
LA         0.6281960199        0.2083008991        0.0691977143
LA        -0.3300357255        0.0975207411        0.5695384187
LA        -0.0034661792       -0.6482630341       -0.1501698584
          98
Energy of minimum      2=    -541.4731998     first found at step     3167 after               426309 function calls
LA        -2.0489103254       -1.9057699931       -0.3363401552
LA        -0.7873362529       -2.4248899106        1.2993735194
LA        -0.2561088094       -2.8284718278        0.3500214156
LA         1.2578042539       -1.6123279601        1.3892492929
LA        -0.8478070101       -1.5425075207        2.0089689481
LA         0.5213989108       -2.5827159327       -0.4379297674
LA         2.1820488965        1.7852721264       -0.2135797785
LA         1.6758779833        2.1698182932        0.6909935825
LA        -1.9341480355        1.4057658136        1.2773018219
LA         0.2812942344       -0.2773404568       -2.6818953790
LA        -1.1968713269        2.1606189239        0.9093139831
LA         0.6742181595        0.7391226833       -2.4344926677
LA        -2.4953412338        0.7989155331        0.5438746011
LA        -0.7873719354       -0.4986550411       -2.5084223801
LA        -2.3106416752        0.9589076711       -0.5451507677
LA        -1.4450098692        0.3012740735       -2.0921134429
LA         0.6274739836        2.5447165199        0.6097864595
LA         1.6317085124        1.7817833652       -1.1848712490
LA         2.5255515894       -0.0412824120       -0.3786656497
LA         1.1699786544        0.9885681607        2.0438652307
LA        -0.6322356708        0.5963136699        2.3348518684
LA         1.5719177958       -1.0782172932       -1.6041713920
LA         2.2254034480       -0.7392966361        0.4249927400
LA         1.3754278278       -0.0935559008        1.9439766806
LA        -1.2704934025       -2.3596589430        0.2921944709
LA         0.1191013777        1.3466423177        1.9868358376
LA         1.9865294120       -0.0720727628       -1.3504271147
LA         2.4220872732        0.8328297063        0.3234453832
LA         1.9142763650        1.2186215712        1.2309492636
LA        -1.5167088661        1.1587456773       -1.3413008113
LA        -0.3896196242        2.3751940344        0.1308055201
LA         0.6281648708        1.6019672703       -1.6880673007
LA         0.5596637258       -1.1788579508       -2.0766310167
LA        -1.6061455054        0.4665413150        1.7938675096
LA         2.1266369230        0.1349917749        1.1326127421
LA        -2.1686767686       -0.1415258188        1.0586100628
LA        -0.5115381300       -1.4004792937       -1.9028480164
LA        -0.4243833318       -0.4915617731        2.2243976877
LA         1.2634184592       -1.7738123964       -0.7918591883
LA        -2.1206367677       -1.0310928910        0.3709107668
LA        -1.2821498881       -1.6681035623       -1.1275411925
LA         0.1238763281       -1.8471582526        1.5560389145
LA         0.6493959824       -2.2464038964        0.6168866260
LA        -1.9422951382       -0.8765997668       -0.7141938292
LA        -1.7472182757        1.5510435621        0.1842491123
LA        -0.3827518078        0.5144372780       -2.2541763012
LA         1.1285444552        2.1533814023       -0.2839328703
LA        -1.3928186280       -0.6166648068        1.6872867377
LA         0.2587325486       -1.8713744092       -1.2641871434
LA        -0.9605571722        1.7691228102       -0.6009075769
LA        -0.4446285762        1.3771639697       -1.5229184955
LA         0.1266961129        1.9954483454       -0.7773964843
LA        -0.1450655256        1.9675967240        1.1230888082
LA         1.3837744184        0.8061125085       -1.6090866259
LA        -1.8393756133        0.1410357043       -1.0892129252
LA         1.3857366514       -1.4548063849        0.2619092575
LA         0.5377055984       -0.8105433672        1.7774186792
LA        -1.3427241090       -1.4957770345        0.9983998341
LA        -0.5082467476       -2.1297429723       -0.4928880439
LA         0.8757767006        1.5924661502        1.1722632901
LA         1.8940358503        0.8188783578       -0.6474575802
LA         0.9738203180       -0.1796181143       -1.8375797406
LA        -0.8682790503        1.2198540457        1.4544193416
LA        -1.9963547240        0.0003620139       -0.0196542433
LA        -1.1740688883       -0.6243408505       -1.4891537692
LA         1.6820761094       -0.7585253752       -0.5452068548
LA         0.3269021316        0.2710221699        1.8766121637
LA         0.4817481140       -1.2082760681        0.7832253133
LA         1.3026549214       -0.5671911052        0.9700455143
LA        -0.3799448226       -1.7716136469        0.5405314205
LA        -1.1542327122       -1.3251874177       -0.0825179539
LA        -0.4398777153       -0.9212248296        1.2283355344
LA         0.3713611655       -1.5375362072       -0.2214232023
LA         1.3803055780        1.2022728096        0.2612736328
LA        -1.4269575938        0.6096993281        0.7133039134
LA        -0.1001974384       -0.3982609769       -1.6577372099
LA        -0.6931364054        1.3455900451        0.3784060774
LA         0.3094701836        0.5838940731       -1.4133427099
LA         0.3528279608        1.5633497472        0.2082150642
LA         0.8588049954        1.1789509374       -0.6960116213
LA        -1.2543083705        0.7410012134       -0.3543305449
LA        -0.7579461070        0.3639071620       -1.2413747878
LA         1.0885061524        0.5117580251        1.0629919811
LA         1.5915380620        0.1295965822        0.1640284863
LA         0.6681688975       -0.8663403272       -1.0273955705
LA        -0.6575413421        0.1408228247        1.3417696011
LA        -0.3945981709       -1.0849003232       -0.8555651275
LA        -1.2156617021       -0.4611257399        0.6117503913
LA         1.0695519716        0.1203507796       -0.7926636874
LA         0.0656739230        0.8830129650        1.0013573401
LA        -1.0455492976       -0.3119575300       -0.4524392156
LA         0.2781923290       -0.1740691042        0.8968335941
LA         0.7780129363       -0.5537908055        0.0036086742
LA        -0.2008941956        0.9750691314       -0.5269287712
LA        -0.2743892492       -0.7588872906        0.1690735284
LA         0.5634129598        0.5038444281        0.1010772898
LA        -0.4878283795        0.2882048866        0.2720793381
LA         0.0122961750       -0.0917476019       -0.6216886920
          98
Energy of minimum      3=    -541.4291202     first found at step     2279 after               313627 function calls
LA         0.3268905563        1.3164944528       -2.2561608257
LA        -0.8922877256       -2.6301597736       -0.3558165949
LA         0.9990167571        2.5768041240        0.2888430576
LA         2.5109649451        0.3474397793       -0.8355283619
LA         0.5852990419       -1.0946633309       -2.3555744456
LA         1.0784996657       -1.7824030384        1.6147583276
LA         2.6435883192        0.1649623152        0.2498415146
LA        -0.4466693782       -0.7215086441       -2.5084978614
LA        -1.2318770544        1.7896143565       -1.4136857178
LA         1.8240587485        0.2693334910        1.8691569487
LA         0.1371004351       -1.5029274855        2.1275198179
LA         0.8821706937        0.5494883334        2.3824401358
LA        -2.4830256783       -0.2034052039       -0.6736208264
LA        -1.5432506871       -0.8604905928        1.8713308646
LA        -1.5141946209        1.5501883206        1.3551845383
LA        -1.9858864306       -0.2617194108       -1.6621005356
LA        -0.7988572227        1.1935444580        2.1234023291
LA        -1.7329432896        1.8490022060       -0.4259945908
LA        -2.2599917612       -0.5036700420        1.1049181092
LA         1.0612272240       -2.2322475138        0.6001074881
LA         0.7904121555       -1.8584675532       -1.5715225916
LA         1.9032167235        1.2052807489       -1.1931552163
LA         2.1286503876       -0.6786744050       -0.9668913697
LA         2.2644061218       -0.8628253535        0.1190949566
LA         0.9577317496       -0.0606693393       -2.2219800970
LA        -0.1468672251        1.9916819658       -1.5085248714
LA         2.1728619969        0.8412638608        0.9892702977
LA        -1.2791839420       -1.0846644151       -1.8822964477
LA        -0.8371042069       -1.6796815103        1.6374092362
LA        -1.1539353507        2.1183802599        0.4766876234
LA         0.2818444461        1.4044474526        2.0193924361
LA        -2.2765758982       -0.9657890500        0.1003230740
LA        -0.0734092050        0.3007473497       -2.3782537257
LA         1.4457836442       -0.7543577358        1.7406501581
LA         0.5100113404       -0.4762513711        2.2508955455
LA        -2.1042798102        0.8215466140       -0.5500765338
LA        -1.6083386391        0.7633806338       -1.5320340188
LA        -1.1711501659        0.1672375532        1.9925224404
LA        -1.8826871913        0.5218321484        1.2299248774
LA         0.9349118399       -2.0496784761       -0.4869322672
LA         0.0845791840       -2.4243160142        0.1219820914
LA        -0.0500753439       -2.2395566367       -0.9609688120
LA         1.4496743860        1.8855391673       -0.4483890288
LA         0.4244380035        2.2783172531       -0.6089868276
LA        -1.0816874711       -1.8520381675       -1.1173828830
LA        -0.8628456402       -2.1499635028        0.6400328333
LA        -1.5833719735       -1.7944463505       -0.1271642051
LA         1.5824726030        1.7038645085        0.6381700479
LA         0.6387633621        1.9862482916        1.1527844702
LA        -0.0780347042        2.3421761265        0.3816280736
LA         0.8828255819        1.5986534147       -1.3503376732
LA        -0.2460378701       -1.4765958216       -1.7306213844
LA         2.0423110818        1.0251417982       -0.0996754813
LA         0.1089606842       -1.9617063261        1.1215141689
LA        -0.6517553658        2.0610055743       -0.5154308241
LA         1.2288367514        1.1257179489        1.5063260945
LA        -1.5589096083       -1.3253204291        0.8695415095
LA        -0.4360349342        1.7646279538        1.2496741980
LA        -1.7791762347       -1.0268798858       -0.8922587256
LA         1.1451195583       -0.8323422318       -1.4371277431
LA         1.5196604657        0.1876876612       -1.3071718389
LA         1.4149162406       -1.2050255642        0.7291041365
LA         1.7874218398       -0.1828640012        0.8577221060
LA        -0.5230948247        0.9647982320       -1.6212490467
LA        -0.9011293730       -0.0581327849       -1.7447097767
LA        -0.4628416948       -0.6485351725        1.7551148255
LA        -1.8926432228        0.0611850801        0.2253012771
LA        -1.5195621279        1.0857018164        0.3498489503
LA        -0.0910101710        0.3757747361        1.8816923134
LA         1.2843526083       -1.0263953794       -0.3547644843
LA         0.4984349215        0.5762558714       -1.4617756791
LA         1.6568536962       -0.0012119378       -0.2247033675
LA         0.1224432718       -0.4460710106       -1.5928489049
LA         0.4758723484       -0.9281376415        1.2433876654
LA        -0.5162087934       -1.5753700634       -0.2233091329
LA         0.8490638791        0.0980584872        1.3708927522
LA        -1.0217208710        1.0276596362       -0.6356492878
LA        -1.3973363230        0.0009869008       -0.7604633357
LA        -1.1786319496       -0.2950435965        0.9903676169
LA        -0.8051330477        0.7324084395        1.1166230571
LA         0.6134935172        1.5238814836        0.1617406073
LA         0.3106452252       -1.2017849390       -0.8251836606
LA         0.4446911020       -1.3853138818        0.2502486949
LA         1.0636137591        0.8518174117       -0.5648962129
LA         0.0468393757        1.2419763256       -0.7255074554
LA         1.1968403986        0.6703539905        0.5079578065
LA        -0.7054813529       -0.8160200477       -0.9807826111
LA        -0.4880856986       -1.1108194107        0.7622514541
LA        -1.2002260891       -0.7577796579        0.0007933686
LA        -0.4496824655        1.3024301302        0.2541380842
LA         0.2614583155        0.9490695792        1.0171660174
LA         0.6854080825       -0.1751994459       -0.6940698117
LA         0.8188606474       -0.3570048898        0.3783991049
LA        -0.3300241085        0.2127351817       -0.8504677724
LA        -0.1135790030       -0.0806008243        0.8880403144
LA        -0.8238733052        0.2721760553        0.1277708201
LA        -0.1417679778       -0.5404295030       -0.0938291129
LA         0.2349793455        0.4902398840        0.0344837417
          98
Energy of minimum      4=    -541.4173221     first found at step     2278 after               313520 function calls
LA         1.5747130968        0.8313727707       -1.9630403677
LA        -0.9639006678       -2.5989516746       -0.3958510339
LA         1.0526769788        2.5492830718        0.3371933129
LA         0.8007252166       -1.2027534940       -2.2419458393
LA         0.7983546241       -1.7677887046        1.7730177852
LA        -1.0035375441        1.7995576001       -1.5889066009
LA         2.5894693030        0.2357109308       -0.5560713841
LA         2.5915232577        0.0777338509        0.5424329203
LA        -0.1743665269       -0.7596994101       -2.5259322996
LA        -0.1847528512       -1.4391841896        2.1633378556
LA         1.5986934237        0.2597192730        2.0563677437
LA        -1.6087957537        1.9053187440       -0.6670427451
LA        -1.7912135745       -0.2306145585       -1.8825200254
LA         0.8805889975       -1.9388813481       -1.4180452746
LA        -0.9972899277        1.2873311039        1.9859663802
LA        -2.4026202897       -0.3815732097        0.8387513444
LA        -2.4008011432       -0.1241469481       -0.9620736856
LA         0.6159339575        0.5879177402        2.4507598953
LA        -1.7952684276       -0.7408484469        1.6937061188
LA        -1.6059627222        1.6468789029        1.1319775668
LA         0.8797278235       -2.2484380004        0.7762704689
LA         0.0937798838        1.9583426602       -1.5668169048
LA         2.1884360370       -0.9397152492        0.4020424394
LA         2.1882593457       -0.7823974519       -0.6958914895
LA         0.2283871597        0.2603823057       -2.3748412704
LA         2.0599034184        1.1036915872       -0.9985106699
LA         2.0683267073        0.7917132220        1.2075391628
LA        -1.0948271770       -1.0814318484       -1.9984718851
LA        -1.1016258126       -1.5928630103        1.5657176583
LA        -1.1249208006        2.1771905735        0.2889887700
LA        -2.3198210972       -0.8704777677       -0.1501160777
LA         0.0964182185        1.4541026260        2.0014250365
LA         1.1954401777       -0.1913993584       -2.0929486068
LA         1.1936353348       -0.7516147704        1.9124099857
LA        -1.3960726680        0.7832035501       -1.7303906276
LA         0.2166755956       -0.4254210947        2.3029024869
LA        -2.0005027973        0.8890032214       -0.8150798888
LA        -1.9999680591        0.6308303785        0.9857837197
LA        -1.3957040355        0.2738134089        1.8350141907
LA         0.8895516690       -2.0943977327       -0.3213824391
LA        -0.0414153940       -2.2608317341       -0.9052186871
LA        -0.0416281097       -2.4170048590        0.1900358191
LA         0.5691026389        2.2500177290       -0.6116009054
LA         1.5530228675        1.8209521593       -0.3301380338
LA        -1.0285392008       -1.8362724139       -1.1949294431
LA        -1.0302506298       -2.0911063264        0.5843192810
LA        -1.6403862112       -1.7309868958       -0.2724886335
LA         1.5573379073        1.6656676050        0.7704774070
LA         0.5730336004        1.9972249774        1.1679257496
LA        -0.0370593623        2.3575436350        0.3128152265
LA         1.0735222165        1.5350103885       -1.2834871780
LA        -0.1120968551       -1.5132166087       -1.7125095445
LA        -0.1142738867       -1.9258898137        1.1733223644
LA        -0.5169866817        2.0736626183       -0.6375099669
LA         2.0688191889        0.9498900904        0.1062366570
LA        -1.7109883253       -0.9797179933       -1.0753913279
LA         1.0838001168        1.1259151948        1.6063353601
LA        -0.5145183269        1.8187621250        1.1469229871
LA        -1.7129975628       -1.2343953326        0.7084895880
LA         1.2602513950       -0.9236604865       -1.2694738204
LA         1.2603236533       -1.2320810075        0.9176115783
LA        -0.3009915547        0.9460665950       -1.6949293931
LA         1.6550014866        0.0905644357       -1.1303117334
LA         1.6584118257       -0.2204648811        1.0598439985
LA        -0.6952885666       -0.0654443325       -1.8413063166
LA        -0.6998524385       -0.5743786756        1.7013234271
LA        -1.5145542649        1.1556909089        0.1427930702
LA        -1.9112878484        0.1435624128       -0.0037553394
LA        -0.3011986674        0.4373216653        1.8459627827
LA         1.2641341314       -1.0811257086       -0.1769445690
LA         0.6761004251        0.5193001198       -1.4109120104
LA         1.6599222915       -0.0656353495       -0.0349054382
LA         0.2818097561       -0.4944450394       -1.5576850925
LA         0.2798667585       -0.9041759343        1.3106302913
LA        -0.9098010599        1.0516212700       -0.7763638315
LA        -1.3060630077        0.0363868022       -0.9229208104
LA        -0.5615125176       -1.5560888429       -0.2462202883
LA         0.6794818703        0.1101847882        1.4539353724
LA        -0.9079222310        0.7980572863        0.9953694791
LA        -1.3067284379       -0.2168616954        0.8490957377
LA         0.6424705792        1.5080537270        0.1919201673
LA         0.3449548630       -1.2347281625       -0.7544535708
LA         0.3448345207       -1.3893401782        0.3333452528
LA         0.1681722541        1.2234375220       -0.7439794421
LA         1.1448958294        0.7987168845       -0.4659148063
LA        -0.6272852169       -0.8115197905       -1.0398767824
LA        -0.6288527738       -1.0641953751        0.7240395758
LA         1.1473416235        0.6436330886        0.6221188453
LA        -0.4330510967        1.3295056420        0.1677521733
LA        -1.2316955340       -0.7067180243       -0.1253583501
LA         0.1715854963        0.9716627158        1.0145411191
LA         0.7440764966       -0.2185243405       -0.6081934697
LA         0.7447765116       -0.3727162797        0.4772526689
LA        -0.2290178047        0.2052407159       -0.8902170699
LA        -0.2284457346       -0.0461555393        0.8676165064
LA        -0.8306442701        0.3110588099        0.0214033586
LA        -0.1612813755       -0.5331751735       -0.0991800119
LA         0.2402962924        0.4856456285        0.0470142959
          98
Energy of minimum      5=    -541.4064516     first found at step     4600 after               621089 function calls
LA         1.9842053011       -0.0742422197       -2.0368269977
LA        -0.2504404375       -1.7603458403       -1.9092676619
LA        -1.7189855405       -0.1734806698       -1.9698469977
LA        -1.2126153881       -2.2997879044        0.4076170841
LA        -0.7551477644       -0.0533991308       -2.4923658150
LA        -0.2667965259       -2.4274877050        0.9610783454
LA        -2.2700739340        1.0904194933       -0.7245353683
LA        -1.7697954923       -1.0309258471        1.6556883790
LA        -1.6344298046        1.9655010637       -0.5106968372
LA        -1.6618538691        1.5385219507        1.3054491405
LA         0.2468252260        0.3208721723        2.5703710041
LA        -0.0653345302        1.3235336890        2.2348329124
LA        -0.8231821639       -1.1565895091        2.2072106160
LA         1.8754956330        0.5329500241        1.6883978444
LA         1.5632101345        1.5357046147        1.3526123287
LA        -2.2961114891        0.6623673641        1.0908349349
LA        -0.0050031670        2.1701217620       -1.3959283317
LA         1.3602342665       -2.2113250427        0.0715867413
LA         2.4338600935       -0.7301977189        0.4341458062
LA         1.5969868615        1.9547581115       -0.4655799719
LA         1.3799816740       -1.9514885097       -1.0009396413
LA         0.3276088605        1.4154688226       -2.1298144176
LA        -1.8250853991       -0.9875798835       -1.2156665703
LA        -0.6593560692       -2.4093533089       -0.5636076225
LA         2.4443674925       -0.4739115814       -0.6428905589
LA         1.9236629773        1.1958522863       -1.2024856859
LA         0.3123703552       -2.2837255732       -1.0843306512
LA        -1.8517698975       -1.4169952559        0.6158154752
LA         0.0835394796       -0.7452969129       -2.2522567328
LA        -2.3859892333        0.2968247228        0.0455122917
LA         0.0317368540       -1.6675717177        1.7140192899
LA        -1.1227597982        2.0396468344        0.4725383375
LA         1.1132701385       -0.1730689010        2.0806811421
LA         0.2889340702       -2.5354295004       -0.0062749207
LA         0.4919075663        1.8220065711        1.4126374373
LA         1.6773516457       -1.4509621811        0.8161174596
LA         0.5248997281        2.2480406659       -0.4230948639
LA        -1.0572130258        1.7835972327       -1.4549709673
LA        -1.6954492485        0.9055806109       -1.6699134131
LA        -1.7487004048        0.0700394280        1.8695878274
LA        -0.7268926660        1.0292471184       -2.1961654953
LA         2.0645710561        1.3640932551        0.3653973612
LA        -0.7978477882       -0.0568265921        2.4220507257
LA        -1.1116211378        0.9503638276        2.0855040351
LA         2.3781790981        0.3571534246        0.7026307488
LA         2.3925314876        0.6096544721       -0.3744627438
LA         1.7074614137       -0.9379246684       -1.3247030570
LA         1.1835900347        0.7417597244       -1.8874035310
LA        -1.9554228667       -0.6794891795       -0.1780359742
LA         0.9092801370       -1.0634292131        1.4874961919
LA        -0.0357641093        1.9709394909        0.4713735998
LA        -0.8679862351       -0.8542789949       -1.7216022022
LA        -1.3094092635       -1.5361070437       -0.3796769844
LA         0.9433300211       -0.3041512074       -1.7511549905
LA        -1.8205023321        0.1085360227       -0.9153918202
LA         0.5977909111       -1.7876350995        0.7404308441
LA         0.6214345349       -1.2834213191       -1.4213461320
LA        -1.8455112294       -0.3055057697        0.8369055412
LA        -0.5414879199        1.8698380784       -0.4848660745
LA        -0.9054350939       -1.5332477956        1.1595986176
LA         1.0046152613        1.6633776816        0.4162199795
LA        -0.5684903916        1.4573419256        1.2692467004
LA         0.0595505178       -0.5604250097        1.9442420447
LA         1.6337653299       -0.3567896673        1.0925924107
LA        -1.7447434765        1.1618503118        0.2578966198
LA         0.1156216716        0.3552567618       -1.9684619804
LA         0.7972483865        0.8194628199        1.7367096456
LA         1.6823219752       -1.1900291713       -0.2509893211
LA         0.8471745963        1.4887966077       -1.1490923011
LA         1.6456584517        0.1534609301       -1.0409890061
LA        -0.3432600266       -1.4044080696       -0.8861588100
LA        -0.3531663517       -1.6545753247        0.1837255046
LA         0.6049877035       -1.5295605341       -0.3385372333
LA        -0.8491115237        0.2368874062       -1.4352882329
LA        -0.2157646193        1.1078819334       -1.2218965889
LA        -1.2009674297        0.5722818796        1.0523525985
LA        -1.1752091695        0.9847201515       -0.6993592593
LA        -0.8898930217       -0.4281727787        1.3856164097
LA        -0.2570664561        0.4453372115        1.6002961332
LA         1.3139348823        0.6501936282        0.7501509732
LA         1.3277301415        0.9035481445       -0.3169749622
LA         1.6400975490       -0.0995582905        0.0188670617
LA        -0.9729544028       -0.5388417443       -0.6843187170
LA        -0.0139090471       -0.4188791396       -1.2074067360
LA        -0.9880941385       -0.7924124126        0.3655979290
LA        -1.2944277399        0.1952633425        0.0390060697
LA        -0.0406070484       -0.9174417419        0.9173069842
LA         0.9036266328       -0.7950934882        0.4041304139
LA        -0.6595048720        1.0705129059        0.2525389798
LA         0.2848482865        1.1925289411       -0.2612576886
LA         0.5823892993       -0.0577308998        1.1276443828
LA         0.2700219457        0.9451823729        0.7918383562
LA         0.9146099923       -0.5462051578       -0.6675265973
LA         0.6074160024        0.4412875839       -0.9973518917
LA        -0.0324462738       -0.6666603829       -0.1447649568
LA        -0.3400572522        0.3231850280       -0.4752169472
LA        -0.3547586819        0.0735436208        0.5815152795
LA         0.5941700698        0.1966715868        0.0660777222
