          98
Energy of minimum      1=    -543.6653608     first found at step     1092 after               256801 function calls
LA         2.2043221929        1.3478284132        0.3017245004
LA        -1.0621205157       -2.2294146651       -0.8175122045
LA        -2.1222494808        1.1489060773        0.9709725191
LA         1.7661288475       -1.4536755794       -1.2386814793
LA         0.9161159610        1.3226559509        2.0440224957
LA         2.2444690404        0.3493887794       -1.2676759786
LA        -1.6050822288        1.9485555620       -0.6273424290
LA         0.1967371757       -2.5419321012        0.5163249128
LA        -2.0583176241       -0.4410702481       -1.5282346478
LA        -0.8599091834        0.8355237570        2.3084999472
LA        -2.3647187283       -0.9148304152       -0.5812972245
LA         1.4986463047        0.5345426387       -2.0579210996
LA         1.2489608827       -2.2533257263        0.3596329145
LA        -1.5812970590        1.3570196215       -1.5571490386
LA         0.1996414938        1.8454998549       -1.8223581851
LA        -1.1425250855       -0.2297722829        2.3256304169
LA         1.6857238608        0.5459661898        1.9044609175
LA         0.1758562990        2.4370355744       -0.8925514566
LA        -0.7557192434       -1.7556543110       -1.7644494852
LA         1.2087029631       -1.2521236795        1.9333749388
LA         1.4347142327        2.1245180756        0.4412860728
LA         0.1564792926       -1.5407300371        2.0900671107
LA        -2.4048653133        0.0836100929        0.9881031863
LA         1.0203062431       -1.2685216854       -2.0289266530
LA         2.1553281679        0.4165833048        0.9058207114
LA        -1.1727850037        1.4691591190        1.4510820528
LA         2.1959445839       -0.5935345210       -0.6819358355
LA        -1.6944988740       -1.6606146387       -0.1025893276
LA         0.6240131399        1.9619889182        1.1835113271
LA        -0.6022424598        1.1011630906       -2.0159949989
LA        -0.4209171736       -1.9767875730        1.2468486617
LA        -1.0848422043       -0.7179578633       -1.9867424526
LA         1.6727278639       -1.4025376324        0.9350731697
LA        -1.7351151455       -0.6504963442        1.4851672689
LA         0.7119560618       -0.2251275048       -2.2543131436
LA        -0.6495685804        2.2781616908       -0.1659272520
LA         0.3169503661       -1.9904688835       -1.5377892400
LA         1.2255644323        2.1187958855       -0.6602388541
LA        -2.5302292229        0.0963351408       -0.1260131521
LA         0.9877141946       -0.2246623484        2.3240411503
LA        -0.0693383796       -0.5145928930        2.4814524165
LA        -2.2224221528        0.5722695662       -1.0772962065
LA         1.2494590280        1.5245455355       -1.5943125826
LA         1.0661957131       -2.1764725808       -0.7439176063
LA         0.2145745995        0.5555919664        2.4642432898
LA        -2.2463165197        1.1665199842       -0.1432223818
LA         1.9987044302        1.3385420254       -0.8004407433
LA         0.0091431487       -2.4664035000       -0.5865063286
LA         1.9419749416       -0.5091845564        0.3736167644
LA        -1.2413072405       -1.3823026212        0.8476561891
LA        -0.3863125836        1.8405271639        0.7958312044
LA        -0.3143550920        0.0509600129       -2.0171041011
LA        -0.6557909964       -0.9468674061        1.6531771149
LA         1.4613520255       -0.3661725082        1.3379021481
LA         1.5002156129       -1.3326985229       -0.1813341829
LA        -1.3057694792        1.4991064905        0.3275063558
LA         0.4134872466        1.9706681039        0.0714828010
LA         0.4613448030        0.7804596251       -1.7993493164
LA        -1.8744108244       -0.6443390133        0.3619744345
LA        -0.0004282586       -0.9601564630       -1.7713591904
LA        -1.2579119323        0.3088975551       -1.5433255903
LA        -0.0871496079        1.1965779893        1.6187093044
LA         1.9619888730        0.4079176649       -0.2093243891
LA        -0.6169274912       -1.9133934376        0.1339405656
LA         1.4453196075       -0.4069011433       -1.4594096122
LA        -1.3814213578       -1.1822265688       -1.0384646786
LA        -1.4453192631        0.4069015697        1.4594098039
LA        -0.6221901768        1.6796324737       -1.0844851427
LA         1.3814213534        1.1822263160        1.0384647598
LA         0.6221898803       -1.6796326191        1.0844848228
LA         0.4005903365       -0.6509243684        1.4911388841
LA         0.7449426945       -1.1443459997       -0.9711863877
LA        -1.5845214966        0.4258308289        0.3400443767
LA         1.1826596704        1.1848197648       -0.0720313253
LA         0.6823908785        0.4112986184        1.4740577994
LA         0.4389883814        1.3694396380       -0.8599969050
LA        -0.3667975013        0.1235249319        1.6302980097
LA        -1.5608048381       -0.1639986129       -0.5870801962
LA        -1.2790044259        0.8982244633       -0.6041614143
LA        -0.3042457863       -1.4321199330       -0.8149462356
LA         1.2063764780        0.5949905465       -0.9991558982
LA         0.4394254045       -1.6167398492       -0.0269807653
LA        -0.9149373138       -0.8887433853       -0.0993482034
LA         0.4242334244       -0.1318393519       -1.1997872572
LA        -0.3312187585        0.6305639750       -1.0627927294
LA        -0.9382851059       -0.3080882602        0.8133559340
LA        -0.6086359413       -0.4151373162       -1.0459772277
LA        -0.1828331460       -1.0704917825        0.6763612355
LA         1.1698132421       -0.3169331557       -0.4097994639
LA        -0.3549962987        1.2219070933       -0.1332887460
LA         1.1464653512        0.2637219047        0.5029046505
LA        -0.6557614648        0.7568609876        0.7962308655
LA         0.3771078925        1.0401587121        0.6424208519
LA         0.8690480072       -0.7819793582        0.5197201214
LA        -0.6328149693        0.1659236568       -0.1217473311
LA         0.1258844605       -0.5997570048       -0.2593308034
LA         0.1024362026       -0.0166059381        0.6572966436
LA         0.4044942401        0.4504392892       -0.2762185414
