          38
Energy of minimum      1=    -173.9284266     first found at step      364 after                54565 function calls
LA         1.6845447007        0.3466662122       -0.3208942781
LA         1.3699494808       -1.0351871549        0.3353612954
LA        -0.2464001750       -1.0643976362        1.3664500492
LA        -0.3843217503       -1.7060372322       -0.0507430043
LA        -0.9000257752       -0.4714897472       -1.4242514552
LA        -0.6235115019        0.8149139849        1.4170353713
LA         0.3843214788        1.7060374482        0.0507426960
LA         0.9000260332        0.4714896391        1.4242512691
LA        -1.3699499552        1.0351866627       -0.3353613220
LA         0.6235118571       -0.8149137987       -1.4170353932
LA         0.2464003547        1.0643975963       -1.3664498167
LA        -1.6845446082       -0.3466658954        0.3208946296
LA        -1.4582873327        0.6650797890        0.7013614438
LA        -1.5962084780        0.0234412797       -0.7158282278
LA        -0.0190398191       -0.0477225911        1.7487712450
LA         1.0771281498        1.2135064735       -0.6542458151
LA         0.0190400183        0.0477227492       -1.7487711939
LA        -0.4464061295        1.5569296324       -0.6614618918
LA        -0.2955541463       -1.3341268905       -1.0925170100
LA         0.4464056811       -1.5569299283        0.6614616626
LA         0.2955544073        1.3341269376        1.0925168215
LA         1.4582874893       -0.6650793921       -0.7013610920
LA        -1.0771279632       -1.2135062901        0.6542460140
LA         1.5962081471       -0.0234418481        0.7158280540
LA         0.5342150215       -1.1805948883       -0.3759488290
LA         0.9856363516        0.8380016408        0.3831471653
LA         0.6718023886       -0.5405078783        1.0378149405
LA         0.8480487155        0.1979145640       -1.0306164329
LA        -0.9856364328       -0.8380015513       -0.3831472328
LA        -0.8480485365       -0.1979144706        1.0306165744
LA        -0.5342149925        1.1805949078        0.3759486720
LA        -0.6718025695        0.5405076626       -1.0378148809
LA         0.7569308022       -0.1706216097        0.0035850080
LA         0.1562984859        0.6865384524       -0.3260438246
LA         0.0685227467        0.3187822534        0.7040960910
LA        -0.1562985248       -0.6865384251        0.3260438063
LA        -0.0685226900       -0.3187822458       -0.7040961167
LA        -0.7569309299        0.1706215882       -0.0035849921
