50.000000000000000     50.000000000000000     50.000000000000000
49.777767109094775     49.333108081077988     49.996988293749673
49.605906016236204     49.527668506864345     49.347461182557019
50.092774234651351     50.341296598911669     49.426254899736591
49.389530113026858     48.899997778484426     49.667704909934201
50.502304774296391     49.686870098202910     50.446213265198139
49.073145439780482     48.506574102981794     49.455123857407294
49.731299287652433     50.681204904254152     49.787391794590974
49.400657012716110     50.766484522554798     50.344306664402779
50.108731074597713     48.876124760625729     49.588886470269451
48.357954692905849     48.844023769921698     49.407542457130454
49.704956727476436     51.282959106071260     49.839236439949651
49.883636551391923     48.438105305844957     49.324226389547334
50.454607540874143     49.744441853711407     50.969340229738080
49.895348635490755     50.457880751758616     50.568437826627523
50.104430535426374     51.501209413508185     50.186573900425351
50.725337644933319     51.590237420870025     50.013524147056266
49.728255547648963     50.186191641566239     51.111809505509306
49.893702700313206     49.782187003093092     50.848627730815501
50.597448504866456     50.666617084132177     48.954588951327437
48.674220685564322     50.606094997943394     50.232151361170025
50.125086619055885     51.206109625121414     49.219928158402737
48.094908197674208     48.937412457222898     48.987826047501926
47.509392731828065     48.914541807981692     49.188700300743932
47.825078076755254     48.342967362111040     49.317425903197694
51.018707294507735     49.829660299435879     50.821189966026580
50.558432430636365     50.097918306512966     49.420971513959117
50.121779552873839     51.759471786321235     49.448113785094677
51.682595286387709     49.926369963561754     50.612432435332053
49.819105544989142     48.393382702439759     48.544604969058469
50.168549416332951     49.992118953342221     51.705519391441925
49.103311380432793     51.158481890433620     49.586563618310556
49.961487040119074     49.020533892867171     50.384977016689099
51.209056947247568     51.975480271373250     49.890302835371557
49.049561403720340     48.721884990113551     48.865294775271671
50.830847787081495     51.208270335710814     49.456758139439884
50.598592288450526     49.255168713579764     50.740752655888826
50.189450413815798     50.828161200856186     51.174118022380370
