          38
Energy of minimum      1=    -173.9284266     first found at step      533 after                87769 function calls
LA         0.2447285125       -1.5845699410        0.7000623046
LA        -1.1713093539       -0.9521303820        0.8844902960
LA        -0.2395258371       -0.0309993703       -1.7327745052
LA        -1.1847542718        0.9649903451        0.8520517228
LA        -1.6542188275        0.3029693555       -0.4822972549
LA         1.1713088869        0.9521308901       -0.8844904419
LA        -0.7016903798       -1.2962678381       -0.9424229392
LA         0.7016904668        1.2962675101        0.9424234019
LA         1.1884047802       -1.2666136598        0.2102979638
LA         0.2395257351        0.0309991712        1.7327744130
LA         1.6542189583       -0.3029693181        0.4822966687
LA        -0.2447282662        1.5845698452       -0.7000621774
LA         0.2285581993        0.9373401784       -1.4594503251
LA         0.6980225577        1.5993607452       -0.1251024021
LA         1.6505688811       -0.0013457860       -0.5800529247
LA         1.1847543845       -0.9649900603       -0.8520515960
LA        -0.2374100018        0.9798528969        1.4298131495
LA        -1.6505690635        0.0013464114        0.5800524405
LA         1.1786264337        0.3474139802        1.2453849756
LA        -1.1786262400       -0.3474143612       -1.2453851059
LA        -1.1884045924        1.2666135803       -0.2102978916
LA        -0.6980225163       -1.5993605983        0.1251029337
LA         0.2374099441       -0.9798530166       -1.4298128808
LA        -0.2285584598       -0.9373402361        1.4594500045
LA         0.7099473932       -0.6163490038        0.9677892853
LA         0.2416183666       -1.2767686391       -0.3633317514
LA        -0.7026651167        0.0145606769        1.1517712815
LA        -1.1709941395       -0.6458590012       -0.1793498180
LA         0.7026649151       -0.0145605274       -1.1517713288
LA        -0.7099472333        0.6163488522       -0.9677892857
LA        -0.2416181741        1.2767684507        0.3633319100
LA         1.1709940232        0.6458590584        0.1793497739
LA         0.2296149229        0.6286168211       -0.3926661458
LA        -0.2296149104       -0.6286168532        0.3926661709
LA        -0.7035226864        0.3142116093        0.0916284788
LA         0.2332416836        0.3289083968        0.6629377221
LA        -0.2332416814       -0.3289085457       -0.6629376374
LA         0.7035227073       -0.3142116368       -0.0916284850
