          98
Energy of minimum      1=    -543.6653608     first found at step     1499 after               292815 function calls
LA        -0.6000443413       -1.9084932394        1.6626235522
LA        -0.0697446210       -2.4698436038       -0.8134641197
LA        -2.3069217663       -0.8473084027        0.8525817561
LA         1.8258871408       -1.6839295479        0.7728088280
LA        -1.5007209600        0.1096026874       -2.1219188325
LA        -0.2793222774       -1.2886820116       -2.2423187277
LA        -1.1424451290        1.1484311499       -2.0353479734
LA        -1.2200957264        1.2470759234        1.9294775828
LA        -2.1576455277        1.3694227831       -0.4857601917
LA         0.4872566887        2.3010493998        1.1110660262
LA         0.8025834545       -1.0782811838       -2.2270799678
LA        -2.5159212584        0.3305942329       -0.5723308607
LA         2.2232862149        1.2522395286       -0.5055783662
LA        -1.0821435235       -2.2494618378        0.7318487975
LA         1.4996564502        2.0806672189       -0.4342461837
LA        -1.8248222420       -0.5063397225        1.7833562403
LA         1.4073098088        0.6751346053       -2.0809583849
LA         0.6836799827        1.5035622883       -2.0096263262
LA         2.4322856844        0.0743368603        0.9193341712
LA         1.8324796024        0.2049041672        1.8348698428
LA        -1.3439199840        1.9449358564        1.0852739341
LA         1.0121611195       -2.2594429096       -0.7982248738
LA         1.2260807808       -1.5533624991        1.6883444304
LA         0.6110809037        1.6031893029        1.9552695669
LA        -0.7499862782       -1.7894593579       -1.3692507758
LA        -0.8149770733       -0.8880633837        2.0461300812
LA         1.4027180433       -1.3708180296       -1.3389295819
LA        -1.9856708340       -0.3748198766       -1.2474424822
LA        -1.2727974378        1.6921720979       -1.0751895249
LA         2.2259613474       -0.7885732952        0.2504796648
LA        -1.7742266701       -1.5664998792        0.1941366904
LA         1.0325069427       -0.5287790517        2.0721520356
LA        -0.4495544509        2.2744165157        0.5142197046
LA         2.0145172479        0.4031063306       -1.1910989830
LA        -0.2031775126        0.8858608062        2.1939600961
LA         0.5746865650        2.0514568448       -1.0491670811
LA        -2.1070014452        1.2617312039        0.6291258488
LA        -0.1279017489        0.8309152594       -2.3917444196
LA         1.0076139527       -2.3039498610        0.3221018176
LA         0.4050547370       -2.1727833400        1.2418388137
LA         0.5990489644       -0.0013141389       -2.4634037981
LA         1.5872097406        1.2548995912        1.5274851334
LA        -1.9826091704        0.5606687606        1.4772038391
LA        -0.0792568250       -2.5153163284        0.3067924998
LA         1.4628175140        1.9559623908        0.6794074777
LA         2.1897681888        1.1237329515        0.6077479234
LA        -2.4669212468        0.2181353232        0.5421578993
LA        -0.4878217567       -0.2126806382       -2.4787125412
LA        -0.3699763263        1.9400552774       -0.5190647010
LA         1.8192140612       -0.5661789552       -0.7348650237
LA         0.0046267697       -0.1711741646        2.0348963168
LA        -1.4538647268       -1.2027023890       -0.7809667123
LA         1.4097464609       -1.4243585446       -0.2084039930
LA        -1.9494770282       -0.4941083337       -0.1225139486
LA        -0.2485632886        1.3827448825       -1.4442463116
LA         1.2074273467       -0.2841058815       -1.5877711539
LA        -0.9794609382        0.1919424885        1.7502652236
LA         0.2028973288       -1.1616481701        1.6337139320
LA        -0.7671186844       -1.8476987358       -0.2390655191
LA        -1.2286027526        1.5960826624        0.0516722567
LA         0.5391523089        1.9398621523        0.0765713327
LA         0.7882939988        0.5357219073        1.7751642045
LA        -0.9694377685       -0.7074459500       -1.6184325751
LA         1.9951428605        0.2730114657       -0.0669534701
LA         0.3244285858       -1.5707588563       -1.3460521564
LA        -1.2869170459       -1.2199964673        1.1134841893
LA        -1.6195628394        0.6547661394       -1.1544223495
LA         1.6195628309       -0.6547662349        1.1544221816
LA        -0.3244286571        1.5707587900        1.3460518710
LA         1.2869170377        1.2199963623       -1.1134837948
LA         0.3200900780       -1.6300443678       -0.2194726991
LA        -1.5829415855        0.5485889707       -0.0318806589
LA        -1.4594749172       -0.1472580586        0.8098877843
LA         0.1179197378       -0.4906299030       -1.5978258371
LA        -0.2779857733       -1.4998535159        0.6934220430
LA         0.8007990175       -1.2900596652        0.7086168843
LA         1.3857651713        0.4060625466        0.8499632993
LA         0.4751620945        0.5452019339       -1.5115046700
LA         0.6642228087        1.2321005641        0.9210895947
LA        -1.1022326351        0.8885737805        0.8962088701
LA        -0.6036226606        0.3354080800       -1.5266995433
LA         1.2622985647        1.1019096327        0.0081949990
LA        -0.7140304974        0.8803168178       -0.5933363502
LA         0.7196833359       -0.7610309877       -0.7346652937
LA         0.3479748399        1.0868474954       -0.5783778027
LA        -0.4687007538       -0.5023400273        1.0792680501
LA        -0.2407984655        1.2150134302        0.3203176725
LA         0.5933046210       -0.2958093316        1.0942265047
LA        -1.0721896359       -0.1581734559       -0.6798790033
LA        -0.9506434084       -0.8431973423        0.1487965657
LA        -0.3618700911       -0.9713632372       -0.7498990906
LA        -0.1170149155        0.5173804900        1.1642464351
LA         1.0713691001        0.2586894900       -0.6496866688
LA         1.1929153482       -0.4263343330        0.1789888476
LA         0.4737585294        0.3919143296        0.2544870355
LA        -0.0015077160        0.0557789657       -0.6630944716
LA        -0.5928119721        0.1844958357        0.2394642237
LA         0.1205609781       -0.6321895239        0.1691432227
