197 -168.648207 -13.2908 0.000368204 1
586 -169.066250 -1.5253 0.000327817 3
592 -167.881384 -6.68643 0.000209654 3
361 -169.024154 -4.03856 0.000238972 2
316 -168.416721 -7.68815 0.00032752 2
328 -166.826539 -5.78426 0.000335136 2
467 -168.892176 -6.7169 0.000249426 3
1033 -168.019819 -11.8388 0.000207301 8
836 -169.234158 -2.36705 0.000268108 5
531 -167.220924 -1.36208 0.000236168 3
470 -168.432980 -5.07134 0.000338349 2
167 -167.755207 -11.6802 0.000956388 0
255 -168.114499 -4.88617 0.000256241 1
2658 -171.045526 -3.04977 0.000346214 19
213 -169.690447 -8.72016 0.000294037 1
585 -165.728964 -8.89593 0.000306739 4
572 -167.807994 -5.62756 0.000451757 3
94 -169.525822 -14.3025 0.000285892 0
447 -168.946997 -2.48972 0.000312027 2
687 -168.781410 -3.16442 0.000247572 3
605 -168.029116 -4.98995 0.000278239 3
353 -167.152395 -9.35282 0.000281739 2
225 -169.811894 -5.42052 0.000334205 1
248 -168.079749 -6.55615 0.000289037 1
230 -167.921470 -5.0365 0.000323404 1
524 -168.834707 -6.10136 0.000336769 2
395 -166.378517 -8.74109 0.000399696 2
184 -169.633010 -14.2777 0.000244485 1
679 -168.582110 -7.26951 0.000315189 4
282 -167.352281 -6.19842 0.000935892 1
2838 -168.444517 -2.83604 0.000444769 16
255 -169.118207 -5.78982 0.000292078 1
260 -167.444343 -4.48703 0.000601962 1
275 -168.859740 -7.02137 0.000271241 1
1238 -170.647389 -8.19367 0.000387322 10
1186 -168.903396 -1.04824 0.000350867 8
195 -168.634035 -10.2861 0.00032261 1
389 -167.155124 -5.83281 0.000244483 2
221 -169.955369 -4.65201 0.000262046 1
242 -168.383676 -5.20912 0.000298684 1
632 -167.229593 -5.87483 0.000290852 4
123 -170.230495 -2.81165 0.000283428 0
1986 -169.092948 -3.73421 0.000340958 14
728 -169.579788 -3.93574 0.000323612 5
367 -168.925387 -1.67527 0.000194912 1
750 -168.141486 -6.13055 0.00032385 5
240 -168.334480 -11.1659 0.000577051 1
1171 -169.104703 -0.950241 0.000828907 7
1807 -167.760871 -9.42256 0.000659859 10
289 -168.239636 -7.69855 0.000326684 1
445 -168.383332 -4.082 0.000268948 2
2051 -169.897783 -7.4195 0.000376122 17
220 -169.651532 -7.97711 0.000230846 1
269 -169.237720 -2.12822 0.000208347 1
438 -167.085515 -8.30094 0.000347479 2
440 -168.383649 -9.54069 0.000275964 2
189 -169.012557 -6.62726 0.000345402 1
448 -167.378719 -6.96947 0.000335818 3
367 -167.725582 -5.14242 0.000289612 2
9002 -167.771939 -2.53961 0.000323505 46
439 -170.320111 -2.20518 0.000443223 2
5480 -168.045328 -3.5334 0.000284318 31
238 -167.731991 -8.34094 0.000313297 1
240 -169.224552 -6.04897 0.000269417 1
795 -169.282278 -2.65282 0.00065567 4
461 -167.694575 -9.1951 0.000283765 2
126 -169.850641 -4.774 0.000606244 0
704 -167.167957 -1.27739 0.00033696 3
303 -168.650975 -10.413 0.000340411 2
169 -169.006132 -12.5254 0.000236662 1
217 -169.986995 -7.32618 0.000237538 1
231 -165.913820 -14.6062 0.000353618 1
290 -170.682523 -1.93839 0.000598393 1
535 -167.518019 -9.28093 0.000266324 3
276 -167.719892 -8.73874 0.00048261 1
203 -168.336243 -4.67439 0.000288205 1
454 -168.020337 -7.3804 0.000236607 3
651 -167.577773 -5.29079 0.000245855 4
2845 -170.174486 -1.81858 0.000292073 21
113 -170.234031 -2.75458 0.000349774 0
509 -169.785758 -6.21408 0.000325224 4
199 -169.468443 -11.3308 0.00039784 1
122 -169.354388 -6.44486 0.000324362 0
210 -168.301132 -11.0931 0.000344791 1
231 -166.511087 -6.2201 0.000236735 1
1083 -170.174486 -1.7194 0.000341343 8
210 -167.462086 -13.6011 0.000255279 1
265 -167.253003 -8.88965 0.00029204 1
386 -168.955500 -3.32266 0.000344569 2
189 -168.856491 -10.2319 0.000122766 1
331 -168.394416 -5.66991 0.000226963 2
141 -169.280525 -12.3477 0.000393355 0
1048 -169.111878 -3.3564 0.000343869 7
530 -168.215646 -5.06302 0.000290784 3
301 -168.488763 -9.77346 0.000264262 2
401 -167.227002 -8.97364 0.000265571 2
106 -170.825623 -4.49068 0.000256809 0
507 -168.244256 -15.2487 0.000281262 3
370 -170.535058 -4.0558 0.000342993 2
285 -170.860287 -6.73766 0.000306037 1
584 -168.899171 -5.38526 0.000263122 3
1022 -168.093627 -5.42933 0.000243571 6
394 -168.513854 -3.6281 0.000341616 1
116 -169.921485 -12.269 0.000308276 0
465 -168.342061 -8.96439 0.000284282 3
432 -166.528165 -9.57054 0.00027094 2
994 -169.365563 -2.6744 0.00020974 6
218 -170.226193 -5.14184 0.000305179 1
864 -167.772998 -2.91454 0.000807409 5
148 -171.462971 -0.781521 0.000160968 0
2036 -170.119308 -3.42049 0.000242048 15
177 -168.832965 -3.33988 0.000819929 0
375 -167.829549 -4.58557 0.000367682 1
296 -164.507852 -11.7089 0.000290514 2
923 -168.551646 -2.25081 0.000331466 7
723 -168.982881 -4.75438 0.000220223 4
903 -167.853008 -1.17236 0.000463118 5
400 -168.089045 -4.11678 0.000630701 1
255 -168.381374 -3.80633 0.000750989 1
145 -168.059966 -7.33908 0.000533267 0
618 -170.020009 -2.02682 0.000307849 3
12732 -170.156916 -5.46901 0.000311891 82
224 -165.644470 -5.58888 0.000398863 1
331 -169.502717 -4.67406 0.000227284 1
298 -168.318261 -7.17941 0.000299889 1
91 -169.820714 -23.7962 0.000517513 0
506 -167.381448 -2.62569 0.000340862 3
133 -170.869107 -1.84808 0.000954717 0
510 -168.494941 -8.89853 0.000223844 3
382 -167.606617 -10.5413 0.000353995 2
779 -168.338538 -7.64195 0.00035408 5
412 -168.673308 -10.9299 0.000304276 2
390 -168.796272 -5.62852 0.000227292 2
301 -169.986480 -14.3621 0.000272819 2
430 -167.841464 -1.06532 0.000339977 2
250 -168.467689 -3.87301 0.00033807 1
1090 -168.099146 -3.95966 0.000253186 7
1338 -167.051237 -3.91106 0.000559201 7
252 -168.701881 -3.96887 0.000292266 1
2180 -168.339443 -4.38204 0.000341919 15
598 -167.324723 -11.9973 0.000279198 4
655 -168.229247 -4.33508 0.000272241 3
382 -168.520223 -8.17938 0.000305226 2
240 -168.617069 -8.63143 0.000438963 1
886 -168.874431 -2.19294 0.000260106 5
651 -168.431165 -9.08728 0.000342554 5
460 -167.063077 -9.31846 0.000259174 2
2492 -167.068088 -2.09631 0.000234841 18
387 -167.495328 -2.36113 0.000308583 2
483 -167.701739 -4.12356 0.0002705 3
229 -169.947816 -4.11576 0.000293074 1
234 -169.995097 -1.2642 0.000269491 1
153 -169.015460 -18.6015 0.000199423 1
788 -170.823320 -6.08244 0.000209948 6
408 -167.244334 -8.55764 0.000388713 2
1614 -168.349072 -4.52344 0.000305191 9
313 -168.119386 -14.763 0.000199038 2
724 -169.823743 -5.42634 0.000737614 5
1079 -170.066378 -9.12817 0.000336677 8
315 -169.204741 -4.34426 0.000379439 1
201 -168.264271 -8.04096 0.000572493 1
205 -168.974149 -4.82166 0.000297653 1
399 -168.292251 -2.18654 0.000326744 2
272 -170.182052 -2.67276 0.000226897 1
129 -168.419730 -5.50229 0.000797712 0
555 -168.075951 -6.23413 0.000952166 3
822 -167.910513 -8.90993 0.000342265 5
302 -168.447185 -3.57704 0.000351424 1
369 -167.698359 -7.12149 0.000238245 2
110 -169.906410 -7.2856 0.000316636 0
193 -169.770534 -4.31882 0.000261552 1
375 -166.280277 -7.48603 0.000251411 2
302 -168.650975 -10.4089 0.000297808 2
307 -168.239367 -6.3858 0.000469359 2
206 -168.897654 -8.57344 0.000213427 1
1423 -167.537943 -4.55612 0.000198276 11
296 -167.257909 -10.1595 0.000313454 1
173 -169.444035 -7.71185 0.000967314 0
616 -168.301623 -5.78041 0.000320453 3
490 -167.921792 -3.53807 0.000297074 3
155 -169.712609 2.21345 7.83379e-05 0
401 -168.143590 -3.95002 0.000294064 2
239 -166.937034 -7.94467 0.000915893 1
545 -168.910512 -5.06556 0.000511478 3
171 -169.392445 -6.66399 0.000430392 1
109 -169.941621 -7.7735 0.000616722 0
287 -167.698894 -3.60923 0.000498739 1
306 -167.939508 -6.01826 0.000213625 1
189 -169.769929 -4.1701 0.000315583 1
151 -170.676629 -13.056 0.000262371 1
144 -168.926569 -16.6205 0.000196748 1
245 -167.998169 -9.24064 0.000315907 1
518 -164.725123 -10.5264 0.000296574 4
820 -167.436339 -3.31284 0.000369376 4
1040 -169.011223 -4.76562 0.000327174 5
913 -168.570680 -6.24302 0.000241467 7
246 -162.958783 -14.5411 0.000247528 2
5217 -169.209453 -8.08878 0.000313151 28
672 -168.777933 -3.62596 0.000307643 5
282 -167.725297 -4.30893 0.000345642 1
